1607665565077 0.4739919602870941 0
1607665565215 0.46466362476348877 1
1607665565350 0.45681387186050415 2
1607665565491 0.4524569511413574 3
1607665565633 0.4463469386100769 4
1607665565766 0.44238606095314026 5
1607665565900 0.44031721353530884 6
1607665566029 0.4390711784362793 7
1607665566156 0.4384671449661255 8
1607665566289 0.4381239116191864 9
1607665566425 0.43716001510620117 10
1607665566558 0.435513973236084 11
1607665566694 0.4350990951061249 12
1607665566825 0.43498551845550537 13
1607665566956 0.4345916509628296 14
1607665567087 0.43297091126441956 15
1607665567218 0.43149957060813904 16
1607665567347 0.4308995306491852 17
1607665567486 0.43090349435806274 18
1607665567619 0.43122756481170654 19
1607665567758 0.42977938055992126 20
1607665567898 0.42854130268096924 21
1607665568026 0.4281854033470154 22
1607665568156 0.42737486958503723 23
1607665568291 0.4261960983276367 24
1607665568427 0.42523980140686035 25
1607665568564 0.42391782999038696 26
1607665568700 0.4227094054222107 27
1607665568836 0.4217386543750763 28
1607665568972 0.4212818145751953 29
1607665569111 0.42093387246131897 30
1607665569246 0.42057979106903076 31
1607665569387 0.4196469783782959 32
1607665569517 0.41854166984558105 33
1607665569650 0.4177539050579071 34
1607665569788 0.4175325632095337 35
1607665569933 0.4174945652484894 36
1607665570069 0.4170055687427521 37
1607665570198 0.4158434569835663 38
1607665570325 0.4135948419570923 39
1607665570454 0.4119231104850769 40
1607665570584 0.4110828936100006 41
1607665570714 0.41087204217910767 42
1607665570842 0.4115031957626343 43
1607665570972 0.4118967056274414 44
1607665571111 0.4107595384120941 45
1607665571252 0.4094119071960449 46
1607665571393 0.40790435671806335 47
1607665571526 0.40644747018814087 48
1607665571667 0.4050557017326355 49
1607665571803 0.40435653924942017 50
1607665571936 0.40472474694252014 51
1607665572076 0.405431866645813 52
1607665572208 0.4056061804294586 53
1607665572353 0.4053175747394562 54
1607665572489 0.4037279486656189 55
1607665572630 0.40194445848464966 56
1607665572758 0.4012771248817444 57
1607665572902 0.40125182271003723 58
1607665573032 0.4013693630695343 59
1607665573170 0.40210357308387756 60
1607665573322 0.4007667899131775 61
1607665573470 0.39882558584213257 62
1607665573610 0.3971751928329468 63
1607665573746 0.3962825536727905 64
1607665573883 0.39693936705589294 65
1607665574018 0.3982483446598053 66
1607665574148 0.39852356910705566 67
1607665574277 0.3966901898384094 68
1607665574410 0.39428800344467163 69
1607665574539 0.3932861387729645 70
1607665574664 0.39299750328063965 71
1607665574798 0.3928837478160858 72
1607665575063 0.3925383388996124 73
1607665575208 0.39220955967903137 74
1607665575341 0.3917466104030609 75
1607665575484 0.3903842866420746 76
1607665575619 0.3890646696090698 77
1607665575760 0.38904333114624023 78
1607665575896 0.3888095021247864 79
1607665576038 0.3886830806732178 80
1607665576181 0.38943883776664734 81
1607665576328 0.39011844992637634 82
1607665576457 0.3912132978439331 83
1607665576582 0.39080241322517395 84
1607665576720 0.38881945610046387 85
1607665576854 0.38659197092056274 86
1607665576989 0.38520923256874084 87
1607665577119 0.38433122634887695 88
1607665577261 0.3839145600795746 89
1607665577401 0.3840509355068207 90
1607665577531 0.38451677560806274 91
1607665577668 0.3858127295970917 92
1607665577805 0.3861056864261627 93
1607665577939 0.385810911655426 94
1607665578070 0.3853011131286621 95
1607665578205 0.3839245140552521 96
1607665578364 0.3824654519557953 97
1607665578507 0.38249096274375916 98
1607665578646 0.3820885717868805 99
1607665578780 0.38295212388038635 100
1607665578918 0.3833431005477905 101
1607665579075 0.3841516673564911 102
1607665579220 0.3839662969112396 103
1607665579357 0.38312608003616333 104
1607665579498 0.3809642791748047 105
1607665579650 0.3797052204608917 106
1607665579788 0.3792867362499237 107
1607665579939 0.3785915672779083 108
1607665580081 0.3795475363731384 109
1607665580223 0.38032209873199463 110
1607665580366 0.38000398874282837 111
1607665580506 0.38106951117515564 112
1607665580658 0.3808123469352722 113
1607665580802 0.3812711536884308 114
1607665580937 0.3803682029247284 115
1607665581080 0.3794522285461426 116
1607665581229 0.3784485459327698 117
1607665581384 0.3774356245994568 118
1607665581524 0.37698331475257874 119
1607665581656 0.3761937618255615 120
1607665581801 0.37586334347724915 121
1607665581936 0.3757895827293396 122
1607665582071 0.3759622871875763 123
1607665582206 0.37589898705482483 124
1607665582342 0.37652236223220825 125
1607665582479 0.37678709626197815 126
1607665582610 0.37742549180984497 127
1607665582751 0.37690916657447815 128
1607665582884 0.37687790393829346 129
1607665583021 0.37625688314437866 130
1607665583152 0.37653446197509766 131
1607665583297 0.3761664628982544 132
1607665583426 0.3758944571018219 133
1607665583558 0.37557274103164673 134
1607665583684 0.37526294589042664 135
1607665583814 0.3744695782661438 136
1607665583942 0.37424224615097046 137
1607665584072 0.37381690740585327 138
1607665584203 0.37365269660949707 139
1607665584338 0.37366318702697754 140
1607665584470 0.37375813722610474 141
1607665584608 0.3739263117313385 142
1607665584740 0.3738107681274414 143
1607665584870 0.3733431100845337 144
1607665585004 0.3742339313030243 145
1607665585134 0.3732629716396332 146
1607665585264 0.3729497492313385 147
1607665585406 0.3721053898334503 148
1607665585532 0.37213921546936035 149
1607665585671 0.3724423050880432 150
1607665585807 0.37270307540893555 151
1607665585962 0.37308448553085327 152
1607665586097 0.3732125163078308 153
1607665586225 0.3737621307373047 154
1607665586354 0.37325483560562134 155
1607665586510 0.37294524908065796 156
1607665586645 0.3723495304584503 157
1607665586778 0.3717896342277527 158
1607665586913 0.3714127540588379 159
1607665587042 0.3715771436691284 160
1607665587193 0.37096425890922546 161
1607665587328 0.37107405066490173 162
1607665587455 0.37100857496261597 163
1607665587583 0.37159594893455505 164
1607665587720 0.3719770014286041 165
1607665587861 0.3722146153450012 166
1607665588009 0.37221500277519226 167
1607665588150 0.3722146153450012 168
1607665588283 0.3723750412464142 169
1607665588416 0.3720587491989136 170
1607665588545 0.3723095655441284 171
1607665588694 0.3707725703716278 172
1607665588837 0.37062138319015503 173
1607665588981 0.37010326981544495 174
1607665589128 0.37014755606651306 175
1607665589276 0.3698929250240326 176
1607665589447 0.36908021569252014 177
1607665589602 0.3697730302810669 178
1607665589755 0.3695034086704254 179
1607665589909 0.36937084794044495 180
1607665590066 0.36972275376319885 181
1607665590245 0.3696102797985077 182
1607665590390 0.3680363893508911 183
1607665590526 0.3667457103729248 184
1607665590671 0.3666744530200958 185
1607665590827 0.3662174344062805 186
1607665590966 0.3663206994533539 187
1607665591105 0.3661986291408539 188
1607665591242 0.3665270507335663 189
1607665591399 0.3670175075531006 190
1607665591540 0.3679080009460449 191
1607665591686 0.36818161606788635 192
1607665591838 0.3690299391746521 193
1607665591986 0.36924877762794495 194
1607665592137 0.36965927481651306 195
1607665592308 0.3696233034133911 196
1607665592447 0.3693898320198059 197
1607665592584 0.36948639154434204 198
1607665592721 0.3693247139453888 199
1607665592848 0.36924007534980774 200
1607665592976 0.3687666356563568 201
1607665593106 0.3678848445415497 202
1607665593244 0.3674909472465515 203
1607665593414 0.3665628731250763 204
1607665593547 0.36652687191963196 205
1607665593682 0.36671873927116394 206
1607665593813 0.3667120635509491 207
1607665593950 0.36762604117393494 208
1607665594086 0.366996169090271 209
1607665594217 0.36758390069007874 210
1607665594345 0.36768680810928345 211
1607665594475 0.3680132329463959 212
1607665594609 0.3678615093231201 213
1607665594741 0.3675564229488373 214
1607665594868 0.3676278591156006 215
1607665594999 0.3672386705875397 216
1607665595131 0.36698150634765625 217
1607665595261 0.365950345993042 218
1607665595390 0.3652302026748657 219
1607665595522 0.3648831844329834 220
1607665595649 0.3646746575832367 221
1607665595786 0.36481770873069763 222
1607665595917 0.36532315611839294 223
1607665596058 0.36575230956077576 224
1607665596194 0.3662765920162201 225
1607665596322 0.3666720986366272 226
1607665596454 0.36696091294288635 227
1607665596584 0.3670697808265686 228
1607665596725 0.36738190054893494 229
1607665596857 0.3669205605983734 230
1607665596996 0.36677753925323486 231
1607665597143 0.36651891469955444 232
1607665597273 0.3663310110569 233
1607665597402 0.36648526787757874 234
1607665597536 0.3662678897380829 235
1607665597670 0.3657631576061249 236
1607665597799 0.36533546447753906 237
1607665597935 0.36462637782096863 238
1607665598065 0.3648703396320343 239
1607665598201 0.3649589419364929 240
1607665598354 0.36468079686164856 241
1607665598491 0.36466002464294434 242
1607665598627 0.36428511142730713 243
1607665598763 0.3645610809326172 244
1607665598896 0.3648683428764343 245
1607665599054 0.364763081073761 246
1607665599193 0.36486634612083435 247
1607665599322 0.3645167946815491 248
1607665599459 0.3649211525917053 249
1607665599587 0.36449363827705383 250
1607665599716 0.36428332328796387 251
1607665599869 0.36383679509162903 252
1607665600006 0.3641171157360077 253
1607665600135 0.36385777592658997 254
1607665600267 0.3639906942844391 255
1607665600400 0.36386844515800476 256
1607665600547 0.3646348714828491 257
1607665600692 0.3651546239852905 258
1607665600825 0.3652978539466858 259
1607665600962 0.3657548427581787 260
1607665601099 0.36554795503616333 261
1607665601253 0.3656097948551178 262
1607665601394 0.36459654569625854 263
1607665601524 0.36438676714897156 264
1607665601655 0.3630264401435852 265
1607665601791 0.36282461881637573 266
1607665601951 0.3622603714466095 267
1607665602092 0.36236345767974854 268
1607665602227 0.36253833770751953 269
1607665602360 0.36312752962112427 270
1607665602495 0.3644898235797882 271
1607665602635 0.36526602506637573 272
1607665602783 0.36635705828666687 273
1607665602927 0.3657647967338562 274
1607665603086 0.36599084734916687 275
1607665603233 0.3647482693195343 276
1607665603372 0.36417174339294434 277
1607665603512 0.3627466857433319 278
1607665603656 0.3621634542942047 279
1607665603810 0.36208784580230713 280
1607665603942 0.3616393506526947 281
1607665604080 0.3618500530719757 282
1607665604216 0.36231717467308044 283
1607665604344 0.3630014955997467 284
1607665604484 0.36335504055023193 285
1607665604618 0.3640138506889343 286
1607665604746 0.364674836397171 287
1607665604879 0.3646790087223053 288
1607665605010 0.36408329010009766 289
1607665605141 0.36326244473457336 290
1607665605268 0.36269819736480713 291
1607665605402 0.361799418926239 292
1607665605537 0.36170899868011475 293
1607665605676 0.3613574206829071 294
1607665605808 0.36150264739990234 295
1607665605938 0.3617364764213562 296
1607665606069 0.3620561957359314 297
1607665606204 0.36241427063941956 298
1607665606345 0.36314669251441956 299
1607665606481 0.3634563088417053 300
1607665606616 0.3638096749782562 301
1607665606746 0.3637194335460663 302
1607665606886 0.36338669061660767 303
1607665607019 0.36302047967910767 304
1607665607152 0.3626710772514343 305
1607665607284 0.3622245788574219 306
1607665607420 0.3618648648262024 307
1607665607556 0.3612058758735657 308
1607665607690 0.36123335361480713 309
1607665607821 0.36127331852912903 310
1607665607950 0.36142903566360474 311
1607665608095 0.3618670403957367 312
1607665608229 0.36228153109550476 313
1607665608363 0.36242493987083435 314
1607665608497 0.36270037293434143 315
1607665608629 0.36255553364753723 316
1607665608765 0.36274033784866333 317
1607665608895 0.3621428310871124 318
1607665609034 0.36154261231422424 319
1607665609164 0.3609767556190491 320
1607665609298 0.3606249988079071 321
1607665609432 0.3604966104030609 322
1607665609568 0.35999566316604614 323
1607665609700 0.35953250527381897 324
1607665609833 0.35959380865097046 325
1607665609965 0.3594713807106018 326
1607665610101 0.36012008786201477 327
1607665610230 0.36024829745292664 328
1607665610361 0.3605092465877533 329
1607665610523 0.360978901386261 330
1607665610660 0.3611174523830414 331
1607665610790 0.3621326982975006 332
1607665610921 0.3620603680610657 333
1607665611063 0.3620060980319977 334
1607665611196 0.3614543676376343 335
1607665611343 0.3609282672405243 336
1607665611482 0.36021050810813904 337
1607665611615 0.3598167896270752 338
1607665611753 0.3595285415649414 339
1607665611887 0.35987377166748047 340
1607665612042 0.35995152592658997 341
1607665612181 0.36013275384902954 342
1607665612312 0.36045682430267334 343
1607665612443 0.3608989715576172 344
1607665612575 0.36147135496139526 345
1607665612705 0.3613557815551758 346
1607665612857 0.36139973998069763 347
1607665613002 0.3614715337753296 348
1607665613140 0.3611219525337219 349
1607665613275 0.36099573969841003 350
1607665613404 0.36012423038482666 351
1607665613551 0.3598063290119171 352
1607665613686 0.35914134979248047 353
1607665613817 0.3592885434627533 354
1607665613943 0.3590529263019562 355
1607665614072 0.35925906896591187 356
1607665614228 0.35936450958251953 357
1607665614362 0.35999584197998047 358
1607665614497 0.3602718114852905 359
1607665614627 0.36071380972862244 360
1607665614766 0.3606778085231781 361
1607665614921 0.3610253930091858 362
1607665615064 0.3610568642616272 363
1607665615203 0.36083531379699707 364
1607665615337 0.35843387246131897 365
1607665615482 0.35808882117271423 366
1607665615629 0.358048677444458 367
1607665615772 0.35861924290657043 368
1607665615917 0.3586234152317047 369
1607665616069 0.359130859375 370
1607665616210 0.35928022861480713 371
1607665616342 0.36001917719841003 372
1607665616479 0.3603157699108124 373
1607665616607 0.36057907342910767 374
1607665616744 0.36007794737815857 375
1607665616875 0.3601665496826172 376
1607665617009 0.36025264859199524 377
1607665617140 0.35993924736976624 378
1607665617278 0.36034759879112244 379
1607665617422 0.3599916696548462 380
1607665617554 0.36051812767982483 381
1607665617687 0.3601495623588562 382
1607665617814 0.3604886531829834 383
1607665617951 0.36053475737571716 384
1607665618083 0.36057907342910767 385
1607665618214 0.3604316711425781 386
1607665618345 0.3601054251194 387
1607665618472 0.3598612844944 388
1607665618610 0.35971173644065857 389
1607665618742 0.35968658328056335 390
1607665618872 0.3590507507324219 391
1607665619004 0.35903194546699524 392
1607665619139 0.35852882266044617 393
1607665619271 0.3586362600326538 394
1607665619404 0.3582656979560852 395
1607665619538 0.35834363102912903 396
1607665619677 0.35820674896240234 397
1607665619808 0.35858795046806335 398
1607665619945 0.3583792746067047 399
1607665620078 0.35921332240104675 400
1607665620207 0.3595791757106781 401
1607665620350 0.3600573241710663 402
1607665620478 0.3604801297187805 403
1607665620612 0.36022135615348816 404
1607665620744 0.35984447598457336 405
1607665620876 0.35932672023773193 406
1607665621009 0.35891836881637573 407
1607665621142 0.3587246835231781 408
1607665621273 0.35838162899017334 409
1607665621404 0.35788050293922424 410
1607665621539 0.35792282223701477 411
1607665621674 0.35772696137428284 412
1607665621813 0.35767433047294617 413
1607665621948 0.3577459454536438 414
1607665622080 0.35755839943885803 415
1607665622215 0.3578808605670929 416
1607665622349 0.3576973080635071 417
1607665622484 0.3582029342651367 418
1607665622634 0.3586340844631195 419
1607665622772 0.3588868975639343 420
1607665622907 0.3585563004016876 421
1607665623041 0.3585311770439148 422
1607665623194 0.3588995635509491 423
1607665623333 0.3584447205066681 424
1607665623470 0.35789966583251953 425
1607665623602 0.3575439453125 426
1607665623737 0.3575797379016876 427
1607665623889 0.3572576642036438 428
1607665624039 0.3570050299167633 429
1607665624172 0.35731878876686096 430
1607665624316 0.3571290969848633 431
1607665624447 0.3576367199420929 432
1607665624576 0.35701966285705566 433
1607665624708 0.3579502999782562 434
1607665624838 0.3573312759399414 435
1607665624974 0.3577144742012024 436
1607665625106 0.3574555218219757 437
1607665625259 0.3576661944389343 438
1607665625396 0.35759222507476807 439
1607665625531 0.3578493893146515 440
1607665625664 0.35784289240837097 441
1607665625794 0.3580806851387024 442
1607665625934 0.35917335748672485 443
1607665626066 0.35855215787887573 444
1607665626195 0.3586975634098053 445
1607665626326 0.3584870398044586 446
1607665626479 0.35839229822158813 447
1607665626629 0.359026163816452 448
1607665626758 0.35842791199684143 449
1607665626896 0.3585062325000763 450
1607665627046 0.3577839136123657 451
1607665627190 0.3582935333251953 452
1607665627333 0.3578871786594391 453
1607665627464 0.3579186499118805 454
1607665627616 0.3574198782444 455
1607665627769 0.3575524389743805 456
1607665627907 0.35769784450531006 457
1607665628066 0.357805073261261 458
1607665628220 0.3579944372177124 459
1607665628371 0.35802626609802246 460
1607665628516 0.35811251401901245 461
1607665628671 0.3583734929561615 462
1607665628802 0.3577166497707367 463
1607665628933 0.35741356015205383 464
1607665629071 0.3568938076496124 465
1607665629205 0.3568136990070343 466
1607665629340 0.35676324367523193 467
1607665629476 0.3567042946815491 468
1607665629607 0.3567379117012024 469
1607665629741 0.3570558428764343 470
1607665629874 0.35719889402389526 471
1607665629999 0.3571062982082367 472
1607665630128 0.35711461305618286 473
1607665630262 0.35705801844596863 474
1607665630393 0.35690826177597046 475
1607665630526 0.35722440481185913 476
1607665630656 0.35669559240341187 477
1607665630788 0.3571634590625763 478
1607665630922 0.35633572936058044 479
1607665631056 0.35680338740348816 480
1607665631187 0.3563610315322876 481
1607665631317 0.3562518060207367 482
1607665631457 0.35590440034866333 483
1607665631586 0.356131911277771 484
1607665631718 0.3562411367893219 485
1607665631855 0.35661187767982483 486
1607665631985 0.35643264651298523 487
1607665632118 0.35681822896003723 488
1607665632249 0.3575611114501953 489
1607665632379 0.3574432134628296 490
1607665632508 0.3577294945716858 491
1607665632649 0.3572327196598053 492
1607665632779 0.35738426446914673 493
1607665632916 0.356864333152771 494
1607665633047 0.3566579818725586 495
1607665633178 0.356498122215271 496
1607665633309 0.35606229305267334 497
1607665633443 0.35598668456077576 498
1607665633573 0.35570022463798523 499
1607665633707 0.35578668117523193 500
1607665633846 0.35585829615592957 501
1607665633981 0.3559233844280243 502
1607665634113 0.3558436334133148 503
1607665634249 0.35611292719841003 504
1607665634381 0.35616573691368103 505
1607665634520 0.35635924339294434 506
1607665634654 0.3564096987247467 507
1607665634810 0.35615506768226624 508
1607665634951 0.3558307886123657 509
1607665635092 0.35555320978164673 510
1607665635222 0.35525190830230713 511
1607665635355 0.3557342290878296 512
1607665635508 0.35541611909866333 513
1607665635653 0.3559720516204834 514
1607665635788 0.3559319078922272 515
1607665635926 0.3569214642047882 516
1607665636080 0.35758209228515625 517
1607665636220 0.3582685887813568 518
1607665636357 0.3578895330429077 519
1607665636490 0.3581336736679077 520
1607665636651 0.35771286487579346 521
1607665636795 0.3568706512451172 522
1607665636928 0.35624784231185913 523
1607665637064 0.35564759373664856 524
1607665637194 0.3553658425807953 525
1607665637345 0.35475513339042664 526
1607665637483 0.3551575243473053 527
1607665637620 0.35523727536201477 528
1607665637929 0.3562963008880615 529
1607665638087 0.3567802309989929 530
1607665638226 0.35706019401550293 531
1607665638357 0.3571234941482544 532
1607665638487 0.3569212853908539 533
1607665638621 0.35653194785118103 534
1607665638772 0.35607078671455383 535
1607665638908 0.355643630027771 536
1607665639043 0.35492151975631714 537
1607665639179 0.3549027144908905 538
1607665639332 0.35471317172050476 539
1607665639478 0.35480794310569763 540
1607665639636 0.3547847867012024 541
1607665639800 0.35470685362815857 542
1607665639940 0.3550775945186615 543
1607665640080 0.3552752435207367 544
1607665640230 0.3560689687728882 545
1607665640387 0.3557485044002533 546
1607665640550 0.35471534729003906 547
1607665640694 0.35463541746139526 548
1607665640848 0.3554438054561615 549
1607665640997 0.3556477725505829 550
1607665641135 0.35608580708503723 551
1607665641263 0.3555909991264343 552
1607665641397 0.35566478967666626 553
1607665641530 0.35553836822509766 554
1607665641661 0.35541215538978577 555
1607665641787 0.35471534729003906 556
1607665641918 0.35475748777389526 557
1607665642052 0.3546607494354248 558
1607665642178 0.35466906428337097 559
1607665642308 0.35488805174827576 560
1607665642453 0.35543981194496155 561
1607665642594 0.35562029480934143 562
1607665642739 0.35634711384773254 563
1607665642870 0.35584762692451477 564
1607665642997 0.3568102717399597 565
1607665643128 0.3567844033241272 566
1607665643264 0.35653409361839294 567
1607665643396 0.35533854365348816 568
1607665643520 0.3549911379814148 569
1607665643658 0.3548377752304077 570
1607665643797 0.3546164333820343 571
1607665643927 0.3546462655067444 572
1607665644059 0.35446488857269287 573
1607665644187 0.35452619194984436 574
1607665644316 0.35443341732025146 575
1607665644449 0.3543049991130829 576
1607665644581 0.3546251058578491 577
1607665644713 0.35435962677001953 578
1607665644849 0.3546019494533539 579
1607665644989 0.3542250692844391 580
1607665645117 0.35474303364753723 581
1607665645249 0.35493651032447815 582
1607665645380 0.35517868399620056 583
1607665645509 0.35567328333854675 584
1607665645643 0.35609012842178345 585
1607665645771 0.35666051506996155 586
1607665645906 0.3572603762149811 587
1607665646040 0.356481671333313 588
1607665646179 0.3561953902244568 589
1607665646309 0.3552839159965515 590
1607665646452 0.35452401638031006 591
1607665646580 0.3537326455116272 592
1607665646710 0.3532758355140686 593
1607665646841 0.35296422243118286 594
1607665646970 0.3529475927352905 595
1607665647108 0.3528694808483124 596
1607665647253 0.3532443642616272 597
1607665647384 0.3531642556190491 598
1607665647514 0.3537262976169586 599
1607665647670 0.3541558086872101 600
1607665647817 0.3544630706310272 601
1607665647954 0.3547954559326172 602
1607665648086 0.3553179204463959 603
1607665648214 0.3556479811668396 604
1607665648365 0.35664820671081543 605
1607665648508 0.35591942071914673 606
1607665648639 0.3553850054740906 607
1607665648770 0.3547978103160858 608
1607665648924 0.35453668236732483 609
1607665649056 0.35437047481536865 610
1607665649190 0.35454100370407104 611
1607665649329 0.3545030355453491 612
1607665649462 0.35474517941474915 613
1607665649614 0.3543851375579834 614
1607665649763 0.35491156578063965 615
1607665649898 0.3542986810207367 616
1607665650055 0.3541243374347687 617
1607665650204 0.3533494174480438 618
1607665650342 0.3533686101436615 619
1607665650478 0.35277488827705383 620
1607665650619 0.35256871581077576 621
1607665650760 0.35276657342910767 622
1607665650897 0.3532043993473053 623
1607665651055 0.3539116680622101 624
1607665651205 0.35458314418792725 625
1607665651349 0.3556378483772278 626
1607665651491 0.3567471504211426 627
1607665651638 0.3574269413948059 628
1607665651781 0.3571658134460449 629
1607665651937 0.355869323015213 630
1607665652073 0.35473036766052246 631
1607665652202 0.35392650961875916 632
1607665652346 0.35317057371139526 633
1607665652475 0.3524992763996124 634
1607665652605 0.3520171344280243 635
1607665652744 0.3521520495414734 636
1607665652880 0.3522086441516876 637
1607665653023 0.3528909981250763 638
1607665653169 0.35313475131988525 639
1607665653304 0.3544507622718811 640
1607665653442 0.35440826416015625 641
1607665653580 0.3553200960159302 642
1607665653715 0.354928195476532 643
1607665653851 0.355467289686203 644
1607665653986 0.35452401638031006 645
1607665654117 0.3546864092350006 646
1607665654247 0.3536590337753296 647
1607665654379 0.35392433404922485 648
1607665654512 0.35338541865348816 649
1607665654647 0.3532928228378296 650
1607665654787 0.35313495993614197 651
1607665654926 0.3532024025917053 652
1607665655056 0.35351797938346863 653
1607665655187 0.3540653884410858 654
1607665655321 0.35441479086875916 655
1607665655452 0.3549831807613373 656
1607665655579 0.35590729117393494 657
1607665655710 0.35650914907455444 658
1607665655842 0.3554103374481201 659
1607665655979 0.3547685146331787 660
1607665656116 0.3536653518676758 661
1607665656263 0.35364022850990295 662
1607665656410 0.35272660851478577 663
1607665656551 0.3527624011039734 664
1607665656687 0.35282352566719055 665
1607665656816 0.3530823290348053 666
1607665656945 0.3536803722381592 667
1607665657076 0.35379594564437866 668
1607665657213 0.3545263707637787 669
1607665657345 0.35488444566726685 670
1607665657478 0.35519132018089294 671
1607665657615 0.35551178455352783 672
1607665657751 0.3545912802219391 673
1607665657883 0.35468462109565735 674
1607665658016 0.3534400463104248 675
1607665658148 0.353130966424942 676
1607665658280 0.35190141201019287 677
1607665658417 0.35192689299583435 678
1607665658555 0.3513141870498657 679
1607665658685 0.35159215331077576 680
1607665658824 0.35171422362327576 681
1607665658962 0.3521605432033539 682
1607665659099 0.35266348719596863 683
1607665659233 0.35345107316970825 684
1607665659363 0.3538948595523834 685
1607665659494 0.35504665970802307 686
1607665659634 0.3548884093761444 687
1607665659767 0.35503798723220825 688
1607665659903 0.3543981611728668 689
1607665660037 0.35434749722480774 690
1607665660165 0.35368868708610535 691
1607665660299 0.35343822836875916 692
1607665660430 0.3532993197441101 693
1607665660559 0.35306134819984436 694
1607665660690 0.352486789226532 695
1607665660827 0.3524278402328491 696
1607665660959 0.352120578289032 697
1607665661086 0.35228896141052246 698
1607665661214 0.35205113887786865 699
1607665661348 0.3521164357662201 700
1607665661486 0.35230377316474915 701
1607665661616 0.3528110384941101 702
1607665661744 0.3536932170391083 703
1607665661876 0.3539896309375763 704
1607665662013 0.35435837507247925 705
1607665662142 0.3541496694087982 706
1607665662272 0.3547119200229645 707
1607665662401 0.3541559875011444 708
1607665662533 0.353741317987442 709
1607665662666 0.3532045781612396 710
1607665662796 0.3531752824783325 711
1607665662925 0.35265716910362244 712
1607665663056 0.3533163368701935 713
1607665663198 0.35270562767982483 714
1607665663331 0.3531458079814911 715
1607665663468 0.35319626331329346 716
1607665663598 0.353619247674942 717
1607665663729 0.3541751801967621 718
1607665663860 0.3540295958518982 719
1607665663993 0.3540952205657959 720
1607665664127 0.3535454571247101 721
1607665664253 0.3532342314720154 722
1607665664384 0.35246148705482483 723
1607665664517 0.35226380825042725 724
1607665664656 0.35216906666755676 725
1607665664792 0.3523332476615906 726
1607665664926 0.35274991393089294 727
1607665665056 0.3524719774723053 728
1607665665184 0.3511141836643219 729
1607665665313 0.3517608940601349 730
1607665665443 0.35184046626091003 731
1607665665578 0.3528553545475006 732
1607665665712 0.35311830043792725 733
1607665665844 0.3533541262149811 734
1607665665975 0.35394349694252014 735
1607665666112 0.35373735427856445 736
1607665666249 0.35344237089157104 737
1607665666378 0.35354167222976685 738
1607665666527 0.3528318405151367 739
1607665666677 0.3530385494232178 740
1607665666818 0.35245731472969055 741
1607665666966 0.35278791189193726 742
1607665667102 0.3526953160762787 743
1607665667270 0.3528510332107544 744
1607665667411 0.3529079854488373 745
1607665667568 0.35307833552360535 746
1607665667730 0.3532300591468811 747
1607665667882 0.3531877398490906 748
1607665668030 0.35350802540779114 749
1607665668187 0.35314977169036865 750
1607665668327 0.35317546129226685 751
1607665668464 0.35303205251693726 752
1607665668596 0.35334163904190063 753
1607665668727 0.3532237410545349 754
1607665668860 0.3529267907142639 755
1607665668992 0.35279858112335205 756
1607665669122 0.3525332808494568 757
1607665669259 0.35263437032699585 758
1607665669398 0.3520428240299225 759
1607665669530 0.3514554500579834 760
1607665669663 0.3510494530200958 761
1607665669794 0.35071036219596863 762
1607665669924 0.3507799804210663 763
1607665670060 0.3504767119884491 764
1607665670188 0.35090839862823486 765
1607665670322 0.3513440489768982 766
1607665670450 0.3520006835460663 767
1607665670586 0.3530072569847107 768
1607665670718 0.3533519506454468 769
1607665670854 0.354213148355484 770
1607665670984 0.3537183403968811 771
1607665671114 0.3538384437561035 772
1607665671244 0.35328903794288635 773
1607665671373 0.35312482714653015 774
1607665671503 0.3529900908470154 775
1607665671635 0.3525334596633911 776
1607665671773 0.3521100878715515 777
1607665671905 0.35195890069007874 778
1607665672042 0.35163646936416626 779
1607665672189 0.3513841927051544 780
1607665672322 0.35124295949935913 781
1607665672452 0.35165998339653015 782
1607665672588 0.35188278555870056 783
1607665672723 0.35280707478523254 784
1607665672854 0.3530217409133911 785
1607665672989 0.35399216413497925 786
1607665673121 0.35452041029930115 787
1607665673252 0.3539373576641083 788
1607665673382 0.353480726480484 789
1607665673510 0.352783739566803 790
1607665673642 0.3527039885520935 791
1607665673777 0.3520365059375763 792
1607665673910 0.3515776991844177 793
1607665674044 0.35136935114860535 794
1607665674187 0.351144015789032 795
1607665674319 0.35149359703063965 796
1607665674455 0.35164082050323486 797
1607665674592 0.351965069770813 798
1607665674727 0.3522155284881592 799
1607665674862 0.3522111773490906 800
1607665674994 0.35259872674942017 801
1607665675130 0.3521227538585663 802
1607665675262 0.3523777425289154 803
1607665675400 0.3514617681503296 804
1607665675534 0.35163265466690063 805
1607665675669 0.35082393884658813 806
1607665675801 0.35101380944252014 807
1607665675939 0.3501967489719391 808
1607665676071 0.3506622612476349 809
1607665676201 0.3502810299396515 810
1607665676333 0.35079264640808105 811
1607665676465 0.3508979082107544 812
1607665676600 0.3514010012149811 813
1607665676732 0.3519294261932373 814
1607665676864 0.3522998094558716 815
1607665676994 0.35285571217536926 816
1607665677127 0.35283637046813965 817
1607665677257 0.3532852232456207 818
1607665677391 0.35290998220443726 819
1607665677520 0.35318830609321594 820
1607665677651 0.3525605797767639 821
1607665677788 0.3525756001472473 822
1607665677920 0.3521144390106201 823
1607665678054 0.3519357740879059 824
1607665678205 0.35232314467430115 825
1607665678347 0.35201334953308105 826
1607665678480 0.35278213024139404 827
1607665678614 0.3524470031261444 828
1607665678761 0.3533799946308136 829
1607665678913 0.3530532121658325 830
1607665679062 0.353375643491745 831
1607665679212 0.35287219285964966 832
1607665679367 0.3527882695198059 833
1607665679513 0.3519207537174225 834
1607665679652 0.35157787799835205 835
1607665679790 0.3507273495197296 836
1607665679931 0.3504369258880615 837
1607665680076 0.3502938747406006 838
1607665680212 0.349923312664032 839
1607665680350 0.3501696288585663 840
1607665680496 0.3501613140106201 841
1607665680643 0.35026854276657104 842
1607665680783 0.35089173913002014 843
1607665680921 0.35116952657699585 844
1607665681073 0.3513610363006592 845
1607665681232 0.35154640674591064 846
1607665681385 0.3514684736728668 847
1607665681519 0.3522283732891083 848
1607665681657 0.3518809676170349 849
1607665681799 0.3518809676170349 850
1607665681938 0.3516368269920349 851
1607665682080 0.35182833671569824 852
1607665682219 0.35192111134529114 853
1607665682353 0.351720929145813 854
1607665682487 0.35196107625961304 855
1607665682616 0.35207247734069824 856
1607665682745 0.352102130651474 857
1607665682886 0.35215675830841064 858
1607665683022 0.35170212388038635 859
1607665683151 0.35207265615463257 860
1607665683290 0.3522283732891083 861
1607665683422 0.3523947596549988 862
1607665683547 0.35243868827819824 863
1607665683680 0.352504163980484 864
1607665683809 0.35215458273887634 865
1607665683938 0.3521420955657959 866
1607665684073 0.35199254751205444 867
1607665684204 0.35169994831085205 868
1607665684339 0.35173356533050537 869
1607665684469 0.3517296016216278 870
1607665684626 0.35186612606048584 871
1607665684771 0.35220322012901306 872
1607665684923 0.35177552700042725 873
1607665685098 0.35175275802612305 874
1607665685248 0.3511400520801544 875
1607665685409 0.3509421944618225 876
1607665685559 0.35102230310440063 877
1607665685723 0.3509273827075958 878
1607665685861 0.3509570360183716 879
1607665686005 0.3512769341468811 880
1607665686141 0.35129377245903015 881
1607665686279 0.3515169322490692 882
1607665686411 0.35138851404190063 883
1607665686544 0.35132524371147156 884
1607665686680 0.35117387771606445 885
1607665686813 0.3506580889225006 886
1607665686946 0.3509148955345154 887
1607665687086 0.35102230310440063 888
1607665687223 0.350811630487442 889
1607665687354 0.35105395317077637 890
1607665687490 0.3503991365432739 891
1607665687620 0.3508855998516083 892
1607665687754 0.3503211736679077 893
1607665687891 0.35065412521362305 894
1607665688024 0.350081205368042 895
1607665688157 0.35044577717781067 896
1607665688293 0.3504917025566101 897
1607665688421 0.3510875999927521 898
1607665688550 0.3513570725917816 899
1607665688684 0.35144945979118347 900
1607665688818 0.3517865538597107 901
1607665688946 0.3516053557395935 902
1607665689084 0.3516957759857178 903
1607665689217 0.351666659116745 904
1607665689355 0.3514283001422882 905
1607665689486 0.3516182005405426 906
1607665689636 0.35125163197517395 907
1607665689799 0.35118868947029114 908
1607665689944 0.351318895816803 909
1607665690083 0.3501548171043396 910
1607665690217 0.3491362929344177 911
1607665690367 0.34896358847618103 912
1607665690509 0.34950050711631775 913
1607665690657 0.3494603633880615 914
1607665690792 0.3502267897129059 915
1607665690926 0.3508013188838959 916
1607665691055 0.35138237476348877 917
1607665691188 0.3514959514141083 918
1607665691321 0.35180971026420593 919
1607665691451 0.35179054737091064 920
1607665691586 0.35204753279685974 921
1607665691718 0.35116952657699585 922
1607665691844 0.3508729338645935 923
1607665691979 0.35007503628730774 924
1607665692108 0.3496730327606201 925
1607665692241 0.3492858409881592 926
1607665692379 0.3489341139793396 927
1607665692522 0.34897226095199585 928
1607665692657 0.3489111363887787 929
1607665692799 0.34929001331329346 930
1607665692943 0.3499867916107178 931
1607665693085 0.3507108986377716 932
1607665693215 0.35130444169044495 933
1607665693347 0.35251718759536743 934
1607665693475 0.352712482213974 935
1607665693611 0.35335901379585266 936
1607665693738 0.35310620069503784 937
1607665693864 0.35303908586502075 938
1607665694000 0.3529987633228302 939
1607665694134 0.3529589772224426 940
1607665694266 0.35256311297416687 941
1607665694400 0.35199254751205444 942
1607665694533 0.3513782322406769 943
1607665694671 0.3505801558494568 944
1607665694804 0.3507257401943207 945
1607665694934 0.3497171700000763 946
1607665695068 0.3496542274951935 947
1607665695206 0.3488962948322296 948
1607665695339 0.3493386507034302 949
1607665695475 0.348982572555542 950
1607665695612 0.34971970319747925 951
1607665695743 0.3495066463947296 952
1607665695877 0.35050690174102783 953
1607665696008 0.35036349296569824 954
1607665696138 0.35097837448120117 955
1607665696269 0.35092756152153015 956
1607665696410 0.3515046238899231 957
1607665696544 0.35100966691970825 958
1607665696677 0.3514498472213745 959
1607665696812 0.3512120246887207 960
1607665696946 0.35124528408050537 961
1607665697076 0.35184788703918457 962
1607665697209 0.35163265466690063 963
1607665697338 0.35171929001808167 964
1607665697466 0.3510940968990326 965
1607665697598 0.35110026597976685 966
1607665697730 0.35140788555145264 967
1607665697863 0.35078033804893494 968
1607665697996 0.3505637049674988 969
1607665698130 0.3500898778438568 970
1607665698263 0.35004594922065735 971
1607665698393 0.3498499095439911 972
1607665698523 0.3497743010520935 973
1607665698661 0.34965622425079346 974
1607665698798 0.3496144413948059 975
1607665698933 0.3497151732444763 976
1607665699067 0.350306898355484 977
1607665699200 0.3502477705478668 978
1607665699333 0.3508288264274597 979
1607665699465 0.3507508635520935 980
1607665699595 0.3514919579029083 981
1607665699731 0.35170644521713257 982
1607665699866 0.3524012565612793 983
1607665700005 0.3519652485847473 984
1607665700318 0.3527003824710846 985
1607665700454 0.35224321484565735 986
1607665700588 0.35245171189308167 987
1607665700718 0.35132142901420593 988
1607665700849 0.3505486845970154 989
1607665700991 0.34980812668800354 990
1607665701124 0.34904783964157104 991
1607665701252 0.3487955629825592 992
1607665701392 0.34815123677253723 993
1607665701520 0.3483535945415497 994
1607665701647 0.348214328289032 995
1607665701789 0.34911784529685974 996
1607665701920 0.34930264949798584 997
1607665702055 0.35071107745170593 998
1607665702183 0.3516961336135864 999
