1607665565077 0.47393736243247986 0
1607665565215 0.46462905406951904 1
1607665565350 0.45680326223373413 2
1607665565491 0.45245176553726196 3
1607665565633 0.446339875459671 4
1607665565766 0.4423719048500061 5
1607665565900 0.4402615427970886 6
1607665566029 0.43905097246170044 7
1607665566156 0.43845829367637634 8
1607665566289 0.4381130337715149 9
1607665566425 0.4371529519557953 10
1607665566558 0.435522198677063 11
1607665566694 0.43508201837539673 12
1607665566825 0.43497541546821594 13
1607665566956 0.43456605076789856 14
1607665567087 0.4329759478569031 15
1607665567218 0.4315100908279419 16
1607665567347 0.43088990449905396 17
1607665567486 0.4308842420578003 18
1607665567619 0.43122169375419617 19
1607665567758 0.4297543168067932 20
1607665567898 0.42851218581199646 21
1607665568026 0.42818111181259155 22
1607665568156 0.4273941218852997 23
1607665568291 0.4262078106403351 24
1607665568427 0.4251704812049866 25
1607665568564 0.4238944351673126 26
1607665568700 0.42268067598342896 27
1607665568836 0.42172443866729736 28
1607665568972 0.42127594351768494 29
1607665569111 0.42086711525917053 30
1607665569246 0.4205566942691803 31
1607665569387 0.4196596145629883 32
1607665569517 0.4185193181037903 33
1607665569650 0.4177679717540741 34
1607665569788 0.4175094962120056 35
1607665569933 0.417481005191803 36
1607665570069 0.4169423580169678 37
1607665570198 0.4158487915992737 38
1607665570325 0.41355523467063904 39
1607665570454 0.4118938148021698 40
1607665570584 0.41107556223869324 41
1607665570714 0.410828173160553 42
1607665570842 0.4115174114704132 43
1607665570972 0.4118838608264923 44
1607665571111 0.4107685089111328 45
1607665571252 0.409397691488266 46
1607665571393 0.40789809823036194 47
1607665571526 0.40640687942504883 48
1607665571667 0.40504321455955505 49
1607665571803 0.4043313264846802 50
1607665571936 0.4046911299228668 51
1607665572076 0.40543845295906067 52
1607665572208 0.4056447446346283 53
1607665572353 0.4052850902080536 54
1607665572489 0.4037412703037262 55
1607665572630 0.4019438624382019 56
1607665572758 0.401265412569046 57
1607665572902 0.4012262225151062 58
1607665573032 0.4013710618019104 59
1607665573170 0.4020996689796448 60
1607665573322 0.4007466733455658 61
1607665573470 0.3988223969936371 62
1607665573610 0.3971477150917053 63
1607665573746 0.39625439047813416 64
1607665573883 0.3969252407550812 65
1607665574018 0.39821407198905945 66
1607665574148 0.3985186517238617 67
1607665574277 0.3966794013977051 68
1607665574410 0.3942986726760864 69
1607665574539 0.39327216148376465 70
1607665574664 0.39300885796546936 71
1607665574798 0.39288225769996643 72
1607665575063 0.39250579476356506 73
1607665575208 0.3921929597854614 74
1607665575341 0.3917306959629059 75
1607665575484 0.39032885432243347 76
1607665575619 0.3890705406665802 77
1607665575760 0.38901641964912415 78
1607665575896 0.388785719871521 79
1607665576038 0.3886566758155823 80
1607665576181 0.38943666219711304 81
1607665576328 0.39010950922966003 82
1607665576457 0.39116156101226807 83
1607665576582 0.3908007740974426 84
1607665576720 0.3887922763824463 85
1607665576854 0.38662195205688477 86
1607665576989 0.38520485162734985 87
1607665577119 0.3843430280685425 88
1607665577261 0.3838718831539154 89
1607665577401 0.3840315639972687 90
1607665577531 0.3845444917678833 91
1607665577668 0.3857872188091278 92
1607665577805 0.3860927224159241 93
1607665577939 0.38580507040023804 94
1607665578070 0.3852871060371399 95
1607665578205 0.38393616676330566 96
1607665578364 0.3824794888496399 97
1607665578507 0.38251185417175293 98
1607665578646 0.3820919990539551 99
1607665578780 0.3829595744609833 100
1607665578918 0.38333967328071594 101
1607665579075 0.3841526508331299 102
1607665579220 0.3839709162712097 103
1607665579357 0.38309022784233093 104
1607665579498 0.38099056482315063 105
1607665579650 0.37970930337905884 106
1607665579788 0.37924709916114807 107
1607665579939 0.3786276876926422 108
1607665580081 0.37951555848121643 109
1607665580223 0.3803325295448303 110
1607665580366 0.3799884617328644 111
1607665580506 0.38104090094566345 112
1607665580658 0.3808276355266571 113
1607665580802 0.38124221563339233 114
1607665580937 0.3803879916667938 115
1607665581080 0.3793984055519104 116
1607665581229 0.37851226329803467 117
1607665581384 0.37743112444877625 118
1607665581524 0.3770085275173187 119
1607665581656 0.3762328028678894 120
1607665581801 0.3758600354194641 121
1607665581936 0.3757629096508026 122
1607665582071 0.3760095238685608 123
1607665582206 0.37588655948638916 124
1607665582342 0.3765154480934143 125
1607665582479 0.3767834007740021 126
1607665582610 0.3773943781852722 127
1607665582751 0.3768739402294159 128
1607665582884 0.37685254216194153 129
1607665583021 0.3762919008731842 130
1607665583152 0.3765329420566559 131
1607665583297 0.3761967718601227 132
1607665583426 0.3758992552757263 133
1607665583558 0.37559372186660767 134
1607665583684 0.37526145577430725 135
1607665583814 0.3744421899318695 136
1607665583942 0.37422510981559753 137
1607665584072 0.3737677335739136 138
1607665584203 0.37363192439079285 139
1607665584338 0.3736507296562195 140
1607665584470 0.3737218677997589 141
1607665584608 0.3738972842693329 142
1607665584740 0.3737906217575073 143
1607665584870 0.3733290433883667 144
1607665585004 0.3741895258426666 145
1607665585134 0.37325090169906616 146
1607665585264 0.3729669749736786 147
1607665585406 0.3720618188381195 148
1607665585532 0.3721674978733063 149
1607665585671 0.37240689992904663 150
1607665585807 0.37269338965415955 151
1607665585962 0.3731025159358978 152
1607665586097 0.37315693497657776 153
1607665586225 0.37375038862228394 154
1607665586354 0.37325334548950195 155
1607665586510 0.37293869256973267 156
1607665586645 0.3723412752151489 157
1607665586778 0.37175703048706055 158
1607665586913 0.3714238405227661 159
1607665587042 0.371568888425827 160
1607665587193 0.3709602653980255 161
1607665587328 0.3710799813270569 162
1607665587455 0.3710182011127472 163
1607665587583 0.37157943844795227 164
1607665587720 0.37198224663734436 165
1607665587861 0.3722037672996521 166
1607665588009 0.3721909523010254 167
1607665588150 0.37225401401519775 168
1607665588283 0.37233030796051025 169
1607665588416 0.3720402419567108 170
1607665588545 0.3723072111606598 171
1607665588694 0.37077242136001587 172
1607665588837 0.3706342577934265 173
1607665588981 0.3700907826423645 174
1607665589128 0.37010398507118225 175
1607665589276 0.36991193890571594 176
1607665589447 0.3691064715385437 177
1607665589602 0.36975160241127014 178
1607665589755 0.36950981616973877 179
1607665589909 0.3693951964378357 180
1607665590066 0.36972564458847046 181
1607665590245 0.3695783019065857 182
1607665590390 0.3680225908756256 183
1607665590526 0.36679214239120483 184
1607665590671 0.3666863441467285 185
1607665590827 0.3662092089653015 186
1607665590966 0.36627981066703796 187
1607665591105 0.3662174344062805 188
1607665591242 0.3665285110473633 189
1607665591399 0.366986483335495 190
1607665591540 0.3679024279117584 191
1607665591686 0.3682153522968292 192
1607665591838 0.36902451515197754 193
1607665591986 0.3692396283149719 194
1607665592137 0.369625449180603 195
1607665592308 0.36962270736694336 196
1607665592447 0.3693673312664032 197
1607665592584 0.36947157979011536 198
1607665592721 0.36931902170181274 199
1607665592848 0.3692353069782257 200
1607665592976 0.36876651644706726 201
1607665593106 0.36785364151000977 202
1607665593244 0.36748257279396057 203
1607665593414 0.366554856300354 204
1607665593547 0.36647963523864746 205
1607665593682 0.3667387068271637 206
1607665593813 0.3667348623275757 207
1607665593950 0.36758726835250854 208
1607665594086 0.3669629693031311 209
1607665594217 0.3675701320171356 210
1607665594345 0.36767762899398804 211
1607665594475 0.36800554394721985 212
1607665594609 0.36784255504608154 213
1607665594741 0.3675663471221924 214
1607665594868 0.36765754222869873 215
1607665594999 0.367231547832489 216
1607665595131 0.36699455976486206 217
1607665595261 0.36596226692199707 218
1607665595390 0.36525043845176697 219
1607665595522 0.3648836612701416 220
1607665595649 0.3646910786628723 221
1607665595786 0.3648160696029663 222
1607665595917 0.3653036057949066 223
1607665596058 0.3657682240009308 224
1607665596194 0.3662574291229248 225
1607665596322 0.36667928099632263 226
1607665596454 0.36697763204574585 227
1607665596584 0.3670583665370941 228
1607665596725 0.3673698902130127 229
1607665596857 0.36694756150245667 230
1607665596996 0.36676087975502014 231
1607665597143 0.36651167273521423 232
1607665597273 0.3663109540939331 233
1607665597402 0.3664608299732208 234
1607665597536 0.3662841022014618 235
1607665597670 0.3657345771789551 236
1607665597799 0.36533403396606445 237
1607665597935 0.36460596323013306 238
1607665598065 0.36484798789024353 239
1607665598201 0.3649453818798065 240
1607665598354 0.3647032380104065 241
1607665598491 0.3646464943885803 242
1607665598627 0.36428800225257874 243
1607665598763 0.36457526683807373 244
1607665598896 0.3648446202278137 245
1607665599054 0.3647383451461792 246
1607665599193 0.36489561200141907 247
1607665599322 0.36448198556900024 248
1607665599459 0.364877849817276 249
1607665599587 0.3645094931125641 250
1607665599716 0.3642846941947937 251
1607665599869 0.3638041913509369 252
1607665600006 0.36412930488586426 253
1607665600135 0.36385005712509155 254
1607665600267 0.363956093788147 255
1607665600400 0.3638978898525238 256
1607665600547 0.3646247386932373 257
1607665600692 0.3651096224784851 258
1607665600825 0.3652741312980652 259
1607665600962 0.3657330870628357 260
1607665601099 0.36559227108955383 261
1607665601253 0.3655766546726227 262
1607665601394 0.3645852506160736 263
1607665601524 0.3644307553768158 264
1607665601655 0.36303797364234924 265
1607665601791 0.36285263299942017 266
1607665601951 0.36228102445602417 267
1607665602092 0.3622835576534271 268
1607665602227 0.3625374436378479 269
1607665602360 0.3630763590335846 270
1607665602495 0.3645067512989044 271
1607665602635 0.3652862310409546 272
1607665602783 0.36635085940361023 273
1607665602927 0.3657517433166504 274
1607665603086 0.3660239279270172 275
1607665603233 0.364690899848938 276
1607665603372 0.36411550641059875 277
1607665603512 0.36277374625205994 278
1607665603656 0.36214277148246765 279
1607665603810 0.3621193766593933 280
1607665603942 0.3616381585597992 281
1607665604080 0.3618697226047516 282
1607665604216 0.362303227186203 283
1607665604344 0.36302322149276733 284
1607665604484 0.363334983587265 285
1607665604618 0.36399173736572266 286
1607665604746 0.3646512031555176 287
1607665604879 0.3646320104598999 288
1607665605010 0.3640892207622528 289
1607665605141 0.3632415533065796 290
1607665605268 0.36271047592163086 291
1607665605402 0.3617776334285736 292
1607665605537 0.36172035336494446 293
1607665605676 0.36137592792510986 294
1607665605808 0.3615054190158844 295
1607665605938 0.3617165684700012 296
1607665606069 0.3620753288269043 297
1607665606204 0.3624128997325897 298
1607665606345 0.3631128966808319 299
1607665606481 0.36350736021995544 300
1607665606616 0.36382076144218445 301
1607665606746 0.36373016238212585 302
1607665606886 0.36336010694503784 303
1607665607019 0.36302173137664795 304
1607665607152 0.362681120634079 305
1607665607284 0.36221978068351746 306
1607665607420 0.3619077801704407 307
1607665607556 0.3611826002597809 308
1607665607690 0.3612310588359833 309
1607665607821 0.36125993728637695 310
1607665607950 0.36142677068710327 311
1607665608095 0.3618435859680176 312
1607665608229 0.3622986972332001 313
1607665608363 0.36244508624076843 314
1607665608497 0.36269256472587585 315
1607665608629 0.3625343143939972 316
1607665608765 0.36271336674690247 317
1607665608895 0.36215153336524963 318
1607665609034 0.36154159903526306 319
1607665609164 0.3610116243362427 320
1607665609298 0.36061447858810425 321
1607665609432 0.36045581102371216 322
1607665609568 0.35996368527412415 323
1607665609700 0.35956713557243347 324
1607665609833 0.35964062809944153 325
1607665609965 0.3594701290130615 326
1607665610101 0.3601141571998596 327
1607665610230 0.3602422773838043 328
1607665610361 0.36052122712135315 329
1607665610523 0.36099886894226074 330
1607665610660 0.3611278533935547 331
1607665610790 0.36215120553970337 332
1607665610921 0.36204469203948975 333
1607665611063 0.3620156943798065 334
1607665611196 0.3614581227302551 335
1607665611343 0.36093035340309143 336
1607665611482 0.3602081835269928 337
1607665611615 0.35978952050209045 338
1607665611753 0.35953009128570557 339
1607665611887 0.35984158515930176 340
1607665612042 0.3599470257759094 341
1607665612181 0.36012983322143555 342
1607665612312 0.3604351580142975 343
1607665612443 0.3608643710613251 344
1607665612575 0.361478328704834 345
1607665612705 0.3613688349723816 346
1607665612857 0.36136800050735474 347
1607665613002 0.36144372820854187 348
1607665613140 0.3611343801021576 349
1607665613275 0.36099129915237427 350
1607665613404 0.36013150215148926 351
1607665613551 0.35978591442108154 352
1607665613686 0.35912153124809265 353
1607665613817 0.3593139946460724 354
1607665613943 0.35902053117752075 355
1607665614072 0.35923001170158386 356
1607665614228 0.3593465983867645 357
1607665614362 0.35997679829597473 358
1607665614497 0.36024540662765503 359
1607665614627 0.36070775985717773 360
1607665614766 0.36066246032714844 361
1607665614921 0.361023873090744 362
1607665615064 0.36103376746177673 363
1607665615203 0.36086639761924744 364
1607665615337 0.35842835903167725 365
1607665615482 0.3580757677555084 366
1607665615629 0.35807451605796814 367
1607665615772 0.3585973083972931 368
1607665615917 0.3586409389972687 369
1607665616069 0.3591139614582062 370
1607665616210 0.35927218198776245 371
1607665616342 0.3600105941295624 372
1607665616479 0.360323041677475 373
1607665616607 0.36055225133895874 374
1607665616744 0.36009642481803894 375
1607665616875 0.360184907913208 376
1607665617009 0.3602030873298645 377
1607665617140 0.3599284291267395 378
1607665617278 0.3603460490703583 379
1607665617422 0.3599802255630493 380
1607665617554 0.3605194687843323 381
1607665617687 0.3601491153240204 382
1607665617814 0.3605043888092041 383
1607665617951 0.36052611470222473 384
1607665618083 0.3605528175830841 385
1607665618214 0.3604322075843811 386
1607665618345 0.36014577746391296 387
1607665618472 0.3598254323005676 388
1607665618610 0.359731525182724 389
1607665618742 0.35970571637153625 390
1607665618872 0.35904020071029663 391
1607665619004 0.3589954376220703 392
1607665619139 0.35852426290512085 393
1607665619271 0.3586460053920746 394
1607665619404 0.35826534032821655 395
1607665619538 0.35836008191108704 396
1607665619677 0.3581746816635132 397
1607665619808 0.3585653007030487 398
1607665619945 0.3583783507347107 399
1607665620078 0.35920268297195435 400
1607665620207 0.3595532476902008 401
1607665620350 0.36002665758132935 402
1607665620478 0.36044803261756897 403
1607665620612 0.3601945638656616 404
1607665620744 0.35985371470451355 405
1607665620876 0.3592982590198517 406
1607665621009 0.3589412569999695 407
1607665621142 0.3587173521518707 408
1607665621273 0.3583793640136719 409
1607665621404 0.3578592538833618 410
1607665621539 0.35789501667022705 411
1607665621674 0.35772690176963806 412
1607665621813 0.3576509952545166 413
1607665621948 0.3577345907688141 414
1607665622080 0.357570618391037 415
1607665622215 0.3578742444515228 416
1607665622349 0.35770922899246216 417
1607665622484 0.3582381308078766 418
1607665622634 0.3586273789405823 419
1607665622772 0.3588690757751465 420
1607665622907 0.35858190059661865 421
1607665623041 0.35856297612190247 422
1607665623194 0.3588709235191345 423
1607665623333 0.35845232009887695 424
1607665623470 0.3579050898551941 425
1607665623602 0.3575465977191925 426
1607665623737 0.3575916290283203 427
1607665623889 0.3572629392147064 428
1607665624039 0.3570258319377899 429
1607665624172 0.35730186104774475 430
1607665624316 0.3571299910545349 431
1607665624447 0.3576037585735321 432
1607665624576 0.3570399284362793 433
1607665624708 0.3579294681549072 434
1607665624838 0.3573249280452728 435
1607665624974 0.3577076196670532 436
1607665625106 0.3574889600276947 437
1607665625259 0.35768744349479675 438
1607665625396 0.35761040449142456 439
1607665625531 0.3578760623931885 440
1607665625664 0.357871949672699 441
1607665625794 0.3580531179904938 442
1607665625934 0.3590962290763855 443
1607665626066 0.3585559129714966 444
1607665626195 0.3586907386779785 445
1607665626326 0.35845887660980225 446
1607665626479 0.35836610198020935 447
1607665626629 0.3590307831764221 448
1607665626758 0.35842105746269226 449
1607665626896 0.35849276185035706 450
1607665627046 0.3577646017074585 451
1607665627190 0.35828444361686707 452
1607665627333 0.35790374875068665 453
1607665627464 0.35788553953170776 454
1607665627616 0.35741689801216125 455
1607665627769 0.3575601875782013 456
1607665627907 0.35770323872566223 457
1607665628066 0.3577762544155121 458
1607665628220 0.3580009937286377 459
1607665628371 0.3580261170864105 460
1607665628516 0.3580915629863739 461
1607665628671 0.3583510220050812 462
1607665628802 0.35769733786582947 463
1607665628933 0.3574044704437256 464
1607665629071 0.35692983865737915 465
1607665629205 0.35679975152015686 466
1607665629340 0.35675129294395447 467
1607665629476 0.3566771447658539 468
1607665629607 0.35677191615104675 469
1607665629741 0.35703417658805847 470
1607665629874 0.3571762144565582 471
1607665629999 0.3570981025695801 472
1607665630128 0.3571062386035919 473
1607665630262 0.35706600546836853 474
1607665630393 0.35687991976737976 475
1607665630526 0.35724031925201416 476
1607665630656 0.35668274760246277 477
1607665630788 0.3572002649307251 478
1607665630922 0.35634303092956543 479
1607665631056 0.3567878305912018 480
1607665631187 0.3563293218612671 481
1607665631317 0.35625502467155457 482
1607665631457 0.35588666796684265 483
1607665631586 0.356153666973114 484
1607665631718 0.35622549057006836 485
1607665631855 0.35660943388938904 486
1607665631985 0.3564179837703705 487
1607665632118 0.35684412717819214 488
1607665632249 0.3575829267501831 489
1607665632379 0.35744401812553406 490
1607665632508 0.35773351788520813 491
1607665632649 0.3572109341621399 492
1607665632779 0.3573768436908722 493
1607665632916 0.3568539619445801 494
1607665633047 0.35663753747940063 495
1607665633178 0.35647472739219666 496
1607665633309 0.3560872972011566 497
1607665633443 0.35592448711395264 498
1607665633573 0.3556893765926361 499
1607665633707 0.35583585500717163 500
1607665633846 0.35582074522972107 501
1607665633981 0.3558904528617859 502
1607665634113 0.35584792494773865 503
1607665634249 0.3560997247695923 504
1607665634381 0.3561709225177765 505
1607665634520 0.35633793473243713 506
1607665634654 0.356386661529541 507
1607665634810 0.35616201162338257 508
1607665634951 0.3558524549007416 509
1607665635092 0.3555236756801605 510
1607665635222 0.35526153445243835 511
1607665635355 0.3557078540325165 512
1607665635508 0.35541942715644836 513
1607665635653 0.3560224175453186 514
1607665635788 0.35590699315071106 515
1607665635926 0.35690173506736755 516
1607665636080 0.357545405626297 517
1607665636220 0.35824674367904663 518
1607665636357 0.35789933800697327 519
1607665636490 0.35812950134277344 520
1607665636651 0.35768741369247437 521
1607665636795 0.35691389441490173 522
1607665636928 0.35623571276664734 523
1607665637064 0.35564813017845154 524
1607665637194 0.3553638756275177 525
1607665637345 0.3547486662864685 526
1607665637483 0.35516512393951416 527
1607665637620 0.35525965690612793 528
1607665637929 0.35628068447113037 529
1607665638087 0.35676881670951843 530
1607665638226 0.3570764362812042 531
1607665638357 0.3571344316005707 532
1607665638487 0.35690900683403015 533
1607665638621 0.35650843381881714 534
1607665638772 0.3560417592525482 535
1607665638908 0.3556332588195801 536
1607665639043 0.3549085557460785 537
1607665639179 0.354924738407135 538
1607665639332 0.354692280292511 539
1607665639478 0.3547804355621338 540
1607665639636 0.3547838628292084 541
1607665639800 0.3546851575374603 542
1607665639940 0.3550868630409241 543
1607665640080 0.35526034235954285 544
1607665640230 0.35601305961608887 545
1607665640387 0.35574814677238464 546
1607665640550 0.354727566242218 547
1607665640694 0.35463425517082214 548
1607665640848 0.35546499490737915 549
1607665640997 0.35565459728240967 550
1607665641135 0.3560663163661957 551
1607665641263 0.3555876612663269 552
1607665641397 0.35564252734184265 553
1607665641530 0.3555239737033844 554
1607665641661 0.3554137051105499 555
1607665641787 0.35470521450042725 556
1607665641918 0.3547256886959076 557
1607665642052 0.35464444756507874 558
1607665642178 0.3547035753726959 559
1607665642308 0.3549025356769562 560
1607665642453 0.3554302155971527 561
1607665642594 0.35562512278556824 562
1607665642739 0.35636305809020996 563
1607665642870 0.3558709919452667 564
1607665642997 0.35680192708969116 565
1607665643128 0.35674792528152466 566
1607665643264 0.35651370882987976 567
1607665643396 0.35535311698913574 568
1607665643520 0.35496458411216736 569
1607665643658 0.3548488914966583 570
1607665643797 0.3546123504638672 571
1607665643927 0.3546665608882904 572
1607665644059 0.35447919368743896 573
1607665644187 0.354512095451355 574
1607665644316 0.35443806648254395 575
1607665644449 0.3542916178703308 576
1607665644581 0.3546128273010254 577
1607665644713 0.35437971353530884 578
1607665644849 0.35460925102233887 579
1607665644989 0.3542393743991852 580
1607665645117 0.3547256886959076 581
1607665645249 0.35492295026779175 582
1607665645380 0.35518819093704224 583
1607665645509 0.3556627333164215 584
1607665645643 0.3560900390148163 585
1607665645771 0.3566741347312927 586
1607665645906 0.35725197196006775 587
1607665646040 0.3564811050891876 588
1607665646179 0.3561990559101105 589
1607665646309 0.355297327041626 590
1607665646452 0.35453546047210693 591
1607665646580 0.35374805331230164 592
1607665646710 0.3532591760158539 593
1607665646841 0.3529680073261261 594
1607665646970 0.3529605269432068 595
1607665647108 0.35282525420188904 596
1607665647253 0.35320132970809937 597
1607665647384 0.3531481623649597 598
1607665647514 0.3536866307258606 599
1607665647670 0.3541577160358429 600
1607665647817 0.35444551706314087 601
1607665647954 0.3547695279121399 602
1607665648086 0.35533958673477173 603
1607665648214 0.35566285252571106 604
1607665648365 0.35663679242134094 605
1607665648508 0.3558948040008545 606
1607665648639 0.3553972542285919 607
1607665648770 0.3547722399234772 608
1607665648924 0.3545069992542267 609
1607665649056 0.35436463356018066 610
1607665649190 0.354542076587677 611
1607665649329 0.3545164167881012 612
1607665649462 0.35471734404563904 613
1607665649614 0.3544424772262573 614
1607665649763 0.3548676371574402 615
1607665649898 0.3542998433113098 616
1607665650055 0.3540886640548706 617
1607665650204 0.35332781076431274 618
1607665650342 0.35335296392440796 619
1607665650478 0.3527670204639435 620
1607665650619 0.3526011109352112 621
1607665650760 0.35274285078048706 622
1607665650897 0.35319235920906067 623
1607665651055 0.35390761494636536 624
1607665651205 0.35461699962615967 625
1607665651349 0.3556249439716339 626
1607665651491 0.3567466735839844 627
1607665651638 0.35743194818496704 628
1607665651781 0.3571613132953644 629
1607665651937 0.3558524250984192 630
1607665652073 0.35474762320518494 631
1607665652202 0.3539046049118042 632
1607665652346 0.3531615734100342 633
1607665652475 0.3524629473686218 634
1607665652605 0.3520565330982208 635
1607665652744 0.3521307408809662 636
1607665652880 0.35220828652381897 637
1607665653023 0.35291749238967896 638
1607665653169 0.35310474038124084 639
1607665653304 0.3544591963291168 640
1607665653442 0.35442054271698 641
1607665653580 0.3553316295146942 642
1607665653715 0.3549010753631592 643
1607665653851 0.3554634153842926 644
1607665653986 0.3545188307762146 645
1607665654117 0.3546711206436157 646
1607665654247 0.3536621928215027 647
1607665654379 0.353906512260437 648
1607665654512 0.35335755348205566 649
1607665654647 0.3533270061016083 650
1607665654787 0.3530797064304352 651
1607665654926 0.3532067835330963 652
1607665655056 0.35349902510643005 653
1607665655187 0.35409411787986755 654
1607665655321 0.3544050455093384 655
1607665655452 0.35496166348457336 656
1607665655579 0.3558989465236664 657
1607665655710 0.3564758896827698 658
1607665655842 0.3554157614707947 659
1607665655979 0.3548053801059723 660
1607665656116 0.35368919372558594 661
1607665656263 0.35361921787261963 662
1607665656410 0.35268786549568176 663
1607665656551 0.35275501012802124 664
1607665656687 0.3528207540512085 665
1607665656816 0.35305312275886536 666
1607665656945 0.3537006080150604 667
1607665657076 0.3537890315055847 668
1607665657213 0.35451677441596985 669
1607665657345 0.3548615276813507 670
1607665657478 0.35518088936805725 671
1607665657615 0.3555125594139099 672
1607665657751 0.35459473729133606 673
1607665657883 0.35470545291900635 674
1607665658016 0.35342881083488464 675
1607665658148 0.3531200587749481 676
1607665658280 0.35193905234336853 677
1607665658417 0.35190001130104065 678
1607665658555 0.3513212203979492 679
1607665658685 0.35160234570503235 680
1607665658824 0.35172179341316223 681
1607665658962 0.35212787985801697 682
1607665659099 0.35265547037124634 683
1607665659233 0.35347265005111694 684
1607665659363 0.35390838980674744 685
1607665659494 0.3550429046154022 686
1607665659634 0.3548789918422699 687
1607665659767 0.3550235629081726 688
1607665659903 0.3544045686721802 689
1607665660037 0.3543810248374939 690
1607665660165 0.3536434471607208 691
1607665660299 0.3534637689590454 692
1607665660430 0.3532983958721161 693
1607665660559 0.35307130217552185 694
1607665660690 0.3524809777736664 695
1607665660827 0.35243818163871765 696
1607665660959 0.3521304130554199 697
1607665661086 0.3522888123989105 698
1607665661214 0.35203030705451965 699
1607665661348 0.35211700201034546 700
1607665661486 0.3522728681564331 701
1607665661616 0.35279396176338196 702
1607665661744 0.35370150208473206 703
1607665661876 0.35396984219551086 704
1607665662013 0.3543427288532257 705
1607665662142 0.35413360595703125 706
1607665662272 0.3546903133392334 707
1607665662401 0.3541138768196106 708
1607665662533 0.35372433066368103 709
1607665662666 0.353204607963562 710
1607665662796 0.3531838059425354 711
1607665662925 0.3526570498943329 712
1607665663056 0.3533020615577698 713
1607665663198 0.35271599888801575 714
1607665663331 0.3531518578529358 715
1607665663468 0.35318636894226074 716
1607665663598 0.3536166548728943 717
1607665663729 0.354192852973938 718
1607665663860 0.3540279269218445 719
1607665663993 0.35408762097358704 720
1607665664127 0.3535015881061554 721
1607665664253 0.3532443940639496 722
1607665664384 0.35246485471725464 723
1607665664517 0.35224246978759766 724
1607665664656 0.3521518409252167 725
1607665664792 0.35232603549957275 726
1607665664926 0.3527839183807373 727
1607665665056 0.35245662927627563 728
1607665665184 0.3510856330394745 729
1607665665313 0.3517497479915619 730
1607665665443 0.35181713104248047 731
1607665665578 0.3529023230075836 732
1607665665712 0.353119820356369 733
1607665665844 0.35333704948425293 734
1607665665975 0.3539279103279114 735
1607665666112 0.35371488332748413 736
1607665666249 0.353466659784317 737
1607665666378 0.35352087020874023 738
1607665666527 0.3528003990650177 739
1607665666677 0.3530307114124298 740
1607665666818 0.35247519612312317 741
1607665666966 0.35281702876091003 742
1607665667102 0.35268285870552063 743
1607665667270 0.35287031531333923 744
1607665667411 0.35292884707450867 745
1607665667568 0.35310107469558716 746
1607665667730 0.35318711400032043 747
1607665667882 0.35316669940948486 748
1607665668030 0.35349157452583313 749
1607665668187 0.35311734676361084 750
1607665668327 0.3532184660434723 751
1607665668464 0.3530544638633728 752
1607665668596 0.3533084988594055 753
1607665668727 0.3532468378543854 754
1607665668860 0.35294589400291443 755
1607665668992 0.35279786586761475 756
1607665669122 0.35251158475875854 757
1607665669259 0.35262560844421387 758
1607665669398 0.35203537344932556 759
1607665669530 0.35144150257110596 760
1607665669663 0.3510288596153259 761
1607665669794 0.35072556138038635 762
1607665669924 0.3507661819458008 763
1607665670060 0.3504768908023834 764
1607665670188 0.35089725255966187 765
1607665670322 0.35132989287376404 766
1607665670450 0.35199597477912903 767
1607665670586 0.3530004322528839 768
1607665670718 0.35332733392715454 769
1607665670854 0.3542081117630005 770
1607665670984 0.35369718074798584 771
1607665671114 0.35383152961730957 772
1607665671244 0.35329219698905945 773
1607665671373 0.35309460759162903 774
1607665671503 0.3529694378376007 775
1607665671635 0.3525506854057312 776
1607665671773 0.35210156440734863 777
1607665671905 0.3519233465194702 778
1607665672042 0.3516087830066681 779
1607665672189 0.35136300325393677 780
1607665672322 0.35126084089279175 781
1607665672452 0.3516486585140228 782
1607665672588 0.3518975079059601 783
1607665672723 0.35278305411338806 784
1607665672854 0.3530092239379883 785
1607665672989 0.3539627194404602 786
1607665673121 0.3544984757900238 787
1607665673252 0.3539451062679291 788
1607665673382 0.3534633219242096 789
1607665673510 0.35278958082199097 790
1607665673642 0.35268551111221313 791
1607665673777 0.35201549530029297 792
1607665673910 0.3515671491622925 793
1607665674044 0.35133203864097595 794
1607665674187 0.351135790348053 795
1607665674319 0.35148876905441284 796
1607665674455 0.3516397774219513 797
1607665674592 0.35196399688720703 798
1607665674727 0.35221099853515625 799
1607665674862 0.352213054895401 800
1607665674994 0.3525601625442505 801
1607665675130 0.352123498916626 802
1607665675262 0.3523949086666107 803
1607665675400 0.3514532148838043 804
1607665675534 0.35163336992263794 805
1607665675669 0.3508158028125763 806
1607665675801 0.351016640663147 807
1607665675939 0.3502093553543091 808
1607665676071 0.350663959980011 809
1607665676201 0.35029253363609314 810
1607665676333 0.35081663727760315 811
1607665676465 0.3508843183517456 812
1607665676600 0.351425439119339 813
1607665676732 0.35191890597343445 814
1607665676864 0.3523106873035431 815
1607665676994 0.3528566360473633 816
1607665677127 0.3528045415878296 817
1607665677257 0.35324037075042725 818
1607665677391 0.3529183268547058 819
1607665677520 0.353180468082428 820
1607665677651 0.35256773233413696 821
1607665677788 0.3525717258453369 822
1607665677920 0.3520907759666443 823
1607665678054 0.3519704341888428 824
1607665678205 0.35232213139533997 825
1607665678347 0.35198232531547546 826
1607665678480 0.3528067469596863 827
1607665678614 0.3524337112903595 828
1607665678761 0.35337159037590027 829
1607665678913 0.3530285656452179 830
1607665679062 0.3533789813518524 831
1607665679212 0.3528650999069214 832
1607665679367 0.3527899384498596 833
1607665679513 0.3519050180912018 834
1607665679652 0.3515845537185669 835
1607665679790 0.3507339060306549 836
1607665679931 0.35042914748191833 837
1607665680076 0.3502475917339325 838
1607665680212 0.34995853900909424 839
1607665680350 0.3501426577568054 840
1607665680496 0.3501195013523102 841
1607665680643 0.3502490818500519 842
1607665680783 0.350883424282074 843
1607665680921 0.35116928815841675 844
1607665681073 0.35132309794425964 845
1607665681232 0.3515414893627167 846
1607665681385 0.351473331451416 847
1607665681519 0.35222020745277405 848
1607665681657 0.3518252372741699 849
1607665681799 0.351868599653244 850
1607665681938 0.35162147879600525 851
1607665682080 0.351842999458313 852
1607665682219 0.3519141674041748 853
1607665682353 0.35171598196029663 854
1607665682487 0.3519219160079956 855
1607665682616 0.3520715534687042 856
1607665682745 0.35207614302635193 857
1607665682886 0.3521333336830139 858
1607665683022 0.3517025411128998 859
1607665683151 0.3520961403846741 860
1607665683290 0.3522035777568817 861
1607665683422 0.35237911343574524 862
1607665683547 0.3524119257926941 863
1607665683680 0.3524942100048065 864
1607665683809 0.3521793484687805 865
1607665683938 0.3521309196949005 866
1607665684073 0.35199323296546936 867
1607665684204 0.35171008110046387 868
1607665684339 0.35176387429237366 869
1607665684469 0.351756751537323 870
1607665684626 0.3518744707107544 871
1607665684771 0.35221362113952637 872
1607665684923 0.3517838716506958 873
1607665685098 0.35175856947898865 874
1607665685248 0.35112378001213074 875
1607665685409 0.35095059871673584 876
1607665685559 0.3510724902153015 877
1607665685723 0.35090404748916626 878
1607665685861 0.35094892978668213 879
1607665686005 0.3512677550315857 880
1607665686141 0.3512820899486542 881
1607665686279 0.3515441417694092 882
1607665686411 0.3513573706150055 883
1607665686544 0.3513246178627014 884
1607665686680 0.3511601984500885 885
1607665686813 0.35067877173423767 886
1607665686946 0.35092857480049133 887
1607665687086 0.351071298122406 888
1607665687223 0.35082414746284485 889
1607665687354 0.3510342836380005 890
1607665687490 0.35040390491485596 891
1607665687620 0.3508757948875427 892
1607665687754 0.3503400683403015 893
1607665687891 0.35066378116607666 894
1607665688024 0.3500649333000183 895
1607665688157 0.35045281052589417 896
1607665688293 0.35047775506973267 897
1607665688421 0.3510622978210449 898
1607665688550 0.3513328433036804 899
1607665688684 0.35145676136016846 900
1607665688818 0.35179319977760315 901
1607665688946 0.3515715003013611 902
1607665689084 0.35167938470840454 903
1607665689217 0.35168254375457764 904
1607665689355 0.3514310121536255 905
1607665689486 0.35165268182754517 906
1607665689636 0.3512323200702667 907
1607665689799 0.3511817157268524 908
1607665689944 0.35130438208580017 909
1607665690083 0.3501565158367157 910
1607665690217 0.34915873408317566 911
1607665690367 0.3489777743816376 912
1607665690509 0.3494962155818939 913
1607665690657 0.34948423504829407 914
1607665690792 0.35019606351852417 915
1607665690926 0.3507842421531677 916
1607665691055 0.35137462615966797 917
1607665691188 0.35149043798446655 918
1607665691321 0.3518265187740326 919
1607665691451 0.3518141806125641 920
1607665691586 0.3520263135433197 921
1607665691718 0.3511667549610138 922
1607665691844 0.3508812189102173 923
1607665691979 0.3500535190105438 924
1607665692108 0.3496860861778259 925
1607665692241 0.3493117094039917 926
1607665692379 0.34890416264533997 927
1607665692522 0.3489570915699005 928
1607665692657 0.3489193916320801 929
1607665692799 0.349306583404541 930
1607665692943 0.34996363520622253 931
1607665693085 0.35073065757751465 932
1607665693215 0.3512769341468811 933
1607665693347 0.3525325655937195 934
1607665693475 0.35272079706192017 935
1607665693611 0.35333916544914246 936
1607665693738 0.3530847430229187 937
1607665693864 0.3530539572238922 938
1607665694000 0.35299110412597656 939
1607665694134 0.3529556691646576 940
1607665694266 0.3525421917438507 941
1607665694400 0.3520059883594513 942
1607665694533 0.3514007031917572 943
1607665694671 0.35055312514305115 944
1607665694804 0.350747674703598 945
1607665694934 0.3497202694416046 946
1607665695068 0.3496721386909485 947
1607665695206 0.3488785922527313 948
1607665695339 0.34932395815849304 949
1607665695475 0.34896761178970337 950
1607665695612 0.34972307085990906 951
1607665695743 0.34948787093162537 952
1607665695877 0.35053175687789917 953
1607665696008 0.3503389358520508 954
1607665696138 0.35097384452819824 955
1607665696269 0.35090500116348267 956
1607665696410 0.35149574279785156 957
1607665696544 0.35099947452545166 958
1607665696677 0.35142964124679565 959
1607665696812 0.3512209355831146 960
1607665696946 0.35121870040893555 961
1607665697076 0.35186660289764404 962
1607665697209 0.35162732005119324 963
1607665697338 0.3517261743545532 964
1607665697466 0.35108786821365356 965
1607665697598 0.35108473896980286 966
1607665697730 0.35139283537864685 967
1607665697863 0.3507933020591736 968
1607665697996 0.35055285692214966 969
1607665698130 0.35010528564453125 970
1607665698263 0.3500590920448303 971
1607665698393 0.34983059763908386 972
1607665698523 0.34975090622901917 973
1607665698661 0.3496447205543518 974
1607665698798 0.3495929539203644 975
1607665698933 0.3496721386909485 976
1607665699067 0.35031482577323914 977
1607665699200 0.35024017095565796 978
1607665699333 0.35082247853279114 979
1607665699465 0.35070839524269104 980
1607665699595 0.3514837622642517 981
1607665699731 0.35169243812561035 982
1607665699866 0.35239484906196594 983
1607665700005 0.3519759476184845 984
1607665700318 0.3526473939418793 985
1607665700454 0.3522542119026184 986
1607665700588 0.3524344861507416 987
1607665700718 0.3513672947883606 988
1607665700849 0.3505377769470215 989
1607665700991 0.3498043119907379 990
1607665701124 0.34903764724731445 991
1607665701252 0.34877151250839233 992
1607665701392 0.34816667437553406 993
1607665701520 0.3483421802520752 994
1607665701647 0.3482598066329956 995
1607665701789 0.3491256535053253 996
1607665701920 0.3493201732635498 997
1607665702055 0.35068944096565247 998
1607665702183 0.3516850769519806 999
