1607609316502 0.47393980622291565 0
1607609316628 0.46467986702919006 1
1607609316748 0.45690733194351196 2
1607609316869 0.45266497135162354 3
1607609316986 0.44612956047058105 4
1607609317111 0.44244322180747986 5
1607609317223 0.4402921497821808 6
1607609317347 0.43903130292892456 7
1607609317476 0.43843939900398254 8
1607609317601 0.4382208585739136 9
1607609317720 0.4372279644012451 10
1607609317843 0.4354681670665741 11
1607609317964 0.43464672565460205 12
1607609318086 0.434368759393692 13
1607609318203 0.4337160587310791 14
1607609318327 0.4333565831184387 15
1607609318451 0.43216460943222046 16
1607609318566 0.431286484003067 17
1607609318687 0.43186911940574646 18
1607609318805 0.43134215474128723 19
1607609318922 0.430032879114151 20
1607609319038 0.42883971333503723 21
1607609319152 0.42772161960601807 22
1607609319273 0.42670807242393494 23
1607609319392 0.4258520007133484 24
1607609319508 0.42497536540031433 25
1607609319627 0.4238121509552002 26
1607609319742 0.4229162931442261 27
1607609319861 0.4228722155094147 28
1607609319982 0.4223673939704895 29
1607609320098 0.42203396558761597 30
1607609320230 0.4211202561855316 31
1607609320356 0.41988521814346313 32
1607609320470 0.4186907410621643 33
1607609320586 0.41816985607147217 34
1607609320703 0.417795866727829 35
1607609320820 0.41733822226524353 36
1607609320934 0.4169628918170929 37
1607609321052 0.4157836437225342 38
1607609321168 0.41418641805648804 39
1607609321285 0.4122678339481354 40
1607609321410 0.41139382123947144 41
1607609321535 0.4109647572040558 42
1607609321648 0.4121081531047821 43
1607609321764 0.4126187264919281 44
1607609321883 0.41218817234039307 45
1607609322001 0.41110682487487793 46
1607609322118 0.4099215567111969 47
1607609322232 0.4089067578315735 48
1607609322348 0.40767163038253784 49
1607609322465 0.4072780907154083 50
1607609322582 0.406746506690979 51
1607609322698 0.4057310223579407 52
1607609322814 0.40466737747192383 53
1607609322930 0.4041769206523895 54
1607609323046 0.4040833115577698 55
1607609323162 0.4039967954158783 56
1607609323277 0.40208789706230164 57
1607609323398 0.4010120630264282 58
1607609323524 0.3993649482727051 59
1607609323643 0.3990553021430969 60
1607609323764 0.3989373445510864 61
1607609323881 0.3986111581325531 62
1607609324005 0.3978119194507599 63
1607609324133 0.39783501625061035 64
1607609324251 0.3975777328014374 65
1607609324382 0.39734095335006714 66
1607609324499 0.3977676033973694 67
1607609324625 0.3974038362503052 68
1607609324751 0.3964311182498932 69
1607609324870 0.39501795172691345 70
1607609324998 0.39232558012008667 71
1607609325118 0.39141690731048584 72
1607609325238 0.39148345589637756 73
1607609325363 0.39170920848846436 74
1607609325488 0.39204347133636475 75
1607609325613 0.39270657300949097 76
1607609325770 0.3923540711402893 77
1607609325927 0.39242151379585266 78
1607609326082 0.3908597230911255 79
1607609326215 0.3900551199913025 80
1607609326340 0.39059004187583923 81
1607609326468 0.3919242024421692 82
1607609326600 0.3919103443622589 83
1607609326726 0.3905528485774994 84
1607609326844 0.3888908326625824 85
1607609326969 0.38743945956230164 86
1607609327084 0.3874433934688568 87
1607609327197 0.38643544912338257 88
1607609327317 0.3860057592391968 89
1607609327436 0.3850722908973694 90
1607609327554 0.38449203968048096 91
1607609327671 0.3841021955013275 92
1607609327796 0.384069561958313 93
1607609327909 0.3845157027244568 94
1607609328031 0.38452470302581787 95
1607609328150 0.38542914390563965 96
1607609328267 0.3845776915550232 97
1607609328388 0.38420215249061584 98
1607609328506 0.3837624192237854 99
1607609328623 0.3844996988773346 100
1607609328742 0.3840894103050232 101
1607609328863 0.38314664363861084 102
1607609328979 0.3833203613758087 103
1607609329103 0.3830057680606842 104
1607609329225 0.3827068507671356 105
1607609329351 0.38309451937675476 106
1607609329471 0.382694274187088 107
1607609329590 0.3814687728881836 108
1607609329705 0.3811459541320801 109
1607609329820 0.37992021441459656 110
1607609329938 0.37948065996170044 111
1607609330053 0.3790893852710724 112
1607609330182 0.3791336119174957 113
1607609330298 0.3791358172893524 114
1607609330415 0.3784932494163513 115
1607609330537 0.3788207471370697 116
1607609330678 0.37867167592048645 117
1607609330815 0.378836989402771 118
1607609330938 0.3790517747402191 119
1607609331057 0.3785927891731262 120
1607609331198 0.378701388835907 121
1607609331355 0.3789617419242859 122
1607609331473 0.3782024383544922 123
1607609331592 0.3772587478160858 124
1607609331710 0.3765857517719269 125
1607609331852 0.37641340494155884 126
1607609331979 0.3760683834552765 127
1607609332105 0.3765845000743866 128
1607609332235 0.3769559860229492 129
1607609332367 0.3770623207092285 130
1607609332517 0.37692350149154663 131
1607609332639 0.3772839903831482 132
1607609332762 0.37689563632011414 133
1607609332883 0.37645772099494934 134
1607609333007 0.3760138154029846 135
1607609333152 0.3754573464393616 136
1607609333278 0.3759792447090149 137
1607609333397 0.37565234303474426 138
1607609333511 0.3759114444255829 139
1607609333639 0.3758855164051056 140
1607609333927 0.37621453404426575 141
1607609334053 0.3749999403953552 142
1607609334172 0.37470072507858276 143
1607609334290 0.3734404742717743 144
1607609334413 0.37323829531669617 145
1607609334556 0.3730684816837311 146
1607609334684 0.37370795011520386 147
1607609334802 0.37342262268066406 148
1607609334925 0.37434616684913635 149
1607609335040 0.3743055462837219 150
1607609335181 0.37392657995224 151
1607609335306 0.37324750423431396 152
1607609335421 0.37226080894470215 153
1607609335542 0.37199118733406067 154
1607609335658 0.37082672119140625 155
1607609335804 0.3706754744052887 156
1607609335960 0.3703170716762543 157
1607609336119 0.37101805210113525 158
1607609336245 0.3721315860748291 159
1607609336365 0.37323084473609924 160
1607609336504 0.37420985102653503 161
1607609336659 0.3744061589241028 162
1607609336779 0.37410297989845276 163
1607609336900 0.37278512120246887 164
1607609337026 0.3720831871032715 165
1607609337145 0.3715086579322815 166
1607609337276 0.37131091952323914 167
1607609337395 0.3719336986541748 168
1607609337518 0.37228432297706604 169
1607609337637 0.37298643589019775 170
1607609337756 0.372907817363739 171
1607609337877 0.37250667810440063 172
1607609337999 0.37222909927368164 173
1607609338119 0.37124645709991455 174
1607609338235 0.3709659278392792 175
1607609338359 0.369882732629776 176
1607609338482 0.3699985444545746 177
1607609338610 0.37018105387687683 178
1607609338742 0.36957189440727234 179
1607609338859 0.3700530230998993 180
1607609338986 0.36973896622657776 181
1607609339114 0.3702928423881531 182
1607609339239 0.3704417049884796 183
1607609339366 0.3704752027988434 184
1607609339491 0.37061405181884766 185
1607609339605 0.37070682644844055 186
1607609339725 0.370275616645813 187
1607609339843 0.3696732521057129 188
1607609339961 0.36854830384254456 189
1607609340079 0.36817270517349243 190
1607609340197 0.3677107095718384 191
1607609340311 0.3675052225589752 192
1607609340430 0.3670320510864258 193
1607609340550 0.3674711585044861 194
1607609340667 0.3675072491168976 195
1607609340783 0.3678906559944153 196
1607609340901 0.36759889125823975 197
1607609341017 0.36798572540283203 198
1607609341136 0.3680879473686218 199
1607609341257 0.3678390383720398 200
1607609341383 0.3681778013706207 201
1607609341504 0.3680414855480194 202
1607609341620 0.3681330680847168 203
1607609341762 0.36768412590026855 204
1607609341881 0.3674485385417938 205
1607609341999 0.3680066168308258 206
1607609342115 0.3678892254829407 207
1607609342232 0.3681337237358093 208
1607609342376 0.36802008748054504 209
1607609342501 0.36828964948654175 210
1607609342626 0.3679387867450714 211
1607609342742 0.36793994903564453 212
1607609342859 0.36756429076194763 213
1607609342998 0.3674187660217285 214
1607609343125 0.36692216992378235 215
1607609343245 0.36647653579711914 216
1607609343365 0.36628812551498413 217
1607609343486 0.365767240524292 218
1607609343624 0.365735799074173 219
1607609343746 0.36576277017593384 220
1607609343863 0.36598333716392517 221
1607609343978 0.3659963309764862 222
1607609344095 0.36667007207870483 223
1607609344230 0.3673276901245117 224
1607609344351 0.3683430552482605 225
1607609344465 0.3692135810852051 226
1607609344586 0.36991071701049805 227
1607609344703 0.3702535033226013 228
1607609344836 0.36949318647384644 229
1607609344960 0.3686763346195221 230
1607609345072 0.36761921644210815 231
1607609345187 0.3677113950252533 232
1607609345304 0.3664550185203552 233
1607609345438 0.36581146717071533 234
1607609345559 0.36546069383621216 235
1607609345677 0.365475058555603 236
1607609345792 0.3655228316783905 237
1607609345906 0.3656994104385376 238
1607609346042 0.3659716546535492 239
1607609346156 0.365884929895401 240
1607609346269 0.3658299148082733 241
1607609346389 0.36564090847969055 242
1607609346514 0.365572452545166 243
1607609346652 0.3649037480354309 244
1607609346810 0.36485764384269714 245
1607609346933 0.3640909492969513 246
1607609347047 0.36435675621032715 247
1607609347164 0.36375412344932556 248
1607609347284 0.36405181884765625 249
1607609347409 0.3635736405849457 250
1607609347543 0.36407366394996643 251
1607609347698 0.36389273405075073 252
1607609347822 0.3645199239253998 253
1607609347946 0.36491072177886963 254
1607609348077 0.36566221714019775 255
1607609348232 0.36594337224960327 256
1607609348359 0.36538177728652954 257
1607609348516 0.3657357096672058 258
1607609348641 0.3646582365036011 259
1607609348755 0.3645026683807373 260
1607609348873 0.3640331029891968 261
1607609348994 0.36364448070526123 262
1607609349121 0.36385560035705566 263
1607609349243 0.3637387454509735 264
1607609349363 0.36471161246299744 265
1607609349486 0.36487603187561035 266
1607609349614 0.3651479184627533 267
1607609349729 0.36488959193229675 268
1607609349850 0.3654824495315552 269
1607609349982 0.36515262722969055 270
1607609350100 0.3649039566516876 271
1607609350225 0.3644370436668396 272
1607609350342 0.3641897141933441 273
1607609350457 0.3635861873626709 274
1607609350574 0.3631175756454468 275
1607609350690 0.3627612590789795 276
1607609350811 0.36270883679389954 277
1607609350928 0.3629888594150543 278
1607609351050 0.3631739914417267 279
1607609351162 0.36366358399391174 280
1607609351284 0.3638332486152649 281
1607609351403 0.36445483565330505 282
1607609351522 0.36460059881210327 283
1607609351640 0.36435797810554504 284
1607609351756 0.36393123865127563 285
1607609351871 0.3636782169342041 286
1607609351989 0.36301568150520325 287
1607609352104 0.3623659610748291 288
1607609352225 0.36195623874664307 289
1607609352345 0.3615522086620331 290
1607609352484 0.36148956418037415 291
1607609352605 0.36141425371170044 292
1607609352727 0.36168941855430603 293
1607609352847 0.36272862553596497 294
1607609352966 0.3636627197265625 295
1607609353098 0.36482274532318115 296
1607609353222 0.3653008043766022 297
1607609353347 0.3655747175216675 298
1607609353502 0.36496007442474365 299
1607609353630 0.36443713307380676 300
1607609353756 0.3631667196750641 301
1607609353882 0.3622643053531647 302
1607609354040 0.3617401421070099 303
1607609354195 0.36099424958229065 304
1607609354354 0.3610678017139435 305
1607609354487 0.3610359728336334 306
1607609354643 0.36137187480926514 307
1607609354799 0.3620857894420624 308
1607609354955 0.36239761114120483 309
1607609355114 0.3629826307296753 310
1607609355271 0.363639235496521 311
1607609355399 0.36271020770072937 312
1607609355524 0.36231568455696106 313
1607609355643 0.3616573214530945 314
1607609355761 0.36130866408348083 315
1607609355881 0.3612276017665863 316
1607609356005 0.3606107234954834 317
1607609356119 0.3605950176715851 318
1607609356238 0.3604526221752167 319
1607609356362 0.3606463372707367 320
1607609356482 0.3613710403442383 321
1607609356598 0.3617539405822754 322
1607609356715 0.3623311519622803 323
1607609356830 0.3619048297405243 324
1607609356947 0.3629796504974365 325
1607609357074 0.36222994327545166 326
1607609357191 0.36231616139411926 327
1607609357307 0.3618200719356537 328
1607609357425 0.36172783374786377 329
1607609357542 0.361339271068573 330
1607609357660 0.3611566424369812 331
1607609357777 0.3608524203300476 332
1607609357898 0.3611382842063904 333
1607609358015 0.3608267307281494 334
1607609358148 0.3613367974758148 335
1607609358279 0.36082565784454346 336
1607609358400 0.3612998425960541 337
1607609358525 0.36094921827316284 338
1607609358650 0.36159786581993103 339
1607609358774 0.36107298731803894 340
1607609358897 0.3612630069255829 341
1607609359012 0.3611047565937042 342
1607609359130 0.36126819252967834 343
1607609359258 0.3609800636768341 344
1607609359381 0.360918790102005 345
1607609359507 0.36055615544319153 346
1607609359635 0.3607850968837738 347
1607609359765 0.36023077368736267 348
1607609359884 0.36047518253326416 349
1607609360006 0.3600737750530243 350
1607609360123 0.36119356751441956 351
1607609360244 0.36133673787117004 352
1607609360379 0.36226221919059753 353
1607609360508 0.3618301749229431 354
1607609360626 0.3619878888130188 355
1607609360750 0.36176615953445435 356
1607609360870 0.3615684509277344 357
1607609360989 0.36091381311416626 358
1607609361110 0.3607659637928009 359
1607609361228 0.3599376082420349 360
1607609361348 0.3604954183101654 361
1607609361472 0.360108882188797 362
1607609361595 0.36058124899864197 363
1607609361720 0.3603028655052185 364
1607609361838 0.36035796999931335 365
1607609361957 0.3604854941368103 366
1607609362076 0.36069220304489136 367
1607609362195 0.36066558957099915 368
1607609362316 0.3602278530597687 369
1607609362438 0.3598358631134033 370
1607609362566 0.35967928171157837 371
1607609362687 0.3592471778392792 372
1607609362814 0.35934939980506897 373
1607609362937 0.35898345708847046 374
1607609363064 0.359298974275589 375
1607609363184 0.35936081409454346 376
1607609363326 0.359563946723938 377
1607609363451 0.3602260649204254 378
1607609363575 0.36011987924575806 379
1607609363704 0.3605274558067322 380
1607609363830 0.35990121960639954 381
1607609363976 0.3597354590892792 382
1607609364105 0.3593587577342987 383
1607609364219 0.35921022295951843 384
1607609364338 0.35892197489738464 385
1607609364479 0.35885652899742126 386
1607609364604 0.3583027124404907 387
1607609364725 0.3586491346359253 388
1607609364850 0.35851335525512695 389
1607609364994 0.35869553685188293 390
1607609365121 0.3585616648197174 391
1607609365240 0.35847756266593933 392
1607609365355 0.3592348098754883 393
1607609365473 0.35930368304252625 394
1607609365612 0.35969969630241394 395
1607609365744 0.35992878675460815 396
1607609365864 0.36025458574295044 397
1607609365992 0.3607632517814636 398
1607609366111 0.3606957793235779 399
1607609366264 0.3603185713291168 400
1607609366394 0.3600359559059143 401
1607609366543 0.35943347215652466 402
1607609366668 0.35906413197517395 403
1607609366792 0.3587115705013275 404
1607609366915 0.35844558477401733 405
1607609367039 0.35799917578697205 406
1607609367173 0.3579445481300354 407
1607609367327 0.3577480614185333 408
1607609367483 0.357938677072525 409
1607609367633 0.3582446277141571 410
1607609367786 0.3582649528980255 411
1607609367915 0.3582648038864136 412
1607609368043 0.3582724928855896 413
1607609368167 0.3586152195930481 414
1607609368282 0.3584475815296173 415
1607609368410 0.35818761587142944 416
1607609368530 0.3579050898551941 417
1607609368649 0.3579048812389374 418
1607609368765 0.3579629957675934 419
1607609368887 0.35807016491889954 420
1607609369010 0.35825127363204956 421
1607609369132 0.3587675094604492 422
1607609369249 0.35922300815582275 423
1607609369365 0.3598197102546692 424
1607609369491 0.3606131076812744 425
1607609369612 0.3606857657432556 426
1607609369734 0.36058422923088074 427
1607609369853 0.3600618243217468 428
1607609369970 0.3594995141029358 429
1607609370088 0.35943782329559326 430
1607609370209 0.35932743549346924 431
1607609370327 0.3593195378780365 432
1607609370442 0.35923466086387634 433
1607609370565 0.3595661222934723 434
1607609370682 0.3593202829360962 435
1607609370803 0.35906997323036194 436
1607609370922 0.3585653007030487 437
1607609371038 0.3578982651233673 438
1607609371156 0.35745155811309814 439
1607609371276 0.35677576065063477 440
1607609371395 0.3568758964538574 441
1607609371513 0.356598824262619 442
1607609371635 0.35729536414146423 443
1607609371752 0.3572017550468445 444
1607609371882 0.3579280972480774 445
1607609372004 0.35797470808029175 446
1607609372121 0.35853347182273865 447
1607609372237 0.35820043087005615 448
1607609372355 0.35822632908821106 449
1607609372481 0.35791629552841187 450
1607609372600 0.3577885925769806 451
1607609372733 0.35778898000717163 452
1607609372859 0.3576793074607849 453
1607609372981 0.35786449909210205 454
1607609373108 0.3576202988624573 455
1607609373226 0.3578702211380005 456
1607609373347 0.3584536910057068 457
1607609373468 0.35809817910194397 458
1607609373587 0.3574526906013489 459
1607609373717 0.35761475563049316 460
1607609373838 0.3572414219379425 461
1607609373960 0.35754507780075073 462
1607609374101 0.3565753996372223 463
1607609374226 0.35718393325805664 464
1607609374343 0.3564586937427521 465
1607609374462 0.3567394018173218 466
1607609374583 0.35650789737701416 467
1607609374720 0.3569355607032776 468
1607609374845 0.3570255935192108 469
1607609374971 0.3569841980934143 470
1607609375090 0.35707420110702515 471
1607609375209 0.3572918772697449 472
1607609375357 0.35787177085876465 473
1607609375481 0.35787642002105713 474
1607609375607 0.35784992575645447 475
1607609375723 0.35747966170310974 476
1607609375849 0.3572394847869873 477
1607609375989 0.3571118712425232 478
1607609376128 0.3570438325405121 479
1607609376245 0.35684511065483093 480
1607609376366 0.3563804626464844 481
1607609376486 0.3566923141479492 482
1607609376623 0.35650041699409485 483
1607609376754 0.3568236529827118 484
1607609376874 0.3568366467952728 485
1607609377000 0.35747775435447693 486
1607609377123 0.357489675283432 487
1607609377273 0.358206182718277 488
1607609377400 0.35864800214767456 489
1607609377520 0.359016478061676 490
1607609377642 0.35907435417175293 491
1607609377765 0.3587164282798767 492
1607609377905 0.3581859767436981 493
1607609378029 0.3579176664352417 494
1607609378150 0.35743850469589233 495
1607609378268 0.35772907733917236 496
1607609378393 0.3569471836090088 497
1607609378533 0.3572518229484558 498
1607609378684 0.3567780554294586 499
1607609378835 0.35673895478248596 500
1607609378989 0.3566659986972809 501
1607609379120 0.3566463589668274 502
1607609379246 0.3568193316459656 503
1607609379371 0.3568727672100067 504
1607609379509 0.3566056191921234 505
1607609379660 0.3571329414844513 506
1607609379818 0.3571747839450836 507
1607609379973 0.35755035281181335 508
1607609380099 0.35671210289001465 509
1607609380224 0.3568170368671417 510
1607609380343 0.35640645027160645 511
1607609380464 0.35605600476264954 512
1607609380582 0.3562394976615906 513
1607609380702 0.3557055592536926 514
1607609380825 0.35596320033073425 515
1607609380952 0.3552359938621521 516
1607609381072 0.3558851480484009 517
1607609381192 0.35542967915534973 518
1607609381310 0.3562587797641754 519
1607609381441 0.3562513589859009 520
1607609381561 0.3572451174259186 521
1607609381677 0.35715624690055847 522
1607609381798 0.3576914668083191 523
1607609381916 0.35744550824165344 524
1607609382032 0.35726991295814514 525
1607609382154 0.3561541438102722 526
1607609382270 0.3561749756336212 527
1607609382389 0.3554694652557373 528
1607609382506 0.355869323015213 529
1607609382625 0.3557620942592621 530
1607609382743 0.35580524802207947 531
1607609382864 0.35627391934394836 532
1607609382987 0.355923593044281 533
1607609383106 0.3567962646484375 534
1607609383223 0.3568398654460907 535
1607609383343 0.35696011781692505 536
1607609383463 0.3565390706062317 537
1607609383583 0.35718074440956116 538
1607609383701 0.35679763555526733 539
1607609383817 0.35691893100738525 540
1607609383932 0.35603755712509155 541
1607609384064 0.35628047585487366 542
1607609384184 0.3557033836841583 543
1607609384307 0.3555169105529785 544
1607609384426 0.35491546988487244 545
1607609384544 0.354622483253479 546
1607609384664 0.354574054479599 547
1607609384781 0.3543857932090759 548
1607609384923 0.35422638058662415 549
1607609385044 0.3548108637332916 550
1607609385170 0.3545626699924469 551
1607609385291 0.35468611121177673 552
1607609385409 0.35504528880119324 553
1607609385546 0.35540810227394104 554
1607609385670 0.3561137616634369 555
1607609385789 0.3560943901538849 556
1607609385907 0.3566325306892395 557
1607609386028 0.3564448654651642 558
1607609386162 0.35677412152290344 559
1607609386291 0.356596440076828 560
1607609386412 0.3568480610847473 561
1607609386538 0.3569863736629486 562
1607609386659 0.3569713830947876 563
1607609386798 0.35701218247413635 564
1607609386922 0.3567647337913513 565
1607609387041 0.3564225137233734 566
1607609387157 0.35580870509147644 567
1607609387277 0.3555261790752411 568
1607609387420 0.3552379906177521 569
1607609387550 0.35489803552627563 570
1607609387680 0.35455819964408875 571
1607609387806 0.35482874512672424 572
1607609387925 0.354851633310318 573
1607609388061 0.3545020520687103 574
1607609388188 0.35451817512512207 575
1607609388310 0.35442328453063965 576
1607609388436 0.35455915331840515 577
1607609388564 0.3544166386127472 578
1607609388866 0.35434654355049133 579
1607609388992 0.3543277084827423 580
1607609389110 0.3546561598777771 581
1607609389228 0.35475602746009827 582
1607609389349 0.355135977268219 583
1607609389491 0.35541343688964844 584
1607609389621 0.35601961612701416 585
1607609389740 0.3559128940105438 586
1607609389863 0.3562150001525879 587
1607609389979 0.3557147681713104 588
1607609390115 0.355787456035614 589
1607609390260 0.3549570143222809 590
1607609390416 0.3546358048915863 591
1607609390571 0.35438069701194763 592
1607609390702 0.35427993535995483 593
1607609390829 0.3544968068599701 594
1607609390954 0.3545044958591461 595
1607609391084 0.354747474193573 596
1607609391231 0.354679137468338 597
1607609391389 0.3551311492919922 598
1607609391516 0.35484230518341064 599
1607609391641 0.35500866174697876 600
1607609391761 0.3545256555080414 601
1607609391877 0.3545246124267578 602
1607609392010 0.35459229350090027 603
1607609392135 0.35449451208114624 604
1607609392251 0.35543209314346313 605
1607609392368 0.3557322323322296 606
1607609392484 0.35661932826042175 607
1607609392599 0.3566354811191559 608
1607609392716 0.35671529173851013 609
1607609392831 0.35671693086624146 610
1607609392952 0.3559260964393616 611
1607609393067 0.35538250207901 612
1607609393182 0.3545902669429779 613
1607609393299 0.3548482060432434 614
1607609393426 0.35505712032318115 615
1607609393544 0.35524782538414 616
1607609393660 0.35563623905181885 617
1607609393776 0.3558194637298584 618
1607609393891 0.3559139370918274 619
1607609394019 0.3560943007469177 620
1607609394133 0.35586318373680115 621
1607609394250 0.355275958776474 622
1607609394374 0.35552218556404114 623
1607609394492 0.35523349046707153 624
1607609394611 0.3556136190891266 625
1607609394725 0.35469725728034973 626
1607609394844 0.3551158010959625 627
1607609394961 0.35435864329338074 628
1607609395082 0.35434451699256897 629
1607609395204 0.3540000319480896 630
1607609395317 0.3536392152309418 631
1607609395437 0.3533579707145691 632
1607609395557 0.352947860956192 633
1607609395678 0.35295820236206055 634
1607609395805 0.35296395421028137 635
1607609395934 0.3529682457447052 636
1607609396057 0.35341042280197144 637
1607609396191 0.3532489240169525 638
1607609396317 0.35398611426353455 639
1607609396460 0.3538743853569031 640
1607609396587 0.35521841049194336 641
1607609396704 0.35525357723236084 642
1607609396823 0.3560132384300232 643
1607609396946 0.35541921854019165 644
1607609397082 0.35566097497940063 645
1607609397203 0.3551425635814667 646
1607609397323 0.35474297404289246 647
1607609397439 0.35373467206954956 648
1607609397566 0.35387420654296875 649
1607609397705 0.35330185294151306 650
1607609397826 0.35345372557640076 651
1607609397947 0.35300227999687195 652
1607609398061 0.3535342812538147 653
1607609398181 0.35320526361465454 654
1607609398324 0.3536352217197418 655
1607609398455 0.35363829135894775 656
1607609398578 0.35398954153060913 657
1607609398696 0.3544660210609436 658
1607609398820 0.35405290126800537 659
1607609398962 0.3545169532299042 660
1607609399088 0.35409000515937805 661
1607609399207 0.3542557656764984 662
1607609399330 0.3539539575576782 663
1607609399448 0.35390323400497437 664
1607609399594 0.3534180223941803 665
1607609399721 0.353222519159317 666
1607609399845 0.3529534637928009 667
1607609399975 0.3529934585094452 668
1607609400111 0.35304176807403564 669
1607609400232 0.35305362939834595 670
1607609400358 0.35354793071746826 671
1607609400487 0.35388752818107605 672
1607609400620 0.35448604822158813 673
1607609400771 0.355316162109375 674
1607609400898 0.3559022843837738 675
1607609401017 0.35662564635276794 676
1607609401145 0.3560817837715149 677
1607609401265 0.35633423924446106 678
1607609401402 0.3554975986480713 679
1607609401546 0.35466986894607544 680
1607609401712 0.3535388112068176 681
1607609401866 0.3533199429512024 682
1607609401994 0.3528845012187958 683
1607609402128 0.3531428575515747 684
1607609402259 0.3530256450176239 685
1607609402409 0.35401368141174316 686
1607609402553 0.3546919822692871 687
1607609402683 0.3553200662136078 688
1607609402805 0.35598647594451904 689
1607609402919 0.35607632994651794 690
1607609403038 0.35615187883377075 691
1607609403165 0.3554917275905609 692
1607609403289 0.35467925667762756 693
1607609403407 0.35399097204208374 694
1607609403529 0.35296857357025146 695
1607609403650 0.3525473475456238 696
1607609403768 0.35174715518951416 697
1607609403884 0.3516222834587097 698
1607609404003 0.35134264826774597 699
1607609404116 0.3513023853302002 700
1607609404239 0.3513045012950897 701
1607609404360 0.3517627716064453 702
1607609404478 0.3518674969673157 703
1607609404601 0.3529828190803528 704
1607609404722 0.35321980714797974 705
1607609404840 0.35419198870658875 706
1607609404962 0.3544538617134094 707
1607609405084 0.3551606237888336 708
1607609405200 0.35464590787887573 709
1607609405325 0.35462963581085205 710
1607609405446 0.35361260175704956 711
1607609405567 0.35328277945518494 712
1607609405686 0.3528936803340912 713
1607609405805 0.35274216532707214 714
1607609405922 0.3528582453727722 715
1607609406039 0.352962464094162 716
1607609406159 0.3535582721233368 717
1607609406279 0.3535257875919342 718
1607609406404 0.35377442836761475 719
1607609406542 0.35369157791137695 720
1607609406671 0.35379233956336975 721
1607609406790 0.35297876596450806 722
1607609406910 0.3528132140636444 723
1607609407030 0.3516327738761902 724
1607609407168 0.3517632782459259 725
1607609407293 0.3511996269226074 726
1607609407416 0.3515271246433258 727
1607609407541 0.35138505697250366 728
1607609407661 0.3521486222743988 729
1607609407796 0.35298702120780945 730
1607609407927 0.3538576364517212 731
1607609408050 0.3552839159965515 732
1607609408168 0.35568952560424805 733
1607609408286 0.35633859038352966 734
1607609408421 0.35588300228118896 735
1607609408548 0.3557669520378113 736
1607609408672 0.3549043834209442 737
1607609408790 0.3543139100074768 738
1607609408906 0.35331982374191284 739
1607609409041 0.353028267621994 740
1607609409166 0.3529125154018402 741
1607609409284 0.35254165530204773 742
1607609409399 0.3526518940925598 743
1607609409516 0.35240766406059265 744
1607609409650 0.3526953458786011 745
1607609409801 0.35268634557724 746
1607609409930 0.3528051972389221 747
1607609410085 0.35293644666671753 748
1607609410206 0.3533330261707306 749
1607609410332 0.35340580344200134 750
1607609410464 0.35389474034309387 751
1607609410618 0.3534027338027954 752
1607609410773 0.35312995314598083 753
1607609410927 0.3533693850040436 754
1607609411090 0.3528887927532196 755
1607609411239 0.35299789905548096 756
1607609411393 0.3521825671195984 757
1607609411522 0.3522723317146301 758
1607609411647 0.35202011466026306 759
1607609411778 0.35203197598457336 760
1607609411935 0.3519567549228668 761
1607609412084 0.3522193431854248 762
1607609412208 0.3524436354637146 763
1607609412338 0.35282284021377563 764
1607609412459 0.35372552275657654 765
1607609412578 0.3535800874233246 766
1607609412696 0.35402509570121765 767
1607609412817 0.3544430136680603 768
1607609412945 0.3544677793979645 769
1607609413075 0.3544890284538269 770
1607609413204 0.353141188621521 771
1607609413319 0.3533741235733032 772
1607609413445 0.35209032893180847 773
1607609413569 0.3517669439315796 774
1607609413692 0.3513176441192627 775
1607609413815 0.3509829640388489 776
1607609413940 0.35097363591194153 777
1607609414069 0.3508795499801636 778
1607609414192 0.3514736592769623 779
1607609414310 0.3516082167625427 780
1607609414429 0.35194748640060425 781
1607609414557 0.35235655307769775 782
1607609414684 0.3530022203922272 783
1607609414802 0.3538118600845337 784
1607609414926 0.35423049330711365 785
1607609415053 0.3536316454410553 786
1607609415176 0.35369428992271423 787
1607609415303 0.3532857298851013 788
1607609415422 0.35355645418167114 789
1607609415543 0.35308706760406494 790
1607609415667 0.3525379002094269 791
1607609415791 0.35213497281074524 792
1607609415914 0.35192519426345825 793
1607609416040 0.35232314467430115 794
1607609416162 0.3523249328136444 795
1607609416281 0.3524532914161682 796
1607609416406 0.3524596393108368 797
1607609416526 0.35256266593933105 798
1607609416652 0.35257476568222046 799
1607609416775 0.35278499126434326 800
1607609416900 0.35270947217941284 801
1607609417019 0.3527912199497223 802
1607609417144 0.35278892517089844 803
1607609417264 0.3532446622848511 804
1607609417382 0.3535385727882385 805
1607609417502 0.3538488745689392 806
1607609417624 0.35343238711357117 807
1607609417743 0.35346266627311707 808
1607609417872 0.35274192690849304 809
1607609417993 0.3527396321296692 810
1607609418111 0.3517394959926605 811
1607609418230 0.3514183461666107 812
1607609418347 0.3507207930088043 813
1607609418467 0.35086724162101746 814
1607609418587 0.35048574209213257 815
1607609418702 0.3507920801639557 816
1607609418821 0.3506276309490204 817
1607609418943 0.3516361117362976 818
1607609419062 0.3524881899356842 819
1607609419183 0.35347774624824524 820
1607609419306 0.35512158274650574 821
1607609419422 0.3556085228919983 822
1607609419542 0.3557150959968567 823
1607609419663 0.3554229736328125 824
1607609419778 0.3547418713569641 825
1607609419894 0.3531559705734253 826
1607609420035 0.35235732793807983 827
1607609420189 0.35106024146080017 828
1607609420318 0.3510916233062744 829
1607609420441 0.35044780373573303 830
1607609420566 0.35045942664146423 831
1607609420689 0.35031265020370483 832
1607609420815 0.35022956132888794 833
1607609420944 0.35084089636802673 834
1607609421098 0.3513275682926178 835
1607609421255 0.35279393196105957 836
1607609421414 0.3530225455760956 837
1607609421567 0.3548576533794403 838
1607609421694 0.35409560799598694 839
1607609421818 0.3551953136920929 840
1607609421942 0.353700190782547 841
1607609422064 0.3530980944633484 842
1607609422190 0.3510325253009796 843
1607609422321 0.35065945982933044 844
1607609422473 0.350212424993515 845
1607609422601 0.3498733639717102 846
1607609422722 0.34995755553245544 847
1607609422840 0.34990888833999634 848
1607609422961 0.3507137596607208 849
1607609423079 0.35132789611816406 850
1607609423198 0.35204511880874634 851
1607609423314 0.35328710079193115 852
1607609423434 0.35355380177497864 853
1607609423563 0.35399311780929565 854
1607609423682 0.35319674015045166 855
1607609423803 0.35306718945503235 856
1607609423927 0.3523887097835541 857
1607609424044 0.3520192801952362 858
1607609424163 0.351476788520813 859
1607609424285 0.35134854912757874 860
1607609424400 0.3513338565826416 861
1607609424514 0.351603627204895 862
1607609424642 0.35214608907699585 863
1607609424759 0.3521881699562073 864
1607609424875 0.35283783078193665 865
1607609424995 0.3531951308250427 866
1607609425113 0.3534201979637146 867
1607609425247 0.3536868095397949 868
1607609425393 0.35288912057876587 869
1607609425548 0.3526771664619446 870
1607609425688 0.35172978043556213 871
1607609425835 0.351616770029068 872
1607609425966 0.3508884906768799 873
1607609426089 0.3505805432796478 874
1607609426213 0.3502563536167145 875
1607609426342 0.35050344467163086 876
1607609426471 0.3506438732147217 877
1607609426590 0.3510543406009674 878
1607609426709 0.3511165678501129 879
1607609426825 0.35145142674446106 880
1607609426956 0.3516015410423279 881
1607609427078 0.352216511964798 882
1607609427193 0.35204851627349854 883
1607609427314 0.35188016295433044 884
1607609427436 0.35122743248939514 885
1607609427555 0.3513126075267792 886
1607609427677 0.35115981101989746 887
1607609427795 0.35157838463783264 888
1607609427911 0.3512036204338074 889
1607609428036 0.351794570684433 890
1607609428158 0.35166415572166443 891
1607609428284 0.3515387773513794 892
1607609428408 0.3512737452983856 893
1607609428528 0.3512341380119324 894
1607609428659 0.3508511781692505 895
1607609428781 0.35116061568260193 896
1607609428905 0.3508327305316925 897
1607609429021 0.3515632748603821 898
1607609429151 0.3518817126750946 899
1607609429271 0.35261672735214233 900
1607609429395 0.3528599739074707 901
1607609429518 0.35297074913978577 902
1607609429639 0.3526720404624939 903
1607609429782 0.35284528136253357 904
1607609429928 0.35243237018585205 905
1607609430082 0.35174524784088135 906
1607609430206 0.3512910306453705 907
1607609430336 0.35101473331451416 908
1607609430483 0.3507075011730194 909
1607609430606 0.35055220127105713 910
1607609430728 0.350220650434494 911
1607609430850 0.35052570700645447 912
1607609430969 0.3501001298427582 913
1607609431086 0.35040709376335144 914
1607609431203 0.3503696322441101 915
1607609431325 0.3511560559272766 916
1607609431454 0.351337194442749 917
1607609431577 0.35188794136047363 918
1607609431696 0.3523281514644623 919
1607609431813 0.3529682457447052 920
1607609431932 0.35352250933647156 921
1607609432055 0.3532407879829407 922
1607609432169 0.3527727723121643 923
1607609432286 0.3520103693008423 924
1607609432404 0.35152938961982727 925
1607609432535 0.35104280710220337 926
1607609432653 0.35031554102897644 927
1607609432775 0.3499533236026764 928
1607609432898 0.3496536910533905 929
1607609433021 0.3497633934020996 930
1607609433145 0.3499540388584137 931
1607609433261 0.35031524300575256 932
1607609433385 0.3507063686847687 933
1607609433505 0.35141146183013916 934
1607609433626 0.3520151674747467 935
1607609433752 0.35229960083961487 936
1607609433878 0.35250726342201233 937
1607609434001 0.3520601987838745 938
1607609434131 0.35182809829711914 939
1607609434254 0.35115012526512146 940
1607609434374 0.3510070741176605 941
1607609434495 0.3504760265350342 942
1607609434613 0.350303053855896 943
1607609434736 0.35012349486351013 944
1607609434858 0.3499799370765686 945
1607609435004 0.35006213188171387 946
1607609435162 0.3501640558242798 947
1607609435311 0.3504717946052551 948
1607609435465 0.35130152106285095 949
1607609435619 0.3517232835292816 950
1607609435747 0.3526698648929596 951
1607609435910 0.353727251291275 952
1607609436059 0.3534300625324249 953
1607609436190 0.3536931574344635 954
1607609436322 0.353434294462204 955
1607609436448 0.3530755639076233 956
1607609436572 0.35181087255477905 957
1607609436696 0.35088276863098145 958
1607609436815 0.3499399423599243 959
1607609436930 0.34973034262657166 960
1607609437045 0.3489741086959839 961
1607609437174 0.3488892614841461 962
1607609437296 0.3487510085105896 963
1607609437413 0.34891536831855774 964
1607609437531 0.3497447669506073 965
1607609437657 0.34995195269584656 966
1607609437779 0.35061565041542053 967
1607609437898 0.35078108310699463 968
1607609438016 0.3509829342365265 969
1607609438134 0.3515431582927704 970
1607609438262 0.3514387607574463 971
1607609438384 0.35137906670570374 972
1607609438516 0.3512451946735382 973
1607609438638 0.3517237901687622 974
1607609438761 0.3517170548439026 975
1607609438887 0.35212135314941406 976
1607609439012 0.35172238945961 977
1607609439134 0.35180455446243286 978
1607609439261 0.3512977063655853 979
1607609439393 0.35141047835350037 980
1607609439515 0.3509886860847473 981
1607609439633 0.3507792055606842 982
1607609439757 0.35067635774612427 983
1607609439878 0.3510562479496002 984
1607609440024 0.3513045907020569 985
1607609440151 0.35132458806037903 986
1607609440274 0.3518233299255371 987
1607609440399 0.3515178859233856 988
1607609440557 0.3518086373806 989
1607609440706 0.35142773389816284 990
1607609440837 0.35114002227783203 991
1607609440993 0.35129591822624207 992
1607609441124 0.3509931266307831 993
1607609441245 0.3515479266643524 994
1607609441366 0.3514613211154938 995
1607609441495 0.3519771695137024 996
1607609441617 0.35208603739738464 997
1607609441748 0.3520936369895935 998
1607609441875 0.35181939601898193 999
