1607612964168 0.4742972254753113 0
1607612964381 0.46995407342910767 1
1607612964599 0.45821502804756165 2
1607612964815 0.44711506366729736 3
1607612965024 0.4424065351486206 4
1607612965232 0.44015347957611084 5
1607612965441 0.4393671452999115 6
1607612965656 0.438999205827713 7
1607612965874 0.4377291798591614 8
1607612966086 0.43727657198905945 9
1607612966291 0.4375291168689728 10
1607612966497 0.438006192445755 11
1607612966709 0.43590348958969116 12
1607612966924 0.43452131748199463 13
1607612967139 0.4328087568283081 14
1607612967358 0.4315831661224365 15
1607612967570 0.4308507442474365 16
1607612967793 0.4304712414741516 17
1607612968013 0.4306393265724182 18
1607612968225 0.42961227893829346 19
1607612968450 0.4283663332462311 20
1607612968661 0.4276013672351837 21
1607612968872 0.42727068066596985 22
1607612969088 0.4268464148044586 23
1607612969298 0.42584431171417236 24
1607612969514 0.4245576858520508 25
1607612969723 0.42382392287254333 26
1607612969940 0.4230102598667145 27
1607612970152 0.4223666787147522 28
1607612970368 0.4219088554382324 29
1607612970580 0.42121627926826477 30
1607612970798 0.42127901315689087 31
1607612971016 0.42148658633232117 32
1607612971233 0.4202086627483368 33
1607612971446 0.4182811677455902 34
1607612971664 0.4163375794887543 35
1607612971879 0.4151616394519806 36
1607612972092 0.4137345850467682 37
1607612972303 0.4135096073150635 38
1607612972514 0.41403084993362427 39
1607612972729 0.4145490229129791 40
1607612972943 0.41445425152778625 41
1607612973155 0.4139138460159302 42
1607612973365 0.4133599102497101 43
1607612973578 0.41310039162635803 44
1607612973801 0.41150838136672974 45
1607612974021 0.4090558886528015 46
1607612974238 0.4084465801715851 47
1607612974449 0.40740564465522766 48
1607612974662 0.4067537486553192 49
1607612974873 0.4060905873775482 50
1607612975092 0.4059070646762848 51
1607612975310 0.40529415011405945 52
1607612975526 0.40486806631088257 53
1607612975738 0.4043855667114258 54
1607612975950 0.40499433875083923 55
1607612976162 0.4050273895263672 56
1607612976376 0.40479138493537903 57
1607612976593 0.4035239517688751 58
1607612976805 0.40333595871925354 59
1607612977028 0.40170302987098694 60
1607612977240 0.40025773644447327 61
1607612977449 0.3992658257484436 62
1607612977662 0.39800798892974854 63
1607612977871 0.3979760706424713 64
1607612978083 0.3976607620716095 65
1607612978294 0.39738836884498596 66
1607612978511 0.39707306027412415 67
1607612978720 0.39665621519088745 68
1607612978931 0.39610952138900757 69
1607612979153 0.3951398432254791 70
1607612979370 0.3945731520652771 71
1607612979581 0.3933514952659607 72
1607612979795 0.39299634099006653 73
1607612980007 0.392582505941391 74
1607612980214 0.39157530665397644 75
1607612980432 0.3918346166610718 76
1607612980642 0.3919093608856201 77
1607612980853 0.3920413851737976 78
1607612981066 0.3926732540130615 79
1607612981274 0.3940816819667816 80
1607612981484 0.39263153076171875 81
1607612981712 0.39040401577949524 82
1607612981920 0.38858163356781006 83
1607612982139 0.38705047965049744 84
1607612982362 0.3871691823005676 85
1607612982575 0.3877467215061188 86
1607612982788 0.38853877782821655 87
1607612983001 0.3897046744823456 88
1607612983212 0.390130877494812 89
1607612983432 0.38992246985435486 90
1607612983657 0.3879335820674896 91
1607612983879 0.38674479722976685 92
1607612984105 0.38609495759010315 93
1607612984327 0.38629165291786194 94
1607612984551 0.3864724934101105 95
1607612984785 0.3870999813079834 96
1607612985027 0.38602331280708313 97
1607612985274 0.38590410351753235 98
1607612985495 0.38491034507751465 99
1607612985709 0.3838748633861542 100
1607612985920 0.3827686309814453 101
1607612986138 0.3822334408760071 102
1607612986355 0.3811356723308563 103
1607612986570 0.381129652261734 104
1607612986778 0.3804093897342682 105
1607612986989 0.3807760179042816 106
1607612987201 0.3804357051849365 107
1607612987412 0.38060998916625977 108
1607612987626 0.3811836242675781 109
1607612987841 0.381113201379776 110
1607612988048 0.38135114312171936 111
1607612988261 0.38117504119873047 112
1607612988473 0.3809208571910858 113
1607612988680 0.380322128534317 114
1607612988895 0.3807230591773987 115
1607612989106 0.3805232346057892 116
1607612989325 0.3812513053417206 117
1607612989542 0.3805732727050781 118
1607612989755 0.3807549774646759 119
1607612989975 0.37980103492736816 120
1607612990192 0.3800724744796753 121
1607612990398 0.3787875175476074 122
1607612990605 0.37851282954216003 123
1607612990809 0.37754595279693604 124
1607612991018 0.37753644585609436 125
1607612991221 0.3774009943008423 126
1607612991422 0.37630680203437805 127
1607612991621 0.37676453590393066 128
1607612991822 0.3765639066696167 129
1607612992041 0.3766363859176636 130
1607612992386 0.37701377272605896 131
1607612992595 0.377653032541275 132
1607612992796 0.37750309705734253 133
1607612992998 0.3787820041179657 134
1607612993203 0.37820667028427124 135
1607612993406 0.3773781955242157 136
1607612993608 0.37652498483657837 137
1607612993815 0.3756698966026306 138
1607612994034 0.3748917877674103 139
1607612994246 0.37448057532310486 140
1607612994466 0.37530428171157837 141
1607612994680 0.3752986788749695 142
1607612994896 0.37518179416656494 143
1607612995122 0.37534859776496887 144
1607612995331 0.37444454431533813 145
1607612995544 0.37502482533454895 146
1607612995761 0.374337762594223 147
1607612995971 0.3739697337150574 148
1607612996180 0.373670369386673 149
1607612996388 0.3739483952522278 150
1607612996598 0.37471503019332886 151
1607612996806 0.3748738467693329 152
1607612997016 0.3747382164001465 153
1607612997230 0.3744320869445801 154
1607612997449 0.37394094467163086 155
1607612997664 0.3744843900203705 156
1607612997877 0.374241441488266 157
1607612998087 0.37372878193855286 158
1607612998302 0.37342315912246704 159
1607612998511 0.3727821707725525 160
1607612998727 0.37274959683418274 161
1607612998943 0.37188082933425903 162
1607612999162 0.37171292304992676 163
1607612999375 0.37123602628707886 164
1607612999588 0.3714146912097931 165
1607612999798 0.37094709277153015 166
1607613000007 0.37101030349731445 167
1607613000215 0.37125200033187866 168
1607613000432 0.37224018573760986 169
1607613000646 0.37308269739151 170
1607613000886 0.373158723115921 171
1607613001104 0.37291139364242554 172
1607613001317 0.3724781274795532 173
1607613001527 0.37175577878952026 174
1607613001742 0.370948851108551 175
1607613001971 0.37003570795059204 176
1607613002185 0.3693660497665405 177
1607613002395 0.3688881993293762 178
1607613002615 0.36898237466812134 179
1607613002849 0.3694593608379364 180
1607613003094 0.3698165714740753 181
1607613003327 0.37060773372650146 182
1607613003559 0.3712480664253235 183
1607613003776 0.3711438775062561 184
1607613003991 0.3711490333080292 185
1607613004208 0.37070876359939575 186
1607613004427 0.3702660799026489 187
1607613004649 0.37034526467323303 188
1607613004893 0.37037789821624756 189
1607613005130 0.37119778990745544 190
1607613005351 0.3705071210861206 191
1607613005574 0.37121331691741943 192
1607613005795 0.3705255687236786 193
1607613006024 0.37011680006980896 194
1607613006266 0.3697349429130554 195
1607613006508 0.36985406279563904 196
1607613006772 0.37002721428871155 197
1607613007019 0.369951069355011 198
1607613007271 0.3705349862575531 199
1607613007501 0.36969318985939026 200
1607613007717 0.36978521943092346 201
1607613007941 0.3693598806858063 202
1607613008153 0.3693476617336273 203
1607613008386 0.369893878698349 204
1607613008606 0.36998578906059265 205
1607613008817 0.36995041370391846 206
1607613009034 0.3695661127567291 207
1607613009247 0.36884862184524536 208
1607613009464 0.3684433400630951 209
1607613009714 0.3679047226905823 210
1607613009944 0.36763277649879456 211
1607613010169 0.3671010136604309 212
1607613010381 0.3666377365589142 213
1607613010583 0.3665412664413452 214
1607613010786 0.36683881282806396 215
1607613010999 0.3667465150356293 216
1607613011225 0.3667828440666199 217
1607613011435 0.3665827214717865 218
1607613011650 0.3668937087059021 219
1607613011860 0.3668762743473053 220
1607613012071 0.367186576128006 221
1607613012279 0.3666928708553314 222
1607613012502 0.36723071336746216 223
1607613012716 0.36648792028427124 224
1607613012946 0.3673396408557892 225
1607613013163 0.3670784831047058 226
1607613013383 0.3672500252723694 227
1607613013596 0.3674357831478119 228
1607613013813 0.3672473728656769 229
1607613014032 0.3670976161956787 230
1607613014252 0.36720284819602966 231
1607613014464 0.36665403842926025 232
1607613014700 0.36626961827278137 233
1607613014934 0.36604323983192444 234
1607613015141 0.36572083830833435 235
1607613015357 0.3656255900859833 236
1607613015589 0.36575305461883545 237
1607613015820 0.3662276864051819 238
1607613016040 0.36712801456451416 239
1607613016257 0.3674798011779785 240
1607613016478 0.36799266934394836 241
1607613016707 0.3681497275829315 242
1607613016933 0.36770227551460266 243
1607613017156 0.36753618717193604 244
1607613017397 0.3666878044605255 245
1607613017618 0.36623868346214294 246
1607613017833 0.365336149930954 247
1607613018040 0.3644680976867676 248
1607613018269 0.3644828498363495 249
1607613018480 0.36401861906051636 250
1607613018691 0.36415597796440125 251
1607613018906 0.36355581879615784 252
1607613019120 0.3637634813785553 253
1607613019337 0.36414873600006104 254
1607613019562 0.36468273401260376 255
1607613019806 0.365136057138443 256
1607613020031 0.36542898416519165 257
1607613020262 0.3660552501678467 258
1607613020487 0.36531445384025574 259
1607613020701 0.36521756649017334 260
1607613020930 0.36392298340797424 261
1607613021163 0.3637194335460663 262
1607613021388 0.36314576864242554 263
1607613021600 0.36319226026535034 264
1607613021813 0.36314335465431213 265
1607613022032 0.3642359673976898 266
1607613022264 0.36478522419929504 267
1607613022482 0.3659150004386902 268
1607613022691 0.36680153012275696 269
1607613022904 0.3671923577785492 270
1607613023115 0.36659789085388184 271
1607613023332 0.3661562502384186 272
1607613023563 0.36510032415390015 273
1607613023810 0.3643932342529297 274
1607613024050 0.3637778162956238 275
1607613024288 0.3629171550273895 276
1607613024527 0.36263906955718994 277
1607613024768 0.3626415431499481 278
1607613025007 0.36305761337280273 279
1607613025231 0.3634513020515442 280
1607613025448 0.3641388714313507 281
1607613025666 0.3645217716693878 282
1607613025881 0.36534956097602844 283
1607613026094 0.36569058895111084 284
1607613026300 0.3655466139316559 285
1607613026504 0.3648894429206848 286
1607613026708 0.3643238842487335 287
1607613026926 0.36369526386260986 288
1607613027144 0.3629324436187744 289
1607613027365 0.362587571144104 290
1607613027592 0.3623844385147095 291
1607613027827 0.362348735332489 292
1607613028044 0.36295244097709656 293
1607613028266 0.36370769143104553 294
1607613028480 0.36397960782051086 295
1607613028693 0.3658047914505005 296
1607613028916 0.36611470580101013 297
1607613029139 0.3672427833080292 298
1607613029363 0.3666285276412964 299
1607613029585 0.3659733235836029 300
1607613029813 0.36504894495010376 301
1607613030023 0.36381804943084717 302
1607613030242 0.3635220527648926 303
1607613030459 0.3626300096511841 304
1607613030673 0.3628006875514984 305
1607613030891 0.3622553050518036 306
1607613031103 0.36232271790504456 307
1607613031316 0.36208033561706543 308
1607613031533 0.36223462224006653 309
1607613031746 0.3619089722633362 310
1607613031957 0.3618741035461426 311
1607613032170 0.36151304841041565 312
1607613032378 0.3613327741622925 313
1607613032588 0.36102843284606934 314
1607613032816 0.36123690009117126 315
1607613033028 0.36129361391067505 316
1607613033242 0.3613903224468231 317
1607613033468 0.3616562783718109 318
1607613033689 0.361877977848053 319
1607613033931 0.3626001477241516 320
1607613034156 0.3635988235473633 321
1607613034372 0.3636862635612488 322
1607613034587 0.36397892236709595 323
1607613034811 0.3634880781173706 324
1607613035043 0.363156795501709 325
1607613035265 0.36268725991249084 326
1607613035487 0.3617238700389862 327
1607613035709 0.361541211605072 328
1607613035940 0.36104854941368103 329
1607613036173 0.3612913191318512 330
1607613036389 0.3607546091079712 331
1607613036612 0.36076757311820984 332
1607613036833 0.3610362410545349 333
1607613037058 0.3609986901283264 334
1607613037285 0.3618776202201843 335
1607613037519 0.3614656925201416 336
1607613037746 0.362143874168396 337
1607613037971 0.3622177839279175 338
1607613038190 0.3626870810985565 339
1607613038423 0.3632034957408905 340
1607613038653 0.364011287689209 341
1607613038894 0.36349037289619446 342
1607613039125 0.36394909024238586 343
1607613039355 0.3632124066352844 344
1607613039584 0.36308079957962036 345
1607613039804 0.3622407913208008 346
1607613040052 0.36179372668266296 347
1607613040284 0.3611752688884735 348
1607613040507 0.3607840836048126 349
1607613040733 0.3605083227157593 350
1607613040962 0.36070114374160767 351
1607613041198 0.3606592118740082 352
1607613041446 0.3606993854045868 353
1607613041662 0.3611634075641632 354
1607613041871 0.36118006706237793 355
1607613042104 0.36156758666038513 356
1607613042340 0.3618643283843994 357
1607613042558 0.3617721498012543 358
1607613042774 0.3621187210083008 359
1607613042995 0.36126387119293213 360
1607613043204 0.3609588146209717 361
1607613043429 0.36031097173690796 362
1607613043646 0.36023032665252686 363
1607613043847 0.35962021350860596 364
1607613044050 0.3599058985710144 365
1607613044256 0.35964030027389526 366
1607613044469 0.36034587025642395 367
1607613044680 0.36079686880111694 368
1607613044896 0.36135250329971313 369
1607613045111 0.36170968413352966 370
1607613045324 0.36166563630104065 371
1607613045532 0.3616895377635956 372
1607613045751 0.3613669276237488 373
1607613045956 0.3606952726840973 374
1607613046159 0.3601294755935669 375
1607613046362 0.3595426082611084 376
1607613046570 0.3590461313724518 377
1607613046783 0.3589046895503998 378
1607613046986 0.3586695194244385 379
1607613047195 0.3590402603149414 380
1607613047401 0.35908034443855286 381
1607613047605 0.3597298264503479 382
1607613047809 0.36030611395835876 383
1607613048015 0.36065641045570374 384
1607613048215 0.36126023530960083 385
1607613048427 0.3621235489845276 386
1607613048638 0.36211806535720825 387
1607613048852 0.361333966255188 388
1607613049062 0.36066117882728577 389
1607613049267 0.36027300357818604 390
1607613049475 0.3601216971874237 391
1607613049683 0.3593742251396179 392
1607613049894 0.3596174120903015 393
1607613050097 0.3591156005859375 394
1607613050300 0.3590843379497528 395
1607613050512 0.3591451346874237 396
1607613050724 0.35886910557746887 397
1607613050932 0.35941681265830994 398
1607613051147 0.35935819149017334 399
1607613051365 0.3595840334892273 400
1607613051581 0.360384464263916 401
1607613051791 0.3607413172721863 402
1607613052008 0.36080479621887207 403
1607613052210 0.3614199161529541 404
1607613052420 0.3609941005706787 405
1607613052626 0.361409991979599 406
1607613052842 0.3608234226703644 407
1607613053058 0.3611702620983124 408
1607613053278 0.3605883717536926 409
1607613053494 0.36065050959587097 410
1607613053716 0.36005473136901855 411
1607613053949 0.3595332205295563 412
1607613054161 0.3592260181903839 413
1607613054371 0.35842543840408325 414
1607613054584 0.3587151765823364 415
1607613054796 0.35820966958999634 416
1607613055001 0.35892096161842346 417
1607613055206 0.35875388979911804 418
1607613055415 0.3589450716972351 419
1607613055622 0.35909250378608704 420
1607613055824 0.3590337634086609 421
1607613056028 0.3590798079967499 422
1607613056242 0.35909584164619446 423
1607613056447 0.3585794270038605 424
1607613056671 0.3587423861026764 425
1607613056895 0.3586847186088562 426
1607613057114 0.3585514426231384 427
1607613057330 0.35945603251457214 428
1607613057541 0.3592303395271301 429
1607613057770 0.3599857985973358 430
1607613057982 0.3595217168331146 431
1607613058199 0.35985150933265686 432
1607613058405 0.3598524034023285 433
1607613058612 0.359851211309433 434
1607613058843 0.3598385751247406 435
1607613059059 0.35977622866630554 436
1607613059298 0.35935625433921814 437
1607613059539 0.3591793179512024 438
1607613059753 0.3585192561149597 439
1607613059968 0.35908421874046326 440
1607613060207 0.3581543266773224 441
1607613060428 0.358407586812973 442
1607613060642 0.35771867632865906 443
1607613060852 0.35784927010536194 444
1607613061060 0.35794004797935486 445
1607613061269 0.3580240309238434 446
1607613061481 0.35812970995903015 447
1607613061689 0.35817793011665344 448
1607613061893 0.3586527109146118 449
1607613062110 0.3586415946483612 450
1607613062329 0.35869237780570984 451
1607613062539 0.35822176933288574 452
1607613062750 0.35829466581344604 453
1607613062956 0.3579713702201843 454
1607613063161 0.35818934440612793 455
1607613063374 0.35796618461608887 456
1607613063583 0.3582227826118469 457
1607613063795 0.35806551575660706 458
1607613064011 0.35841622948646545 459
1607613064219 0.3581130802631378 460
1607613064428 0.35820895433425903 461
1607613064643 0.35805174708366394 462
1607613064861 0.3578656315803528 463
1607613065073 0.35772228240966797 464
1607613065280 0.357425719499588 465
1607613065491 0.3570677936077118 466
1607613065701 0.3571367859840393 467
1607613065908 0.3574404716491699 468
1607613066119 0.35777491331100464 469
1607613066326 0.35852786898612976 470
1607613066535 0.3586951792240143 471
1607613066744 0.35911086201667786 472
1607613066972 0.3592148423194885 473
1607613067199 0.35930824279785156 474
1607613067412 0.3589736521244049 475
1607613067615 0.35907453298568726 476
1607613067832 0.3590618073940277 477
1607613068043 0.3589670956134796 478
1607613068248 0.35917985439300537 479
1607613068455 0.3588995039463043 480
1607613068666 0.3586985170841217 481
1607613068872 0.35888367891311646 482
1607613069096 0.35825350880622864 483
1607613069304 0.3583308756351471 484
1607613069516 0.3579061031341553 485
1607613069746 0.35801392793655396 486
1607613069961 0.3575040102005005 487
1607613070170 0.35826537013053894 488
1607613070381 0.35743826627731323 489
1607613070586 0.3582133650779724 490
1607613070797 0.35722440481185913 491
1607613071003 0.3576858639717102 492
1607613071202 0.35734739899635315 493
1607613071418 0.3573160171508789 494
1607613071631 0.3576962947845459 495
1607613071843 0.3577759563922882 496
1607613072052 0.35840603709220886 497
1607613072277 0.35875067114830017 498
1607613072487 0.3587397038936615 499
1607613072689 0.35926586389541626 500
1607613072904 0.3585342764854431 501
1607613073116 0.3580513000488281 502
1607613073328 0.35695332288742065 503
1607613073552 0.35691988468170166 504
1607613073764 0.35620349645614624 505
1607613073980 0.3562484085559845 506
1607613074191 0.35616129636764526 507
1607613074400 0.35620829463005066 508
1607613074622 0.3569799065589905 509
1607613074834 0.35711315274238586 510
1607613075038 0.35754281282424927 511
1607613075245 0.3581657409667969 512
1607613075464 0.35817015171051025 513
1607613075672 0.3582952320575714 514
1607613075898 0.3579276204109192 515
1607613076112 0.3576710522174835 516
1607613076351 0.35781049728393555 517
1607613076582 0.35772567987442017 518
1607613076806 0.35803213715553284 519
1607613077045 0.35771143436431885 520
1607613077266 0.35766473412513733 521
1607613077504 0.3581889271736145 522
1607613077723 0.35855183005332947 523
1607613077943 0.35855424404144287 524
1607613078158 0.3582429885864258 525
1607613078383 0.35735493898391724 526
1607613078596 0.3574453294277191 527
1607613078807 0.3564206063747406 528
1607613079019 0.35638150572776794 529
1607613079226 0.35583043098449707 530
1607613079438 0.3553653359413147 531
1607613079642 0.35511529445648193 532
1607613079850 0.3546307682991028 533
1607613080057 0.3550781309604645 534
1607613080259 0.3549851179122925 535
1607613080467 0.35526928305625916 536
1607613080684 0.35584110021591187 537
1607613080889 0.3562140464782715 538
1607613081094 0.35690295696258545 539
1607613081307 0.35820356011390686 540
1607613081516 0.3578255772590637 541
1607613081725 0.35850998759269714 542
1607613081935 0.3576138913631439 543
1607613082141 0.3582683503627777 544
1607613082345 0.35713353753089905 545
1607613082553 0.3568049669265747 546
1607613082761 0.35578665137290955 547
1607613082965 0.3560756742954254 548
1607613083172 0.35575273633003235 549
1607613083381 0.35583388805389404 550
1607613083587 0.3559426963329315 551
1607613083791 0.35645201802253723 552
1607613084001 0.35729169845581055 553
1607613084215 0.35766535997390747 554
1607613084426 0.35769131779670715 555
1607613084632 0.3576677441596985 556
1607613084836 0.35724031925201416 557
1607613085049 0.3570527136325836 558
1607613085261 0.35669413208961487 559
1607613085482 0.3565780818462372 560
1607613085691 0.3561331331729889 561
1607613085899 0.3558918237686157 562
1607613086105 0.3561287522315979 563
1607613086311 0.35632577538490295 564
1607613086516 0.35693445801734924 565
1607613086721 0.35735294222831726 566
1607613086930 0.3576812446117401 567
1607613087308 0.3580024838447571 568
1607613087522 0.3576175272464752 569
1607613087727 0.35738882422447205 570
1607613087942 0.356655091047287 571
1607613088150 0.35602107644081116 572
1607613088362 0.355066180229187 573
1607613088563 0.35442495346069336 574
1607613088769 0.3544558882713318 575
1607613088983 0.3539411723613739 576
1607613089183 0.3542405068874359 577
1607613089384 0.3539230525493622 578
1607613089591 0.3547246754169464 579
1607613089791 0.3551477789878845 580
1607613089996 0.355722576379776 581
1607613090199 0.35685789585113525 582
1607613090404 0.35684934258461 583
1607613090613 0.35777547955513 584
1607613090816 0.3569774329662323 585
1607613091027 0.3571234941482544 586
1607613091233 0.35633739829063416 587
1607613091439 0.35566607117652893 588
1607613091640 0.35477355122566223 589
1607613091843 0.35431915521621704 590
1607613092046 0.3544672429561615 591
1607613092255 0.35420703887939453 592
1607613092478 0.35423916578292847 593
1607613092688 0.35421034693717957 594
1607613092900 0.35457760095596313 595
1607613093106 0.3549529016017914 596
1607613093316 0.3552922010421753 597
1607613093538 0.35563093423843384 598
1607613093754 0.35592663288116455 599
1607613093983 0.35609662532806396 600
1607613094221 0.3562979996204376 601
1607613094446 0.3562242090702057 602
1607613094661 0.356192022562027 603
1607613094906 0.3559421896934509 604
1607613095139 0.3560374081134796 605
1607613095374 0.35530173778533936 606
1607613095589 0.3554516136646271 607
1607613095809 0.3556406795978546 608
1607613096021 0.35521838068962097 609
1607613096248 0.3562577962875366 610
1607613096457 0.35606420040130615 611
1607613096674 0.3565621078014374 612
1607613096900 0.3567073345184326 613
1607613097114 0.35702991485595703 614
1607613097333 0.35688698291778564 615
1607613097547 0.35734784603118896 616
1607613097786 0.35677793622016907 617
1607613098004 0.3561093211174011 618
1607613098213 0.3551406264305115 619
1607613098419 0.3544618487358093 620
1607613098624 0.3543247580528259 621
1607613098823 0.35444438457489014 622
1607613099029 0.35427534580230713 623
1607613099262 0.35483354330062866 624
1607613099491 0.35508930683135986 625
1607613099721 0.3558516800403595 626
1607613099952 0.3569549322128296 627
1607613100176 0.3571964502334595 628
1607613100407 0.35763540863990784 629
1607613100633 0.35661324858665466 630
1607613100877 0.3569481670856476 631
1607613101113 0.35579371452331543 632
1607613101344 0.35546281933784485 633
1607613101574 0.35451143980026245 634
1607613101820 0.3539847731590271 635
1607613102053 0.35374143719673157 636
1607613102278 0.35335710644721985 637
1607613102506 0.3534621596336365 638
1607613102753 0.35352733731269836 639
1607613102973 0.353680819272995 640
1607613103195 0.35444918274879456 641
1607613103413 0.35478636622428894 642
1607613103660 0.3555232584476471 643
1607613103910 0.35688483715057373 644
1607613104151 0.35663551092147827 645
1607613104368 0.3577808439731598 646
1607613104587 0.35625678300857544 647
1607613104823 0.35609954595565796 648
1607613105057 0.35495734214782715 649
1607613105291 0.35480573773384094 650
1607613105529 0.35418593883514404 651
1607613105752 0.35379984974861145 652
1607613105968 0.3537043035030365 653
1607613106201 0.3538684844970703 654
1607613106418 0.35395461320877075 655
1607613106661 0.35460737347602844 656
1607613106893 0.3546725809574127 657
1607613107111 0.354918897151947 658
1607613107324 0.3547806739807129 659
1607613107569 0.35478389263153076 660
1607613107799 0.35438117384910583 661
1607613108043 0.35416460037231445 662
1607613108270 0.3539007008075714 663
1607613108486 0.3537980020046234 664
1607613108695 0.35367274284362793 665
1607613108939 0.35367462038993835 666
1607613109157 0.35408204793930054 667
1607613109423 0.3540513217449188 668
1607613109706 0.3548506796360016 669
1607613109927 0.35499122738838196 670
1607613110158 0.3556421101093292 671
1607613110376 0.35660240054130554 672
1607613110593 0.35619810223579407 673
1607613110806 0.3569086492061615 674
1607613111030 0.35672634840011597 675
1607613111286 0.3565545976161957 676
1607613111502 0.35674262046813965 677
1607613111719 0.3558642268180847 678
1607613111936 0.3554447293281555 679
1607613112162 0.3546830117702484 680
1607613112416 0.354132741689682 681
1607613112628 0.35379543900489807 682
1607613112877 0.3540504574775696 683
1607613113125 0.35383373498916626 684
1607613113375 0.35445597767829895 685
1607613113619 0.3542913496494293 686
1607613113843 0.3551805913448334 687
1607613114048 0.3549686372280121 688
1607613114260 0.3556278347969055 689
1607613114487 0.3546929359436035 690
1607613114700 0.3550260066986084 691
1607613114907 0.35440850257873535 692
1607613115118 0.3548925518989563 693
1607613115325 0.3546387255191803 694
1607613115553 0.35498759150505066 695
1607613115764 0.35477420687675476 696
1607613115972 0.3549738824367523 697
1607613116182 0.3551497459411621 698
1607613116387 0.35512575507164 699
1607613116600 0.3552606999874115 700
1607613116811 0.35492172837257385 701
1607613117031 0.3546279966831207 702
1607613117246 0.3549160063266754 703
1607613117454 0.3542478084564209 704
1607613117663 0.3542826175689697 705
1607613117870 0.3538724184036255 706
1607613118082 0.35389044880867004 707
1607613118291 0.3536754846572876 708
1607613118498 0.3537670075893402 709
1607613118705 0.35363537073135376 710
1607613118909 0.35423001646995544 711
1607613119118 0.3536677062511444 712
1607613119337 0.35411763191223145 713
1607613119544 0.3535432815551758 714
1607613119753 0.35401472449302673 715
1607613119961 0.35400769114494324 716
1607613120177 0.35369184613227844 717
1607613120382 0.3537907004356384 718
1607613120595 0.35343143343925476 719
1607613120800 0.3534672260284424 720
1607613121009 0.3532204031944275 721
1607613121213 0.3530159294605255 722
1607613121418 0.3527448773384094 723
1607613121624 0.35295772552490234 724
1607613121840 0.3528389632701874 725
1607613122047 0.3532475531101227 726
1607613122262 0.3533012270927429 727
1607613122465 0.3536563813686371 728
1607613122669 0.3536848723888397 729
1607613122876 0.3544778525829315 730
1607613123093 0.3542185127735138 731
1607613123307 0.35450437664985657 732
1607613123523 0.35382628440856934 733
1607613123743 0.35403040051460266 734
1607613123954 0.3536158502101898 735
1607613124168 0.35382387042045593 736
1607613124375 0.3538011312484741 737
1607613124597 0.35380232334136963 738
1607613124800 0.3539345860481262 739
1607613125006 0.35414010286331177 740
1607613125214 0.3543471395969391 741
1607613125423 0.3547937572002411 742
1607613125638 0.35426512360572815 743
1607613125847 0.3545427918434143 744
1607613126060 0.3535781502723694 745
1607613126267 0.35433468222618103 746
1607613126483 0.3540093004703522 747
1607613126688 0.35421380400657654 748
1607613126892 0.35371217131614685 749
1607613127107 0.3534413278102875 750
1607613127316 0.35362112522125244 751
1607613127536 0.35342198610305786 752
1607613127755 0.3529342710971832 753
1607613127960 0.3527032732963562 754
1607613128165 0.35201334953308105 755
1607613128377 0.35269883275032043 756
1607613128579 0.35221534967422485 757
1607613128783 0.3524627685546875 758
1607613128997 0.35251787304878235 759
1607613129207 0.3526845872402191 760
1607613129416 0.3532768785953522 761
1607613129621 0.3536528944969177 762
1607613129836 0.3540436327457428 763
1607613130060 0.35491642355918884 764
1607613130272 0.3550705909729004 765
1607613130475 0.35511332750320435 766
1607613130677 0.35483643412590027 767
1607613130888 0.3545302450656891 768
1607613131104 0.35411378741264343 769
1607613131324 0.35423651337623596 770
1607613131543 0.35352277755737305 771
1607613131758 0.3537125587463379 772
1607613131967 0.35320693254470825 773
1607613132178 0.35398074984550476 774
1607613132383 0.35370999574661255 775
1607613132613 0.3545404374599457 776
1607613132825 0.354337215423584 777
1607613133032 0.35510340332984924 778
1607613133244 0.35530582070350647 779
1607613133448 0.355217307806015 780
1607613133671 0.35479697585105896 781
1607613133887 0.3537333905696869 782
1607613134105 0.3535277545452118 783
1607613134327 0.35250866413116455 784
1607613134559 0.3520006537437439 785
1607613134772 0.35123732686042786 786
1607613134990 0.3509427309036255 787
1607613135211 0.3507019281387329 788
1607613135419 0.3508818447589874 789
1607613135654 0.35113468766212463 790
1607613135865 0.35147613286972046 791
1607613136070 0.35231414437294006 792
1607613136276 0.3533802926540375 793
1607613136482 0.3543608486652374 794
1607613136684 0.3560155928134918 795
1607613136886 0.35586369037628174 796
1607613137098 0.356970876455307 797
1607613137305 0.35696476697921753 798
1607613137513 0.35646072030067444 799
1607613137719 0.35582154989242554 800
1607613137928 0.3543810248374939 801
1607613138131 0.353624552488327 802
1607613138338 0.3523339331150055 803
1607613138546 0.3518761992454529 804
1607613138750 0.35087335109710693 805
1607613138964 0.35051849484443665 806
1607613139172 0.34997788071632385 807
1607613139388 0.35001373291015625 808
1607613139596 0.35012784600257874 809
1607613139803 0.35032689571380615 810
1607613140009 0.35067152976989746 811
1607613140219 0.351621150970459 812
1607613140419 0.3521454632282257 813
1607613140630 0.35381054878234863 814
1607613140849 0.35447993874549866 815
1607613141057 0.3549233376979828 816
1607613141273 0.3547804653644562 817
1607613141477 0.3547374904155731 818
1607613141680 0.35447871685028076 819
1607613141885 0.3538983464241028 820
1607613142099 0.3531278967857361 821
1607613142303 0.35285693407058716 822
1607613142505 0.3524326980113983 823
1607613142716 0.35284799337387085 824
1607613142918 0.3534815013408661 825
1607613143121 0.35339128971099854 826
1607613143326 0.35409805178642273 827
1607613143532 0.3535568118095398 828
1607613143735 0.3537807762622833 829
1607613143935 0.3536945879459381 830
1607613144148 0.35321786999702454 831
1607613144348 0.35282135009765625 832
1607613144555 0.3525649905204773 833
1607613144759 0.3521169126033783 834
1607613144966 0.352439284324646 835
1607613145172 0.35204634070396423 836
1607613145377 0.3520979583263397 837
1607613145582 0.3520359396934509 838
1607613145783 0.35230427980422974 839
1607613145984 0.3526883125305176 840
1607613146190 0.35285425186157227 841
1607613146400 0.3530940115451813 842
1607613146626 0.35319530963897705 843
1607613146835 0.35289156436920166 844
1607613147042 0.3532165586948395 845
1607613147253 0.35315704345703125 846
1607613147462 0.3531149923801422 847
1607613147681 0.35312318801879883 848
1607613147891 0.35271140933036804 849
1607613148092 0.353059858083725 850
1607613148299 0.3527054786682129 851
1607613148501 0.35314786434173584 852
1607613148722 0.35319238901138306 853
1607613148932 0.35369420051574707 854
1607613149135 0.3542447090148926 855
1607613149341 0.3543326258659363 856
1607613149548 0.3544888198375702 857
1607613149774 0.3538036048412323 858
1607613149982 0.3534051775932312 859
1607613150194 0.3531019985675812 860
1607613150402 0.35243338346481323 861
1607613150609 0.35217422246932983 862
1607613150820 0.35184624791145325 863
1607613151027 0.3517763912677765 864
1607613151271 0.3523065149784088 865
1607613151517 0.3527207672595978 866
1607613151744 0.35292941331863403 867
1607613151976 0.35318008065223694 868
1607613152212 0.35345688462257385 869
1607613152429 0.3537004590034485 870
1607613152683 0.35421115159988403 871
1607613152897 0.3539204001426697 872
1607613153102 0.3533441424369812 873
1607613153310 0.35278409719467163 874
1607613153512 0.35193097591400146 875
1607613153714 0.3520645797252655 876
1607613153913 0.351040244102478 877
1607613154121 0.35081368684768677 878
1607613154322 0.3501284420490265 879
1607613154527 0.35024335980415344 880
1607613154730 0.35051193833351135 881
1607613154934 0.35080328583717346 882
1607613155139 0.3514435589313507 883
1607613155340 0.352197527885437 884
1607613155540 0.3532944619655609 885
1607613155739 0.35408809781074524 886
1607613155946 0.3548721671104431 887
1607613156150 0.35555943846702576 888
1607613156355 0.3546307682991028 889
1607613156559 0.3542395532131195 890
1607613156762 0.35249146819114685 891
1607613156965 0.35210874676704407 892
1607613157163 0.35117092728614807 893
1607613157366 0.3506535589694977 894
1607613157564 0.35039761662483215 895
1607613157769 0.35044825077056885 896
1607613157973 0.3504989445209503 897
1607613158181 0.3507811427116394 898
1607613158389 0.35125336050987244 899
1607613158599 0.35180407762527466 900
1607613158804 0.35214242339134216 901
1607613159013 0.3524029850959778 902
1607613159216 0.35228362679481506 903
1607613159432 0.35254889726638794 904
1607613159640 0.3524024784564972 905
1607613159843 0.3522794544696808 906
1607613160048 0.35185039043426514 907
1607613160254 0.35168635845184326 908
1607613160458 0.3516502380371094 909
1607613160660 0.3519531190395355 910
1607613160866 0.3518628478050232 911
1607613161068 0.35174256563186646 912
1607613161273 0.3517375886440277 913
1607613161486 0.35158035159111023 914
1607613161700 0.35168153047561646 915
1607613161903 0.3513333797454834 916
1607613162108 0.3511565923690796 917
1607613162314 0.3509826362133026 918
1607613162519 0.3509877622127533 919
1607613162724 0.35104671120643616 920
1607613162925 0.3514694571495056 921
1607613163125 0.351370632648468 922
1607613163334 0.352228045463562 923
1607613163537 0.3519528806209564 924
1607613163740 0.3529927730560303 925
1607613163945 0.35312432050704956 926
1607613164163 0.35349011421203613 927
1607613164373 0.35318127274513245 928
1607613164593 0.35290074348449707 929
1607613164810 0.3530735373497009 930
1607613165047 0.35249245166778564 931
1607613165285 0.3520520329475403 932
1607613165524 0.3511318862438202 933
1607613165778 0.35151514410972595 934
1607613165992 0.3513813018798828 935
1607613166216 0.35184094309806824 936
1607613166431 0.351493239402771 937
1607613166637 0.35250869393348694 938
1607613166844 0.3523654639720917 939
1607613167052 0.35345810651779175 940
1607613167260 0.35324934124946594 941
1607613167465 0.35351473093032837 942
1607613167672 0.3531944155693054 943
1607613167875 0.352853000164032 944
1607613168079 0.352369487285614 945
1607613168287 0.35230326652526855 946
1607613168495 0.3520599603652954 947
1607613168700 0.3519178330898285 948
1607613168908 0.3521862030029297 949
1607613169124 0.3522266447544098 950
1607613169335 0.3529372215270996 951
1607613169540 0.352730929851532 952
1607613169742 0.3526148796081543 953
1607613169948 0.35254165530204773 954
1607613170156 0.3523198068141937 955
1607613170365 0.35250839591026306 956
1607613170570 0.3520352840423584 957
1607613170774 0.3518093526363373 958
1607613170979 0.35142451524734497 959
1607613171190 0.3514382839202881 960
1607613171397 0.35121726989746094 961
1607613171599 0.35148006677627563 962
1607613171801 0.35135912895202637 963
1607613172004 0.3519025444984436 964
1607613172207 0.3514695465564728 965
1607613172411 0.35185977816581726 966
1607613172613 0.35138899087905884 967
1607613172825 0.3517627716064453 968
1607613173035 0.3510780334472656 969
1607613173247 0.3512144684791565 970
1607613173453 0.3506574034690857 971
1607613173656 0.35096222162246704 972
1607613173861 0.35056355595588684 973
1607613174068 0.35070347785949707 974
1607613174269 0.3510664999485016 975
1607613174474 0.3510605990886688 976
1607613174684 0.3519510328769684 977
1607613174911 0.3520835041999817 978
1607613175127 0.352405846118927 979
1607613175344 0.3524368703365326 980
1607613175559 0.35229647159576416 981
1607613175790 0.3526194989681244 982
1607613176005 0.3520633578300476 983
1607613176209 0.3519039452075958 984
1607613176411 0.35159435868263245 985
1607613176619 0.35143035650253296 986
1607613176823 0.35130947828292847 987
1607613177037 0.35134831070899963 988
1607613177244 0.35108551383018494 989
1607613177455 0.35100093483924866 990
1607613177659 0.35067304968833923 991
1607613177860 0.3505517244338989 992
1607613178063 0.3503261208534241 993
1607613178269 0.3500322103500366 994
1607613178486 0.3499009311199188 995
1607613178690 0.3497757911682129 996
1607613178895 0.3500700891017914 997
1607613179099 0.350260466337204 998
1607613179308 0.35059645771980286 999
