1607614230158 0.47390398383140564 0
1607614230378 0.46628251671791077 1
1607614230592 0.4568209648132324 2
1607614230808 0.4515879154205322 3
1607614231029 0.44518232345581055 4
1607614231246 0.44123679399490356 5
1607614231457 0.4395083785057068 6
1607614231672 0.4389081597328186 7
1607614231888 0.4387359321117401 8
1607614232101 0.43901029229164124 9
1607614232315 0.43844085931777954 10
1607614232525 0.43745285272598267 11
1607614232743 0.43656688928604126 12
1607614232960 0.43548452854156494 13
1607614233172 0.43328234553337097 14
1607614233389 0.4326639473438263 15
1607614233599 0.4320357143878937 16
1607614233807 0.43137577176094055 17
1607614234014 0.4308048188686371 18
1607614234225 0.4299214780330658 19
1607614234432 0.4289696216583252 20
1607614234642 0.4283638000488281 21
1607614234857 0.42839500308036804 22
1607614235085 0.42754602432250977 23
1607614235298 0.426478773355484 24
1607614235510 0.4251953959465027 25
1607614235721 0.42402204871177673 26
1607614235932 0.42326462268829346 27
1607614236140 0.4230141341686249 28
1607614236344 0.4222962260246277 29
1607614236556 0.42102953791618347 30
1607614236774 0.42027926445007324 31
1607614236985 0.4200581908226013 32
1607614237199 0.41922977566719055 33
1607614237409 0.41871094703674316 34
1607614237616 0.4183167517185211 35
1607614237831 0.4181719422340393 36
1607614238060 0.4177666902542114 37
1607614238274 0.4169672429561615 38
1607614238483 0.41589584946632385 39
1607614238703 0.4147217273712158 40
1607614238916 0.41358062624931335 41
1607614239128 0.4121518135070801 42
1607614239334 0.41104599833488464 43
1607614239538 0.4107323884963989 44
1607614239747 0.4107726514339447 45
1607614239955 0.4108792543411255 46
1607614240167 0.41009721159935 47
1607614240382 0.4084230363368988 48
1607614240604 0.40723559260368347 49
1607614240817 0.4067712426185608 50
1607614241032 0.40628328919410706 51
1607614241245 0.4056815505027771 52
1607614241456 0.40534016489982605 53
1607614241665 0.4049864411354065 54
1607614241879 0.4044688045978546 55
1607614242090 0.403617262840271 56
1607614242301 0.4031117856502533 57
1607614242518 0.4030229449272156 58
1607614242732 0.401993989944458 59
1607614242940 0.4010610282421112 60
1607614243142 0.4001525342464447 61
1607614243345 0.399039089679718 62
1607614243548 0.39896348118782043 63
1607614243747 0.3995552659034729 64
1607614243952 0.3997432589530945 65
1607614244163 0.39880749583244324 66
1607614244379 0.39582696557044983 67
1607614244592 0.39436039328575134 68
1607614244805 0.39340725541114807 69
1607614245019 0.3932049870491028 70
1607614245230 0.3932887017726898 71
1607614245440 0.3937678933143616 72
1607614245650 0.39419662952423096 73
1607614245859 0.39502575993537903 74
1607614246070 0.3946288228034973 75
1607614246286 0.39324280619621277 76
1607614246500 0.39244547486305237 77
1607614246724 0.39103469252586365 78
1607614246942 0.39071622490882874 79
1607614247157 0.3899472951889038 80
1607614247366 0.39046505093574524 81
1607614247583 0.3908761143684387 82
1607614247800 0.39160993695259094 83
1607614248024 0.3907693028450012 84
1607614248248 0.3888972997665405 85
1607614248470 0.38762786984443665 86
1607614248688 0.3863837718963623 87
1607614248931 0.3862682580947876 88
1607614249146 0.38558441400527954 89
1607614249358 0.3856600821018219 90
1607614249573 0.38534316420555115 91
1607614249805 0.3850674033164978 92
1607614250030 0.3842712342739105 93
1607614250249 0.38347700238227844 94
1607614250459 0.38308513164520264 95
1607614250691 0.3833203613758087 96
1607614250928 0.3832821846008301 97
1607614251164 0.3837805986404419 98
1607614251397 0.38356223702430725 99
1607614251635 0.38396042585372925 100
1607614251870 0.3836548626422882 101
1607614252114 0.38345739245414734 102
1607614252341 0.3833617568016052 103
1607614252570 0.3827391266822815 104
1607614252794 0.382968932390213 105
1607614253021 0.3823588192462921 106
1607614253239 0.3810942471027374 107
1607614253453 0.37969210743904114 108
1607614253675 0.3785631060600281 109
1607614253888 0.3783235549926758 110
1607614254106 0.3776162266731262 111
1607614254323 0.3777898848056793 112
1607614254531 0.37807124853134155 113
1607614254739 0.37869855761528015 114
1607614254943 0.37936097383499146 115
1607614255146 0.3799337148666382 116
1607614255355 0.38000863790512085 117
1607614255569 0.38130033016204834 118
1607614255779 0.38014525175094604 119
1607614255998 0.3793124258518219 120
1607614256215 0.37887299060821533 121
1607614256426 0.37821418046951294 122
1607614256643 0.37778323888778687 123
1607614256857 0.3781737685203552 124
1607614257065 0.37752828001976013 125
1607614257273 0.37738728523254395 126
1607614257484 0.37629351019859314 127
1607614257703 0.3761044442653656 128
1607614257918 0.37561509013175964 129
1607614258142 0.37566301226615906 130
1607614258481 0.3755650818347931 131
1607614258692 0.3755628764629364 132
1607614258910 0.375752717256546 133
1607614259116 0.3762940466403961 134
1607614259331 0.3757590055465698 135
1607614259539 0.3757235109806061 136
1607614259753 0.3759322166442871 137
1607614259959 0.37601354718208313 138
1607614260169 0.37652167677879333 139
1607614260368 0.3766860365867615 140
1607614260573 0.3756513297557831 141
1607614260779 0.3750729560852051 142
1607614260987 0.3744158446788788 143
1607614261188 0.3734772205352783 144
1607614261390 0.3723317086696625 145
1607614261599 0.3716209828853607 146
1607614261820 0.3712654113769531 147
1607614262023 0.3719519376754761 148
1607614262224 0.3715147376060486 149
1607614262429 0.37275198101997375 150
1607614262630 0.3727809488773346 151
1607614262831 0.37297162413597107 152
1607614263033 0.3724793493747711 153
1607614263236 0.372700572013855 154
1607614263444 0.37236857414245605 155
1607614263645 0.3722768723964691 156
1607614263847 0.37203264236450195 157
1607614264049 0.3724798858165741 158
1607614264248 0.37293627858161926 159
1607614264451 0.37259581685066223 160
1607614264660 0.372321218252182 161
1607614264871 0.37129050493240356 162
1607614265085 0.3710957467556 163
1607614265294 0.37042883038520813 164
1607614265492 0.37028640508651733 165
1607614265699 0.3702014088630676 166
1607614265911 0.3712116777896881 167
1607614266116 0.3713456094264984 168
1607614266342 0.3719918131828308 169
1607614266559 0.3717510402202606 170
1607614266775 0.3719428479671478 171
1607614266978 0.3709394335746765 172
1607614267197 0.37063685059547424 173
1607614267420 0.37007269263267517 174
1607614267628 0.36941471695899963 175
1607614267832 0.36898940801620483 176
1607614268035 0.36872559785842896 177
1607614268246 0.369032084941864 178
1607614268457 0.36983293294906616 179
1607614268681 0.37030261754989624 180
1607614268901 0.37081167101860046 181
1607614269142 0.37153202295303345 182
1607614269373 0.37148672342300415 183
1607614269602 0.37073320150375366 184
1607614269821 0.3697865605354309 185
1607614270049 0.368532657623291 186
1607614270271 0.3681693971157074 187
1607614270492 0.3675120174884796 188
1607614270704 0.36722686886787415 189
1607614270908 0.366934597492218 190
1607614271112 0.3669809401035309 191
1607614271321 0.3671576976776123 192
1607614271525 0.36747267842292786 193
1607614271726 0.3676973581314087 194
1607614271932 0.3684471547603607 195
1607614272136 0.36929944157600403 196
1607614272337 0.37001898884773254 197
1607614272546 0.3707853853702545 198
1607614272752 0.36992084980010986 199
1607614272957 0.36888813972473145 200
1607614273160 0.36802271008491516 201
1607614273364 0.36725589632987976 202
1607614273573 0.36703696846961975 203
1607614273790 0.3671630322933197 204
1607614273991 0.3681288957595825 205
1607614274193 0.3688770830631256 206
1607614274402 0.36950409412384033 207
1607614274606 0.36900192499160767 208
1607614274812 0.36855486035346985 209
1607614275015 0.36779046058654785 210
1607614275219 0.36682358384132385 211
1607614275423 0.36622416973114014 212
1607614275629 0.3660261929035187 213
1607614275829 0.36594071984291077 214
1607614276034 0.3660520911216736 215
1607614276240 0.3660259246826172 216
1607614276447 0.3664376139640808 217
1607614276654 0.3664555847644806 218
1607614276862 0.3666791617870331 219
1607614277082 0.3659960627555847 220
1607614277293 0.36615005135536194 221
1607614277496 0.3657464385032654 222
1607614277701 0.36577633023262024 223
1607614277907 0.3660142719745636 224
1607614278117 0.3657412528991699 225
1607614278324 0.36621585488319397 226
1607614278533 0.365759938955307 227
1607614278736 0.3662864565849304 228
1607614278949 0.3656386435031891 229
1607614279159 0.3656007647514343 230
1607614279380 0.3650595247745514 231
1607614279589 0.3652103841304779 232
1607614279800 0.3651152551174164 233
1607614280032 0.36529505252838135 234
1607614280242 0.36497241258621216 235
1607614280444 0.36522212624549866 236
1607614280646 0.3647613823413849 237
1607614280850 0.3652784824371338 238
1607614281068 0.36487236618995667 239
1607614281285 0.3651827573776245 240
1607614281495 0.36505523324012756 241
1607614281716 0.3650345802307129 242
1607614281939 0.36500340700149536 243
1607614282147 0.3647834360599518 244
1607614282348 0.3652467429637909 245
1607614282562 0.36476650834083557 246
1607614282769 0.36539143323898315 247
1607614282976 0.36473459005355835 248
1607614283178 0.3651098310947418 249
1607614283380 0.36479735374450684 250
1607614283581 0.364770770072937 251
1607614283791 0.36431336402893066 252
1607614283991 0.3641412854194641 253
1607614284213 0.364003986120224 254
1607614284426 0.36335334181785583 255
1607614284638 0.3637332320213318 256
1607614284849 0.3634771406650543 257
1607614285056 0.3638843297958374 258
1607614285280 0.36413905024528503 259
1607614285492 0.3642033636569977 260
1607614285708 0.36492812633514404 261
1607614285915 0.3643673062324524 262
1607614286137 0.3647988736629486 263
1607614286376 0.36392244696617126 264
1607614286589 0.3638683259487152 265
1607614286811 0.36297309398651123 266
1607614287032 0.3625636100769043 267
1607614287258 0.3627120554447174 268
1607614287484 0.36270806193351746 269
1607614287739 0.3628520667552948 270
1607614287952 0.36344683170318604 271
1607614288177 0.3639186918735504 272
1607614288398 0.36377474665641785 273
1607614288609 0.3639422059059143 274
1607614288812 0.36312252283096313 275
1607614289017 0.36341455578804016 276
1607614289222 0.3623179793357849 277
1607614289423 0.3621903359889984 278
1607614289632 0.36180466413497925 279
1607614289837 0.3616926670074463 280
1607614290045 0.36180806159973145 281
1607614290258 0.36169660091400146 282
1607614290475 0.3621715307235718 283
1607614290686 0.36238256096839905 284
1607614290898 0.3626658618450165 285
1607614291109 0.36273741722106934 286
1607614291320 0.3627530634403229 287
1607614291537 0.362611323595047 288
1607614291747 0.3617917001247406 289
1607614291956 0.3620308041572571 290
1607614292169 0.36129894852638245 291
1607614292381 0.3618914484977722 292
1607614292592 0.3622511327266693 293
1607614292807 0.3631492555141449 294
1607614293020 0.36388325691223145 295
1607614293232 0.3643067181110382 296
1607614293450 0.3642953038215637 297
1607614293657 0.3638759255409241 298
1607614293860 0.3631625175476074 299
1607614294064 0.3615436553955078 300
1607614294265 0.3608534634113312 301
1607614294469 0.36006614565849304 302
1607614294682 0.36006346344947815 303
1607614294894 0.3598938584327698 304
1607614295096 0.36016470193862915 305
1607614295307 0.3605685234069824 306
1607614295512 0.3610216975212097 307
1607614295726 0.361828088760376 308
1607614295928 0.36232516169548035 309
1607614296141 0.36232733726501465 310
1607614296355 0.3618246912956238 311
1607614296570 0.36121395230293274 312
1607614296777 0.36068111658096313 313
1607614296988 0.36067381501197815 314
1607614297205 0.36043331027030945 315
1607614297410 0.360593318939209 316
1607614297613 0.3611249327659607 317
1607614297819 0.3614053428173065 318
1607614298024 0.3624648153781891 319
1607614298229 0.36221230030059814 320
1607614298439 0.36272165179252625 321
1607614298645 0.3617582619190216 322
1607614298845 0.3614180386066437 323
1607614299051 0.360571026802063 324
1607614299259 0.3604719042778015 325
1607614299478 0.35993146896362305 326
1607614299691 0.35976675152778625 327
1607614299908 0.3597599267959595 328
1607614300126 0.3595345616340637 329
1607614300339 0.35999876260757446 330
1607614300554 0.3598078787326813 331
1607614300765 0.36005446314811707 332
1607614300984 0.3601110577583313 333
1607614301192 0.3602024018764496 334
1607614301394 0.3603469431400299 335
1607614301603 0.3608303368091583 336
1607614301816 0.3609692454338074 337
1607614302032 0.36133813858032227 338
1607614302262 0.36147335171699524 339
1607614302480 0.3616334795951843 340
1607614302689 0.36167192459106445 341
1607614302909 0.3611094355583191 342
1607614303143 0.36152762174606323 343
1607614303357 0.36072853207588196 344
1607614303563 0.3606748580932617 345
1607614303773 0.36021852493286133 346
1607614303979 0.3601393699645996 347
1607614304187 0.35947516560554504 348
1607614304415 0.3594028353691101 349
1607614304641 0.35893166065216064 350
1607614304892 0.35946595668792725 351
1607614305120 0.359571635723114 352
1607614305340 0.35959580540657043 353
1607614305593 0.3597531318664551 354
1607614305822 0.36004000902175903 355
1607614306057 0.36056220531463623 356
1607614306307 0.3609998822212219 357
1607614306534 0.36087721586227417 358
1607614306753 0.36089128255844116 359
1607614306975 0.36048904061317444 360
1607614307183 0.3600296676158905 361
1607614307382 0.35970303416252136 362
1607614307584 0.3589787185192108 363
1607614307789 0.35859811305999756 364
1607614307991 0.3579237759113312 365
1607614308195 0.3581096827983856 366
1607614308397 0.35798853635787964 367
1607614308598 0.358601450920105 368
1607614308808 0.35881298780441284 369
1607614309010 0.3595069646835327 370
1607614309214 0.35979533195495605 371
1607614309424 0.36031267046928406 372
1607614309643 0.3607955276966095 373
1607614309858 0.36057209968566895 374
1607614310077 0.3615325689315796 375
1607614310290 0.3605474829673767 376
1607614310499 0.3613373339176178 377
1607614310720 0.3598441481590271 378
1607614310924 0.3599252998828888 379
1607614311139 0.35976359248161316 380
1607614311353 0.3594234883785248 381
1607614311566 0.35955730080604553 382
1607614311782 0.3594660460948944 383
1607614311994 0.3597358763217926 384
1607614312204 0.3593476116657257 385
1607614312417 0.35925015807151794 386
1607614312641 0.35856515169143677 387
1607614312848 0.3587496280670166 388
1607614313050 0.3578481674194336 389
1607614313261 0.3579190969467163 390
1607614313468 0.3569757640361786 391
1607614313685 0.3567631244659424 392
1607614313889 0.3564756214618683 393
1607614314095 0.3564568758010864 394
1607614314307 0.3563845753669739 395
1607614314532 0.3565751910209656 396
1607614314744 0.35649946331977844 397
1607614314948 0.35725799202919006 398
1607614315150 0.3576618432998657 399
1607614315358 0.3582094609737396 400
1607614315572 0.3586658239364624 401
1607614315792 0.3591971695423126 402
1607614316011 0.3596116900444031 403
1607614316223 0.3599333167076111 404
1607614316440 0.3601570129394531 405
1607614316648 0.35980847477912903 406
1607614316851 0.35953593254089355 407
1607614317059 0.35838302969932556 408
1607614317261 0.358550101518631 409
1607614317466 0.35801148414611816 410
1607614317676 0.3582119941711426 411
1607614317885 0.35791468620300293 412
1607614318095 0.3577449917793274 413
1607614318312 0.35778355598449707 414
1607614318520 0.3579918146133423 415
1607614318728 0.3581215441226959 416
1607614318940 0.35779431462287903 417
1607614319142 0.35752204060554504 418
1607614319351 0.357721209526062 419
1607614319554 0.35824981331825256 420
1607614319767 0.3583649694919586 421
1607614319988 0.3585413992404938 422
1607614320237 0.3579201400279999 423
1607614320453 0.35792481899261475 424
1607614320660 0.3573382496833801 425
1607614320876 0.3571954667568207 426
1607614321089 0.3565089702606201 427
1607614321313 0.35660767555236816 428
1607614321529 0.35648176074028015 429
1607614321743 0.35707783699035645 430
1607614321956 0.35737231373786926 431
1607614322204 0.3580702841281891 432
1607614322431 0.358396053314209 433
1607614322651 0.3581535518169403 434
1607614322871 0.3578931391239166 435
1607614323100 0.3573722839355469 436
1607614323323 0.3567202091217041 437
1607614323545 0.35636910796165466 438
1607614323772 0.35623499751091003 439
1607614324002 0.35625752806663513 440
1607614324223 0.3568337857723236 441
1607614324444 0.35723555088043213 442
1607614324654 0.3580004870891571 443
1607614324858 0.3583299219608307 444
1607614325065 0.3593497574329376 445
1607614325278 0.3588655889034271 446
1607614325492 0.35867127776145935 447
1607614325707 0.35818925499916077 448
1607614325924 0.35766297578811646 449
1607614326142 0.3572350740432739 450
1607614326350 0.35658615827560425 451
1607614326553 0.3561236262321472 452
1607614326756 0.3558366298675537 453
1607614326963 0.35578376054763794 454
1607614327175 0.35563093423843384 455
1607614327386 0.35624960064888 456
1607614327602 0.3561929762363434 457
1607614327819 0.3569166660308838 458
1607614328037 0.35701414942741394 459
1607614328243 0.35710957646369934 460
1607614328447 0.35745102167129517 461
1607614328651 0.35734134912490845 462
1607614328859 0.35737907886505127 463
1607614329063 0.3570268452167511 464
1607614329268 0.35667774081230164 465
1607614329476 0.3565252125263214 466
1607614329686 0.3562599718570709 467
1607614329906 0.35618168115615845 468
1607614330134 0.3555432856082916 469
1607614330345 0.355781227350235 470
1607614330554 0.35595598816871643 471
1607614330759 0.3563685417175293 472
1607614330974 0.3571591079235077 473
1607614331184 0.35744571685791016 474
1607614331391 0.3582615256309509 475
1607614331597 0.35797592997550964 476
1607614331809 0.35814815759658813 477
1607614332031 0.35758838057518005 478
1607614332247 0.35745328664779663 479
1607614332453 0.35633817315101624 480
1607614332661 0.35571303963661194 481
1607614332868 0.35546669363975525 482
1607614333072 0.3554656505584717 483
1607614333273 0.35527968406677246 484
1607614333480 0.3554883301258087 485
1607614333690 0.3554816246032715 486
1607614333897 0.3562955856323242 487
1607614334105 0.3564239740371704 488
1607614334311 0.3569795787334442 489
1607614334521 0.3565123975276947 490
1607614334734 0.356523722410202 491
1607614334938 0.3554721474647522 492
1607614335142 0.35539376735687256 493
1607614335346 0.3545333445072174 494
1607614335551 0.3544780910015106 495
1607614335756 0.35405269265174866 496
1607614335968 0.35434845089912415 497
1607614336190 0.35417237877845764 498
1607614336405 0.354890376329422 499
1607614336622 0.355661004781723 500
1607614336834 0.3561144173145294 501
1607614337052 0.3574719727039337 502
1607614337265 0.3576425611972809 503
1607614337485 0.3584095537662506 504
1607614337695 0.35838717222213745 505
1607614337900 0.35795682668685913 506
1607614338133 0.35709044337272644 507
1607614338347 0.3562958538532257 508
1607614338552 0.3557639718055725 509
1607614338756 0.3557831346988678 510
1607614338989 0.35562700033187866 511
1607614339210 0.3555738031864166 512
1607614339425 0.355563223361969 513
1607614339629 0.3556336760520935 514
1607614339842 0.3556044101715088 515
1607614340084 0.3554098308086395 516
1607614340334 0.3552855849266052 517
1607614340564 0.3552752435207367 518
1607614340790 0.3552475869655609 519
1607614341041 0.3554016649723053 520
1607614341283 0.35582059621810913 521
1607614341526 0.35600021481513977 522
1607614341771 0.3565570116043091 523
1607614342005 0.356478214263916 524
1607614342226 0.3563145101070404 525
1607614342434 0.35523539781570435 526
1607614342640 0.3551677465438843 527
1607614342844 0.3541732728481293 528
1607614343047 0.3543716073036194 529
1607614343254 0.3536834120750427 530
1607614343463 0.3538565933704376 531
1607614343665 0.353894978761673 532
1607614343872 0.3543979525566101 533
1607614344074 0.3548697531223297 534
1607614344281 0.35606157779693604 535
1607614344488 0.3564877510070801 536
1607614344697 0.35731053352355957 537
1607614344907 0.3574678897857666 538
1607614345119 0.3569599390029907 539
1607614345338 0.35693201422691345 540
1607614345545 0.3560883402824402 541
1607614345747 0.3558686077594757 542
1607614345951 0.3553379476070404 543
1607614346155 0.355148047208786 544
1607614346367 0.35523608326911926 545
1607614346579 0.3553459942340851 546
1607614346790 0.35533058643341064 547
1607614347003 0.35570406913757324 548
1607614347221 0.35543951392173767 549
1607614347431 0.35580524802207947 550
1607614347637 0.35614070296287537 551
1607614347840 0.3560321033000946 552
1607614348045 0.35629692673683167 553
1607614348253 0.3554795980453491 554
1607614348464 0.3553764522075653 555
1607614348675 0.354265034198761 556
1607614348888 0.35364991426467896 557
1607614349106 0.3531390428543091 558
1607614349310 0.35270604491233826 559
1607614349512 0.35257694125175476 560
1607614349720 0.3522458076477051 561
1607614349923 0.35283446311950684 562
1607614350130 0.35356083512306213 563
1607614350332 0.354433536529541 564
1607614350536 0.35570383071899414 565
1607614350740 0.3571835458278656 566
1607614350951 0.3580540716648102 567
1607614351325 0.35845649242401123 568
1607614351526 0.35766416788101196 569
1607614351728 0.35634541511535645 570
1607614351934 0.35537153482437134 571
1607614352142 0.35383525490760803 572
1607614352345 0.35349804162979126 573
1607614352551 0.35257411003112793 574
1607614352756 0.35244297981262207 575
1607614352960 0.35229647159576416 576
1607614353163 0.3524324297904968 577
1607614353367 0.35273101925849915 578
1607614353564 0.35361218452453613 579
1607614353766 0.3540034890174866 580
1607614353969 0.3552210032939911 581
1607614354175 0.3555322289466858 582
1607614354377 0.3560309410095215 583
1607614354581 0.3560735285282135 584
1607614354787 0.356075257062912 585
1607614354992 0.35545438528060913 586
1607614355199 0.35549771785736084 587
1607614355406 0.35469406843185425 588
1607614355607 0.35472241044044495 589
1607614355809 0.35394683480262756 590
1607614356028 0.35367512702941895 591
1607614356238 0.35323718190193176 592
1607614356444 0.3534253239631653 593
1607614356652 0.35341382026672363 594
1607614356858 0.3537720739841461 595
1607614357086 0.3537715673446655 596
1607614357298 0.3539738953113556 597
1607614357504 0.35461941361427307 598
1607614357705 0.3544315695762634 599
1607614357912 0.35524144768714905 600
1607614358133 0.35497602820396423 601
1607614358374 0.3552999198436737 602
1607614358595 0.3553934395313263 603
1607614358832 0.35500091314315796 604
1607614359076 0.3549429774284363 605
1607614359311 0.35410070419311523 606
1607614359532 0.3541721999645233 607
1607614359772 0.353840708732605 608
1607614359986 0.3537473678588867 609
1607614360204 0.35381588339805603 610
1607614360436 0.35385578870773315 611
1607614360649 0.35434582829475403 612
1607614360854 0.3545886278152466 613
1607614361063 0.35422447323799133 614
1607614361262 0.35447293519973755 615
1607614361465 0.35421523451805115 616
1607614361673 0.35392796993255615 617
1607614361875 0.3533596992492676 618
1607614362078 0.35269057750701904 619
1607614362278 0.3523752987384796 620
1607614362479 0.35199984908103943 621
1607614362682 0.3520859479904175 622
1607614362887 0.35195744037628174 623
1607614363088 0.3523770868778229 624
1607614363292 0.3525838255882263 625
1607614363505 0.3530723452568054 626
1607614363711 0.353853702545166 627
1607614363916 0.35417473316192627 628
1607614364119 0.3550645112991333 629
1607614364318 0.3551381528377533 630
1607614364522 0.35525888204574585 631
1607614364727 0.3553336560726166 632
1607614364929 0.35510894656181335 633
1607614365133 0.355007529258728 634
1607614365344 0.3546915352344513 635
1607614365548 0.353975385427475 636
1607614365751 0.3538022041320801 637
1607614365956 0.35299497842788696 638
1607614366157 0.3528580963611603 639
1607614366361 0.3524632453918457 640
1607614366563 0.3523792326450348 641
1607614366769 0.3522161841392517 642
1607614366975 0.35242003202438354 643
1607614367187 0.3526221811771393 644
1607614367391 0.35304346680641174 645
1607614367594 0.35310858488082886 646
1607614367800 0.35338443517684937 647
1607614368002 0.353407621383667 648
1607614368207 0.35343673825263977 649
1607614368408 0.3534943759441376 650
1607614368612 0.3534277379512787 651
1607614368813 0.35382112860679626 652
1607614369022 0.3537198603153229 653
1607614369235 0.35368120670318604 654
1607614369439 0.35425642132759094 655
1607614369642 0.3543473780155182 656
1607614369857 0.35492533445358276 657
1607614370068 0.3550184965133667 658
1607614370276 0.35475096106529236 659
1607614370484 0.3551853895187378 660
1607614370696 0.35427677631378174 661
1607614370906 0.35434234142303467 662
1607614371118 0.35380083322525024 663
1607614371326 0.35359424352645874 664
1607614371539 0.35314449667930603 665
1607614371748 0.3530306816101074 666
1607614371952 0.35310041904449463 667
1607614372158 0.35316500067710876 668
1607614372362 0.35310348868370056 669
1607614372566 0.3528957664966583 670
1607614372771 0.3529985845088959 671
1607614372979 0.35272979736328125 672
1607614373192 0.3529966175556183 673
1607614373395 0.35246050357818604 674
1607614373606 0.3527650833129883 675
1607614373817 0.35233479738235474 676
1607614374022 0.35256344079971313 677
1607614374223 0.3522951304912567 678
1607614374446 0.35268568992614746 679
1607614374665 0.35260528326034546 680
1607614374873 0.35255321860313416 681
1607614375090 0.35254156589508057 682
1607614375301 0.35252952575683594 683
1607614375524 0.35246145725250244 684
1607614375736 0.35206907987594604 685
1607614375938 0.35164567828178406 686
1607614376144 0.35155022144317627 687
1607614376349 0.3514072299003601 688
1607614376573 0.3516318202018738 689
1607614376808 0.3518814444541931 690
1607614377025 0.3520439565181732 691
1607614377252 0.3526175618171692 692
1607614377500 0.35271161794662476 693
1607614377721 0.3537195920944214 694
1607614377953 0.3535172641277313 695
1607614378168 0.3543247580528259 696
1607614378388 0.35401424765586853 697
1607614378607 0.35416364669799805 698
1607614378817 0.35394978523254395 699
1607614379022 0.3537020683288574 700
1607614379234 0.3534388244152069 701
1607614379441 0.35266074538230896 702
1607614379649 0.35236647725105286 703
1607614379854 0.35169321298599243 704
1607614380068 0.35140472650527954 705
1607614380287 0.35090622305870056 706
1607614380504 0.3509010970592499 707
1607614380716 0.3507358431816101 708
1607614380930 0.35089921951293945 709
1607614381144 0.35105806589126587 710
1607614381351 0.3514903783798218 711
1607614381556 0.35212692618370056 712
1607614381758 0.35239046812057495 713
1607614381963 0.35329386591911316 714
1607614382164 0.35357457399368286 715
1607614382372 0.35415682196617126 716
1607614382576 0.3539726734161377 717
1607614382780 0.3538711965084076 718
1607614382987 0.35368603467941284 719
1607614383197 0.3537019193172455 720
1607614383399 0.35346081852912903 721
1607614383606 0.35355353355407715 722
1607614383813 0.3536374568939209 723
1607614384015 0.3534923791885376 724
1607614384227 0.35397860407829285 725
1607614384433 0.35349103808403015 726
1607614384638 0.35401010513305664 727
1607614384844 0.3532316982746124 728
1607614385048 0.3535531163215637 729
1607614385252 0.3527079224586487 730
1607614385457 0.35298481583595276 731
1607614385659 0.3524055778980255 732
1607614385859 0.35220518708229065 733
1607614386066 0.3521869480609894 734
1607614386276 0.3519867956638336 735
1607614386479 0.3518099784851074 736
1607614386681 0.35133641958236694 737
1607614386882 0.3513646423816681 738
1607614387084 0.35125482082366943 739
1607614387289 0.35108235478401184 740
1607614387488 0.3512215316295624 741
1607614387692 0.3512394428253174 742
1607614387903 0.3516640067100525 743
1607614388108 0.3516489565372467 744
1607614388314 0.35197412967681885 745
1607614388519 0.3521600067615509 746
1607614388725 0.35255947709083557 747
1607614388935 0.35271406173706055 748
1607614389136 0.3531573414802551 749
1607614389341 0.35330507159233093 750
1607614389548 0.35352540016174316 751
1607614389768 0.3536754548549652 752
1607614389973 0.35357993841171265 753
1607614390180 0.3534418046474457 754
1607614390387 0.35324105620384216 755
1607614390587 0.3528822064399719 756
1607614390787 0.35229888558387756 757
1607614391006 0.35214564204216003 758
1607614391218 0.35169747471809387 759
1607614391420 0.3516242504119873 760
1607614391631 0.35108017921447754 761
1607614391831 0.3511708676815033 762
1607614392034 0.35077592730522156 763
1607614392250 0.3515323996543884 764
1607614392453 0.35151761770248413 765
1607614392661 0.35279494524002075 766
1607614392863 0.3527680039405823 767
1607614393098 0.3535139560699463 768
1607614393311 0.3541562259197235 769
1607614393521 0.3542717397212982 770
1607614393723 0.3544181287288666 771
1607614393933 0.35392308235168457 772
1607614394157 0.35387033224105835 773
1607614394392 0.35294637084007263 774
1607614394608 0.35212236642837524 775
1607614394820 0.3512595593929291 776
1607614395046 0.35062018036842346 777
1607614395265 0.35036444664001465 778
1607614395509 0.3497222363948822 779
1607614395735 0.34962499141693115 780
1607614395954 0.3494056761264801 781
1607614396182 0.3497966229915619 782
1607614396393 0.35011717677116394 783
1607614396595 0.35045313835144043 784
1607614396799 0.3506952226161957 785
1607614396999 0.35124701261520386 786
1607614397203 0.35178816318511963 787
1607614397412 0.3523946702480316 788
1607614397616 0.3529318869113922 789
1607614397825 0.35309165716171265 790
1607614398031 0.35296687483787537 791
1607614398232 0.35306593775749207 792
1607614398434 0.3531331717967987 793
1607614398641 0.352795273065567 794
1607614398841 0.3525508642196655 795
1607614399042 0.35164278745651245 796
1607614399249 0.35127273201942444 797
1607614399455 0.3505149185657501 798
1607614399662 0.3505450189113617 799
1607614399869 0.3499532639980316 800
1607614400076 0.3499978184700012 801
1607614400278 0.34977462887763977 802
1607614400483 0.350018709897995 803
1607614400689 0.35037291049957275 804
1607614400893 0.3506653606891632 805
1607614401100 0.35100433230400085 806
1607614401304 0.3515416383743286 807
1607614401514 0.3519526720046997 808
1607614401717 0.352777898311615 809
1607614401920 0.35260340571403503 810
1607614402123 0.35311734676361084 811
1607614402325 0.3525504469871521 812
1607614402528 0.3527565598487854 813
1607614402729 0.35215556621551514 814
1607614402938 0.3518962562084198 815
1607614403142 0.3514142632484436 816
1607614403346 0.3510013520717621 817
1607614403553 0.3504878878593445 818
1607614403760 0.3503999710083008 819
1607614403963 0.3505787253379822 820
1607614404166 0.3506220281124115 821
1607614404368 0.3513416051864624 822
1607614404577 0.35193780064582825 823
1607614404789 0.35261350870132446 824
1607614404992 0.353735089302063 825
1607614405200 0.3532788157463074 826
1607614405408 0.35371604561805725 827
1607614405613 0.35287368297576904 828
1607614405816 0.352451890707016 829
1607614406028 0.35153627395629883 830
1607614406240 0.3512648344039917 831
1607614406444 0.35070180892944336 832
1607614406658 0.35067591071128845 833
1607614406888 0.35039886832237244 834
1607614407106 0.35037994384765625 835
1607614407335 0.3504878878593445 836
1607614407562 0.3506404161453247 837
1607614407779 0.3511594533920288 838
1607614408012 0.3514246642589569 839
1607614408241 0.35175827145576477 840
1607614408456 0.3524042069911957 841
1607614408685 0.35290324687957764 842
1607614408897 0.3531404435634613 843
1607614409118 0.35243719816207886 844
1607614409330 0.3517542779445648 845
1607614409535 0.3510150909423828 846
1607614409736 0.35036179423332214 847
1607614409940 0.3499290645122528 848
1607614410148 0.34944310784339905 849
1607614410349 0.34958547353744507 850
1607614410567 0.34953880310058594 851
1607614410769 0.34988054633140564 852
1607614410984 0.3503780663013458 853
1607614411204 0.35099244117736816 854
1607614411414 0.35141071677207947 855
1607614411620 0.35184168815612793 856
1607614411825 0.35197824239730835 857
1607614412025 0.3524409532546997 858
1607614412229 0.3525286614894867 859
1607614412443 0.3518095016479492 860
1607614412652 0.35139042139053345 861
1607614412862 0.3508547246456146 862
1607614413069 0.35048723220825195 863
1607614413274 0.3499429523944855 864
1607614413477 0.34958016872406006 865
1607614413680 0.34951794147491455 866
1607614413886 0.34990429878234863 867
1607614414087 0.35002145171165466 868
1607614414294 0.35058748722076416 869
1607614414501 0.3509228825569153 870
1607614414712 0.35159832239151 871
1607614414917 0.35233786702156067 872
1607614415126 0.3526214063167572 873
1607614415331 0.3518351912498474 874
1607614415535 0.351484090089798 875
1607614415736 0.3510497808456421 876
1607614415941 0.35096845030784607 877
1607614416152 0.35088789463043213 878
1607614416358 0.3505096435546875 879
1607614416562 0.35060885548591614 880
1607614416770 0.3505028486251831 881
1607614416981 0.3506530225276947 882
1607614417188 0.35071390867233276 883
1607614417392 0.3509238660335541 884
1607614417604 0.35042130947113037 885
1607614417810 0.350507915019989 886
1607614418022 0.35008352994918823 887
1607614418228 0.3505629003047943 888
1607614418431 0.35040971636772156 889
1607614418635 0.3502935469150543 890
1607614418846 0.35086825489997864 891
1607614419049 0.3510795533657074 892
1607614419262 0.35176214575767517 893
1607614419471 0.3513646125793457 894
1607614419681 0.35179615020751953 895
1607614419895 0.35179421305656433 896
1607614420103 0.3520873486995697 897
1607614420315 0.35232287645339966 898
1607614420520 0.35238996148109436 899
1607614420727 0.3522140681743622 900
1607614420932 0.3519335091114044 901
1607614421137 0.35175812244415283 902
1607614421357 0.3514711260795593 903
1607614421587 0.35101908445358276 904
1607614421833 0.35069993138313293 905
1607614422087 0.3500141203403473 906
1607614422309 0.34972989559173584 907
1607614422552 0.3497050702571869 908
1607614422782 0.3493804335594177 909
1607614423026 0.34915974736213684 910
1607614423259 0.3488604426383972 911
1607614423487 0.3492223620414734 912
1607614423700 0.3492121398448944 913
1607614423912 0.34956085681915283 914
1607614424116 0.3495384752750397 915
1607614424323 0.3501916825771332 916
1607614424538 0.3506856858730316 917
1607614424745 0.35110926628112793 918
1607614424951 0.3517223298549652 919
1607614425154 0.35182875394821167 920
1607614425358 0.35222411155700684 921
1607614425572 0.35177841782569885 922
1607614425780 0.3519138693809509 923
1607614425983 0.35108235478401184 924
1607614426188 0.35147178173065186 925
1607614426396 0.3507625460624695 926
1607614426601 0.35062843561172485 927
1607614426805 0.3499414622783661 928
1607614427019 0.34992727637290955 929
1607614427226 0.34983348846435547 930
1607614427427 0.35039249062538147 931
1607614427637 0.3502943813800812 932
1607614427847 0.3509681820869446 933
1607614428062 0.3510271906852722 934
1607614428267 0.35149016976356506 935
1607614428472 0.3512921929359436 936
1607614428675 0.35122376680374146 937
1607614428883 0.3504803776741028 938
1607614429087 0.35029563307762146 939
1607614429292 0.34963318705558777 940
1607614429511 0.3496464490890503 941
1607614429718 0.3493386209011078 942
1607614429926 0.34941330552101135 943
1607614430133 0.34966549277305603 944
1607614430335 0.3497600257396698 945
1607614430540 0.3503307104110718 946
1607614430743 0.3506206274032593 947
1607614430952 0.35086968541145325 948
1607614431162 0.35069525241851807 949
1607614431380 0.3505532145500183 950
1607614431587 0.3504490852355957 951
1607614431793 0.3500997722148895 952
1607614431998 0.3495471775531769 953
1607614432200 0.34918469190597534 954
1607614432410 0.348924845457077 955
1607614432617 0.3487664461135864 956
1607614432820 0.3485434949398041 957
1607614433025 0.34857895970344543 958
1607614433233 0.34858760237693787 959
1607614433435 0.34890344738960266 960
1607614433639 0.3491169512271881 961
1607614433848 0.3496653735637665 962
1607614434055 0.3502674102783203 963
1607614434255 0.350829541683197 964
1607614434461 0.35193973779678345 965
1607614434666 0.3522857129573822 966
1607614434867 0.35264191031455994 967
1607614435078 0.35195666551589966 968
1607614435287 0.35163432359695435 969
1607614435493 0.35039010643959045 970
1607614435699 0.3503594696521759 971
1607614435903 0.34947386384010315 972
1607614436111 0.3495863676071167 973
1607614436316 0.3498363792896271 974
1607614436520 0.3498724400997162 975
1607614436722 0.35011035203933716 976
1607614436933 0.3502863645553589 977
1607614437140 0.35075339674949646 978
1607614437346 0.3506301939487457 979
1607614437555 0.35071197152137756 980
1607614437759 0.3504599928855896 981
1607614437967 0.3506731390953064 982
1607614438170 0.35042598843574524 983
1607614438372 0.3503071963787079 984
1607614438572 0.3506443500518799 985
1607614438803 0.3505149781703949 986
1607614439018 0.35041141510009766 987
1607614439230 0.3504782021045685 988
1607614439437 0.3503836691379547 989
1607614439669 0.35056015849113464 990
1607614439889 0.3501157760620117 991
1607614440101 0.3499649167060852 992
1607614440318 0.35019099712371826 993
1607614440542 0.35008150339126587 994
1607614440761 0.3504338562488556 995
1607614440984 0.3501822054386139 996
1607614441191 0.3508622646331787 997
1607614441402 0.35079634189605713 998
1607614441644 0.35078510642051697 999
