1607615874734 0.47393980622291565 0
1607615874863 0.46467986702919006 1
1607615874997 0.45690733194351196 2
1607615875129 0.45266497135162354 3
1607615875259 0.44612956047058105 4
1607615875388 0.4424431622028351 5
1607615875514 0.4402921497821808 6
1607615875637 0.43903130292892456 7
1607615875772 0.43843546509742737 8
1607615875896 0.438215047121048 9
1607615876018 0.4372372329235077 10
1607615876149 0.4354698359966278 11
1607615876271 0.43467655777931213 12
1607615876401 0.43432608246803284 13
1607615876528 0.4337084889411926 14
1607615876664 0.43341660499572754 15
1607615876786 0.43225526809692383 16
1607615876922 0.4313525855541229 17
1607615877043 0.43184155225753784 18
1607615877165 0.43120360374450684 19
1607615877285 0.42998069524765015 20
1607615877411 0.4289975166320801 21
1607615877535 0.42775946855545044 22
1607615877655 0.4268546402454376 23
1607615877777 0.4260513484477997 24
1607615877905 0.4250263273715973 25
1607615878033 0.4238051474094391 26
1607615878160 0.4231380224227905 27
1607615878289 0.4231017231941223 28
1607615878415 0.4231300950050354 29
1607615878552 0.42273786664009094 30
1607615878684 0.4216661751270294 31
1607615878809 0.4200966954231262 32
1607615878943 0.4190426468849182 33
1607615879066 0.41788098216056824 34
1607615879187 0.4168350398540497 35
1607615879316 0.4161093831062317 36
1607615879442 0.4158909320831299 37
1607615879563 0.41576170921325684 38
1607615879700 0.4149474501609802 39
1607615879833 0.4131700396537781 40
1607615879962 0.4119889438152313 41
1607615880090 0.4110735356807709 42
1607615880216 0.4109489321708679 43
1607615880334 0.40997937321662903 44
1607615880459 0.40939822793006897 45
1607615880582 0.4091539680957794 46
1607615880719 0.4095897972583771 47
1607615880875 0.40945953130722046 48
1607615881005 0.40887215733528137 49
1607615881144 0.4081360399723053 50
1607615881289 0.40630918741226196 51
1607615881422 0.40494397282600403 52
1607615881551 0.4041460156440735 53
1607615881674 0.40272587537765503 54
1607615881802 0.4017948508262634 55
1607615881922 0.4019002616405487 56
1607615882051 0.4019511342048645 57
1607615882171 0.40264183282852173 58
1607615882293 0.40288469195365906 59
1607615882411 0.4023091495037079 60
1607615882532 0.40027710795402527 61
1607615882652 0.39892157912254333 62
1607615882777 0.39748653769493103 63
1607615882898 0.3967664837837219 64
1607615883021 0.3972361981868744 65
1607615883154 0.3972358703613281 66
1607615883277 0.3969375789165497 67
1607615883407 0.3961052894592285 68
1607615883530 0.3959229290485382 69
1607615883658 0.3952971398830414 70
1607615883789 0.3943938612937927 71
1607615883919 0.39360174536705017 72
1607615884042 0.3920004963874817 73
1607615884162 0.3914106488227844 74
1607615884290 0.39100196957588196 75
1607615884422 0.39152705669403076 76
1607615884554 0.3934861421585083 77
1607615884678 0.39357879757881165 78
1607615884805 0.39190003275871277 79
1607615884936 0.39043325185775757 80
1607615885062 0.38817137479782104 81
1607615885182 0.38719266653060913 82
1607615885315 0.3870045840740204 83
1607615885446 0.3869960904121399 84
1607615885581 0.3868090808391571 85
1607615885718 0.3865060806274414 86
1607615885851 0.3866759240627289 87
1607615885974 0.38668668270111084 88
1607615886096 0.38668525218963623 89
1607615886221 0.3863992989063263 90
1607615886355 0.38716787099838257 91
1607615886501 0.3881848156452179 92
1607615886646 0.38781893253326416 93
1607615886792 0.3876475691795349 94
1607615886938 0.3854708671569824 95
1607615887070 0.3832491934299469 96
1607615887204 0.38212424516677856 97
1607615887335 0.3814701437950134 98
1607615887467 0.3814705014228821 99
1607615887618 0.3819158673286438 100
1607615887777 0.38193178176879883 101
1607615887947 0.3823685646057129 102
1607615888079 0.3835209012031555 103
1607615888212 0.38276082277297974 104
1607615888338 0.38272690773010254 105
1607615888460 0.3814487159252167 106
1607615888577 0.3805663585662842 107
1607615888697 0.379676878452301 108
1607615888825 0.37932056188583374 109
1607615888950 0.37922367453575134 110
1607615889078 0.37995442748069763 111
1607615889202 0.3805476427078247 112
1607615889332 0.3804090619087219 113
1607615889453 0.37977585196495056 114
1607615889578 0.3789708912372589 115
1607615889699 0.37902167439460754 116
1607615889822 0.37796276807785034 117
1607615889951 0.37703654170036316 118
1607615890080 0.3770170509815216 119
1607615890215 0.3766585886478424 120
1607615890337 0.3768925964832306 121
1607615890461 0.3772179186344147 122
1607615890584 0.3772740960121155 123
1607615890722 0.3776983320713043 124
1607615890851 0.379058301448822 125
1607615890969 0.3786921501159668 126
1607615891092 0.3782599866390228 127
1607615891208 0.37733203172683716 128
1607615891339 0.3774692416191101 129
1607615891601 0.3771650791168213 130
1607615891725 0.37697651982307434 131
1607615891849 0.3769395053386688 132
1607615891968 0.3757171034812927 133
1607615892088 0.3752359449863434 134
1607615892213 0.3742295801639557 135
1607615892339 0.3742307424545288 136
1607615892465 0.3738189935684204 137
1607615892591 0.3737483620643616 138
1607615892719 0.37355589866638184 139
1607615892844 0.3740290701389313 140
1607615892976 0.37460246682167053 141
1607615893096 0.37439659237861633 142
1607615893216 0.37408703565597534 143
1607615893335 0.3734606206417084 144
1607615893460 0.37288713455200195 145
1607615893589 0.3727966547012329 146
1607615893715 0.372463583946228 147
1607615893842 0.37255752086639404 148
1607615893984 0.3729162812232971 149
1607615894110 0.373259574174881 150
1607615894229 0.3735336661338806 151
1607615894351 0.37320077419281006 152
1607615894480 0.3734724819660187 153
1607615894613 0.37262779474258423 154
1607615894741 0.3726753890514374 155
1607615894861 0.3729737102985382 156
1607615894983 0.3728245794773102 157
1607615895102 0.3734177052974701 158
1607615895234 0.3739157021045685 159
1607615895354 0.3739803433418274 160
1607615895507 0.374110609292984 161
1607615895660 0.37340620160102844 162
1607615895794 0.37211063504219055 163
1607615895920 0.37127238512039185 164
1607615896044 0.3706437051296234 165
1607615896197 0.3695421814918518 166
1607615896351 0.3688746392726898 167
1607615896481 0.3684154152870178 168
1607615896604 0.3684249520301819 169
1607615896725 0.36862993240356445 170
1607615896879 0.36908769607543945 171
1607615897011 0.3699788749217987 172
1607615897139 0.37221431732177734 173
1607615897270 0.37215670943260193 174
1607615897394 0.3722882866859436 175
1607615897521 0.3714469075202942 176
1607615897643 0.3710520267486572 177
1607615897775 0.3706212341785431 178
1607615897923 0.3697398900985718 179
1607615898067 0.3695752024650574 180
1607615898195 0.3691430985927582 181
1607615898319 0.36908552050590515 182
1607615898441 0.3686408996582031 183
1607615898571 0.36894598603248596 184
1607615898706 0.3696099519729614 185
1607615898861 0.3701665699481964 186
1607615899004 0.3707464039325714 187
1607615899143 0.3710532486438751 188
1607615899276 0.3707144856452942 189
1607615899420 0.3707171082496643 190
1607615899564 0.36911046504974365 191
1607615899698 0.3686797022819519 192
1607615899839 0.3677741587162018 193
1607615899973 0.367690771818161 194
1607615900095 0.36773309111595154 195
1607615900218 0.36837828159332275 196
1607615900354 0.36865147948265076 197
1607615900488 0.3688070774078369 198
1607615900613 0.368674099445343 199
1607615900743 0.368617445230484 200
1607615900868 0.36822426319122314 201
1607615900992 0.3681098222732544 202
1607615901126 0.367124080657959 203
1607615901253 0.36677682399749756 204
1607615901380 0.366354763507843 205
1607615901506 0.36625000834465027 206
1607615901635 0.36611202359199524 207
1607615901764 0.36609891057014465 208
1607615901892 0.36636245250701904 209
1607615902018 0.3663776218891144 210
1607615902143 0.36678388714790344 211
1607615902273 0.36678043007850647 212
1607615902399 0.3677040934562683 213
1607615902524 0.36752378940582275 214
1607615902651 0.36738309264183044 215
1607615902784 0.36692014336586 216
1607615902906 0.36639150977134705 217
1607615903034 0.36608439683914185 218
1607615903158 0.36592966318130493 219
1607615903281 0.3655987083911896 220
1607615903403 0.3660164475440979 221
1607615903524 0.36583274602890015 222
1607615903646 0.36603808403015137 223
1607615903771 0.36700186133384705 224
1607615903906 0.36771318316459656 225
1607615904034 0.3684478998184204 226
1607615904162 0.3695785701274872 227
1607615904293 0.36879822611808777 228
1607615904420 0.36848804354667664 229
1607615904545 0.36727890372276306 230
1607615904671 0.36603686213493347 231
1607615904795 0.36538171768188477 232
1607615904915 0.3642957806587219 233
1607615905044 0.36371123790740967 234
1607615905164 0.36365312337875366 235
1607615905314 0.36400657892227173 236
1607615905445 0.3648180365562439 237
1607615905570 0.3658343255519867 238
1607615905693 0.3671322762966156 239
1607615905809 0.36776742339134216 240
1607615905959 0.3683421015739441 241
1607615906091 0.367372065782547 242
1607615906222 0.36693111062049866 243
1607615906350 0.36512699723243713 244
1607615906481 0.36443912982940674 245
1607615906628 0.36406707763671875 246
1607615906762 0.36342853307724 247
1607615906886 0.363736629486084 248
1607615907010 0.36330753564834595 249
1607615907138 0.3634060025215149 250
1607615907267 0.3634413778781891 251
1607615907437 0.3632162809371948 252
1607615907574 0.36374303698539734 253
1607615907697 0.3636144995689392 254
1607615907830 0.3642384707927704 255
1607615907951 0.3638722598552704 256
1607615908075 0.3646009862422943 257
1607615908223 0.3645847737789154 258
1607615908359 0.3646599352359772 259
1607615908488 0.36486607789993286 260
1607615908624 0.3659963011741638 261
1607615908749 0.3668103814125061 262
1607615908897 0.3667806386947632 263
1607615909030 0.36619460582733154 264
1607615909157 0.3656635284423828 265
1607615909282 0.36528876423835754 266
1607615909416 0.36439743638038635 267
1607615909545 0.3636472225189209 268
1607615909685 0.36345064640045166 269
1607615909819 0.36284956336021423 270
1607615909946 0.3637051582336426 271
1607615910072 0.3636265993118286 272
1607615910197 0.364001989364624 273
1607615910341 0.3638527989387512 274
1607615910486 0.3640313446521759 275
1607615910629 0.3644774854183197 276
1607615910772 0.36435768008232117 277
1607615910915 0.3635854423046112 278
1607615911057 0.3630293011665344 279
1607615911210 0.36245110630989075 280
1607615911339 0.3624431788921356 281
1607615911471 0.36187729239463806 282
1607615911603 0.3618655204772949 283
1607615911730 0.36199256777763367 284
1607615911860 0.3622152507305145 285
1607615911988 0.36218705773353577 286
1607615912108 0.36274483799934387 287
1607615912246 0.3629731237888336 288
1607615912375 0.36300885677337646 289
1607615912507 0.3627551794052124 290
1607615912631 0.36293044686317444 291
1607615912766 0.36288633942604065 292
1607615912892 0.362517774105072 293
1607615913019 0.3620699346065521 294
1607615913149 0.36167144775390625 295
1607615913264 0.3617115616798401 296
1607615913391 0.3616165816783905 297
1607615913512 0.36155760288238525 298
1607615913636 0.3616928458213806 299
1607615913764 0.36236709356307983 300
1607615913887 0.36243394017219543 301
1607615914012 0.36344677209854126 302
1607615914135 0.3636843264102936 303
1607615914251 0.3637196719646454 304
1607615914370 0.36326488852500916 305
1607615914501 0.3628263473510742 306
1607615914626 0.36199891567230225 307
1607615914753 0.36159569025039673 308
1607615914888 0.36104968190193176 309
1607615915046 0.361477255821228 310
1607615915183 0.36147746443748474 311
1607615915303 0.36242374777793884 312
1607615915423 0.3628041446208954 313
1607615915547 0.36302560567855835 314
1607615915683 0.363133043050766 315
1607615915816 0.36247920989990234 316
1607615915960 0.36216679215431213 317
1607615916104 0.3612056076526642 318
1607615916248 0.3610334098339081 319
1607615916392 0.3606780469417572 320
1607615916531 0.3603476881980896 321
1607615916674 0.3599855601787567 322
1607615916816 0.35997551679611206 323
1607615916960 0.3602377474308014 324
1607615917104 0.3603127598762512 325
1607615917248 0.3609383702278137 326
1607615917393 0.36113736033439636 327
1607615917521 0.36186206340789795 328
1607615917647 0.36223655939102173 329
1607615917766 0.36284202337265015 330
1607615917888 0.3622925281524658 331
1607615918010 0.36148959398269653 332
1607615918150 0.36084961891174316 333
1607615918278 0.36008089780807495 334
1607615918404 0.3601802885532379 335
1607615918525 0.35947662591934204 336
1607615918654 0.35935744643211365 337
1607615918783 0.35944443941116333 338
1607615918920 0.35964861512184143 339
1607615919043 0.3604617714881897 340
1607615919163 0.36185887455940247 341
1607615919293 0.3626154065132141 342
1607615919416 0.36309412121772766 343
1607615919548 0.3626500070095062 344
1607615919669 0.3626877963542938 345
1607615919788 0.3616636097431183 346
1607615919912 0.36068153381347656 347
1607615920030 0.35996854305267334 348
1607615920150 0.35975217819213867 349
1607615920275 0.35928666591644287 350
1607615920404 0.35945644974708557 351
1607615920529 0.3595705032348633 352
1607615920656 0.3600425124168396 353
1607615920787 0.3607791066169739 354
1607615920913 0.36071833968162537 355
1607615921038 0.3619033694267273 356
1607615921159 0.3617774248123169 357
1607615921285 0.3620280921459198 358
1607615921419 0.3614443242549896 359
1607615921551 0.36089903116226196 360
1607615921691 0.3608846962451935 361
1607615921816 0.35993513464927673 362
1607615921951 0.3597439229488373 363
1607615922072 0.35928815603256226 364
1607615922195 0.3588798940181732 365
1607615922322 0.3587045669555664 366
1607615922444 0.3586083650588989 367
1607615922572 0.3590855896472931 368
1607615922701 0.35946521162986755 369
1607615922843 0.36031201481819153 370
1607615922973 0.3607899248600006 371
1607615923104 0.3621656000614166 372
1607615923233 0.3614048361778259 373
1607615923355 0.36195334792137146 374
1607615923487 0.360434353351593 375
1607615923611 0.3603209853172302 376
1607615923746 0.35865160822868347 377
1607615923877 0.35821929574012756 378
1607615924007 0.35790643095970154 379
1607615924139 0.3578748106956482 380
1607615924272 0.35800260305404663 381
1607615924400 0.35816386342048645 382
1607615924533 0.35914137959480286 383
1607615924666 0.35938629508018494 384
1607615924795 0.3600827753543854 385
1607615924922 0.36048218607902527 386
1607615925058 0.3604603409767151 387
1607615925190 0.35992568731307983 388
1607615925321 0.3594833016395569 389
1607615925476 0.3588799238204956 390
1607615925609 0.35944685339927673 391
1607615925731 0.3588065505027771 392
1607615925853 0.3586669862270355 393
1607615925977 0.3584795594215393 394
1607615926112 0.3591063916683197 395
1607615926250 0.3589799106121063 396
1607615926389 0.3594631850719452 397
1607615926518 0.3588896095752716 398
1607615926642 0.35905712842941284 399
1607615926804 0.35808905959129333 400
1607615926930 0.35816770792007446 401
1607615927056 0.3576345145702362 402
1607615927184 0.35779300332069397 403
1607615927307 0.35808226466178894 404
1607615927462 0.3590228855609894 405
1607615927601 0.35955703258514404 406
1607615927725 0.3613961637020111 407
1607615927852 0.36212122440338135 408
1607615927990 0.3627496659755707 409
1607615928112 0.3620493710041046 410
1607615928266 0.3608885705471039 411
1607615928410 0.36015060544013977 412
1607615928563 0.35900408029556274 413
1607615928713 0.3583318889141083 414
1607615928873 0.3575834333896637 415
1607615929036 0.35705897212028503 416
1607615929190 0.3567725121974945 417
1607615929347 0.3564032018184662 418
1607615929505 0.3565412163734436 419
1607615929638 0.3568763732910156 420
1607615929762 0.3573618233203888 421
1607615929893 0.35773730278015137 422
1607615930034 0.3583793342113495 423
1607615930167 0.3583158254623413 424
1607615930290 0.35908669233322144 425
1607615930415 0.3588603734970093 426
1607615930541 0.3584635555744171 427
1607615930664 0.357827365398407 428
1607615930782 0.35753700137138367 429
1607615930907 0.35729527473449707 430
1607615931033 0.35752150416374207 431
1607615931165 0.35745394229888916 432
1607615931292 0.35772326588630676 433
1607615931421 0.35846617817878723 434
1607615931561 0.35849443078041077 435
1607615931684 0.359590083360672 436
1607615931806 0.36006033420562744 437
1607615931929 0.36100879311561584 438
1607615932052 0.36041080951690674 439
1607615932176 0.3595470190048218 440
1607615932312 0.35934746265411377 441
1607615932444 0.3579402267932892 442
1607615932566 0.3573306202888489 443
1607615932694 0.3564728796482086 444
1607615932823 0.35637328028678894 445
1607615932952 0.35609710216522217 446
1607615933076 0.35629141330718994 447
1607615933207 0.3563539981842041 448
1607615933330 0.3568514287471771 449
1607615933458 0.3577069640159607 450
1607615933600 0.35804373025894165 451
1607615933719 0.3584129512310028 452
1607615933839 0.3586373031139374 453
1607615933963 0.3583899140357971 454
1607615934085 0.35821372270584106 455
1607615934204 0.35797199606895447 456
1607615934318 0.3574913740158081 457
1607615934459 0.3576885163784027 458
1607615934599 0.35687392950057983 459
1607615934721 0.35687026381492615 460
1607615934845 0.35667797923088074 461
1607615934977 0.35691139101982117 462
1607615935117 0.35652148723602295 463
1607615935247 0.35684317350387573 464
1607615935371 0.3566116690635681 465
1607615935488 0.3571687638759613 466
1607615935608 0.35768845677375793 467
1607615935754 0.35803017020225525 468
1607615935893 0.3581356406211853 469
1607615936018 0.357984721660614 470
1607615936146 0.3579772710800171 471
1607615936272 0.3573613464832306 472
1607615936400 0.3570135831832886 473
1607615936524 0.3565768599510193 474
1607615936651 0.3563060462474823 475
1607615936787 0.35620084404945374 476
1607615936916 0.35606351494789124 477
1607615937061 0.35615274310112 478
1607615937193 0.35674384236335754 479
1607615937330 0.3568584620952606 480
1607615937470 0.3571937680244446 481
1607615937603 0.3574273884296417 482
1607615937745 0.35790079832077026 483
1607615937871 0.35821983218193054 484
1607615938000 0.3573943078517914 485
1607615938135 0.35706913471221924 486
1607615938275 0.35632333159446716 487
1607615938404 0.35625892877578735 488
1607615938528 0.3558666408061981 489
1607615938659 0.3557206392288208 490
1607615938785 0.35606205463409424 491
1607615938923 0.35615500807762146 492
1607615939056 0.35715577006340027 493
1607615939178 0.35676732659339905 494
1607615939306 0.3571573495864868 495
1607615939436 0.3567165732383728 496
1607615939579 0.35719677805900574 497
1607615939735 0.3563776910305023 498
1607615939876 0.35620546340942383 499
1607615940018 0.3557986915111542 500
1607615940156 0.3558273911476135 501
1607615940283 0.3557780086994171 502
1607615940437 0.35515186190605164 503
1607615940586 0.35577455163002014 504
1607615940714 0.3556917905807495 505
1607615940839 0.35624638199806213 506
1607615940967 0.3557612895965576 507
1607615941090 0.3564789295196533 508
1607615941215 0.3564503490924835 509
1607615941343 0.3575762212276459 510
1607615941467 0.3574022352695465 511
1607615941588 0.3576730787754059 512
1607615941726 0.3575713038444519 513
1607615941856 0.35815227031707764 514
1607615941980 0.3579946458339691 515
1607615942104 0.3587367832660675 516
1607615942237 0.35792067646980286 517
1607615942357 0.357637882232666 518
1607615942479 0.3570705056190491 519
1607615942601 0.35698413848876953 520
1607615942729 0.3566987216472626 521
1607615942862 0.35631850361824036 522
1607615942987 0.3561003506183624 523
1607615943113 0.356033056974411 524
1607615943237 0.3561561107635498 525
1607615943367 0.3561209440231323 526
1607615943492 0.3562167286872864 527
1607615943622 0.35599377751350403 528
1607615943746 0.35624951124191284 529
1607615943873 0.35602840781211853 530
1607615944002 0.35577112436294556 531
1607615944150 0.3554156720638275 532
1607615944286 0.3552418351173401 533
1607615944412 0.3553841710090637 534
1607615944539 0.3552926480770111 535
1607615944663 0.3550889194011688 536
1607615944790 0.35510653257369995 537
1607615944924 0.35516440868377686 538
1607615945051 0.3550911247730255 539
1607615945193 0.3547859787940979 540
1607615945335 0.3547247648239136 541
1607615945476 0.35465922951698303 542
1607615945618 0.35472774505615234 543
1607615945776 0.3551441729068756 544
1607615945925 0.35516297817230225 545
1607615946093 0.3564435541629791 546
1607615946222 0.35651126503944397 547
1607615946356 0.35743287205696106 548
1607615946492 0.3577026128768921 549
1607615946629 0.35810306668281555 550
1607615946784 0.35698848962783813 551
1607615946932 0.35638228058815 552
1607615947058 0.3557808995246887 553
1607615947185 0.355543315410614 554
1607615947326 0.3551289439201355 555
1607615947451 0.35469678044319153 556
1607615947592 0.3548223078250885 557
1607615947739 0.3544952869415283 558
1607615947871 0.3549078702926636 559
1607615948002 0.3550539016723633 560
1607615948145 0.3554448187351227 561
1607615948288 0.35557836294174194 562
1607615948420 0.3560747504234314 563
1607615948552 0.35621073842048645 564
1607615948679 0.35602280497550964 565
1607615948797 0.3555813431739807 566
1607615948926 0.35522082448005676 567
1607615949224 0.35457754135131836 568
1607615949347 0.3539050817489624 569
1607615949478 0.3534022271633148 570
1607615949607 0.35343998670578003 571
1607615949728 0.3532111644744873 572
1607615949858 0.3534608781337738 573
1607615949985 0.35397058725357056 574
1607615950103 0.35462647676467896 575
1607615950233 0.3558701276779175 576
1607615950367 0.35679060220718384 577
1607615950524 0.35717442631721497 578
1607615950663 0.3573186993598938 579
1607615950797 0.3573172390460968 580
1607615950919 0.3564974069595337 581
1607615951048 0.3558686375617981 582
1607615951172 0.35510745644569397 583
1607615951298 0.3547344207763672 584
1607615951425 0.3541110157966614 585
1607615951551 0.3537483811378479 586
1607615951673 0.3534891605377197 587
1607615951795 0.35326090455055237 588
1607615951918 0.35379526019096375 589
1607615952041 0.3538205921649933 590
1607615952162 0.35490748286247253 591
1607615952285 0.3557131886482239 592
1607615952410 0.35697755217552185 593
1607615952549 0.35844501852989197 594
1607615952677 0.35869118571281433 595
1607615952814 0.35786864161491394 596
1607615952949 0.3568621575832367 597
1607615953086 0.3555208742618561 598
1607615953216 0.35478144884109497 599
1607615953351 0.3535616397857666 600
1607615953481 0.35312968492507935 601
1607615953616 0.35277390480041504 602
1607615953742 0.3527013957500458 603
1607615953874 0.35302263498306274 604
1607615954038 0.35313916206359863 605
1607615954171 0.3539663851261139 606
1607615954297 0.3539971709251404 607
1607615954424 0.3546615242958069 608
1607615954555 0.3546903431415558 609
1607615954701 0.3547324240207672 610
1607615954831 0.354662150144577 611
1607615954963 0.3545934855937958 612
1607615955090 0.35468122363090515 613
1607615955216 0.3541698455810547 614
1607615955362 0.35456719994544983 615
1607615955500 0.35384756326675415 616
1607615955637 0.35386043787002563 617
1607615955769 0.35405799746513367 618
1607615955918 0.3540702164173126 619
1607615956053 0.35422563552856445 620
1607615956177 0.3543633222579956 621
1607615956305 0.3547264337539673 622
1607615956447 0.3556984066963196 623
1607615956582 0.35668128728866577 624
1607615956716 0.3569481372833252 625
1607615956857 0.35648664832115173 626
1607615957010 0.35587161779403687 627
1607615957153 0.35530751943588257 628
1607615957281 0.35470613837242126 629
1607615957401 0.3537830412387848 630
1607615957524 0.352883517742157 631
1607615957666 0.35274383425712585 632
1607615957821 0.35244128108024597 633
1607615957969 0.35264602303504944 634
1607615958118 0.3527889847755432 635
1607615958255 0.3530864715576172 636
1607615958389 0.35347864031791687 637
1607615958534 0.3539251983165741 638
1607615958675 0.3541325628757477 639
1607615958814 0.35494157671928406 640
1607615958961 0.35499924421310425 641
1607615959099 0.35558614134788513 642
1607615959224 0.35503363609313965 643
1607615959357 0.355640709400177 644
1607615959484 0.3552243709564209 645
1607615959610 0.35516756772994995 646
1607615959742 0.35509049892425537 647
1607615959872 0.3545880913734436 648
1607615960005 0.354383260011673 649
1607615960132 0.35387495160102844 650
1607615960259 0.3538654148578644 651
1607615960384 0.3539520800113678 652
1607615960503 0.3541314899921417 653
1607615960631 0.35424327850341797 654
1607615960751 0.35423603653907776 655
1607615960876 0.35423028469085693 656
1607615961001 0.35411888360977173 657
1607615961126 0.35429060459136963 658
1607615961246 0.3538670837879181 659
1607615961373 0.35341718792915344 660
1607615961493 0.3533368408679962 661
1607615961609 0.3529431223869324 662
1607615961728 0.3530401289463043 663
1607615961851 0.3525894582271576 664
1607615961969 0.35282719135284424 665
1607615962093 0.3526471257209778 666
1607615962221 0.35297533869743347 667
1607615962345 0.35246002674102783 668
1607615962466 0.35270509123802185 669
1607615962585 0.3528235852718353 670
1607615962702 0.35284319519996643 671
1607615962830 0.3534507751464844 672
1607615962953 0.35396504402160645 673
1607615963078 0.35409015417099 674
1607615963199 0.35540029406547546 675
1607615963328 0.3549753725528717 676
1607615963456 0.3555007576942444 677
1607615963600 0.3540084660053253 678
1607615963729 0.35409748554229736 679
1607615963862 0.35338282585144043 680
1607615963997 0.3532352149486542 681
1607615964122 0.3524320125579834 682
1607615964270 0.35261332988739014 683
1607615964401 0.3524703085422516 684
1607615964524 0.3527768850326538 685
1607615964657 0.35338231921195984 686
1607615964809 0.3534700870513916 687
1607615964943 0.35432857275009155 688
1607615965078 0.35418304800987244 689
1607615965208 0.3551444411277771 690
1607615965365 0.3552270233631134 691
1607615965493 0.3553706407546997 692
1607615965615 0.3547637164592743 693
1607615965732 0.3547080457210541 694
1607615965853 0.35447070002555847 695
1607615965992 0.354047030210495 696
1607615966124 0.35402876138687134 697
1607615966244 0.35347980260849 698
1607615966381 0.3536795675754547 699
1607615966519 0.3531484603881836 700
1607615966650 0.3535361588001251 701
1607615966771 0.3532771170139313 702
1607615966896 0.3534737229347229 703
1607615967047 0.35340961813926697 704
1607615967187 0.3537561595439911 705
1607615967331 0.3535093665122986 706
1607615967467 0.35308265686035156 707
1607615967605 0.352752149105072 708
1607615967746 0.3526384234428406 709
1607615967893 0.3521805703639984 710
1607615968050 0.3523882031440735 711
1607615968188 0.351697713136673 712
1607615968343 0.3523100018501282 713
1607615968487 0.352225124835968 714
1607615968627 0.3529096841812134 715
1607615968770 0.3530947268009186 716
1607615968909 0.35351645946502686 717
1607615969050 0.3538453280925751 718
1607615969182 0.3549140989780426 719
1607615969343 0.35448524355888367 720
1607615969478 0.35408109426498413 721
1607615969607 0.3534447252750397 722
1607615969751 0.3530050814151764 723
1607615969878 0.352699339389801 724
1607615970004 0.3524887263774872 725
1607615970137 0.35263481736183167 726
1607615970267 0.3526979982852936 727
1607615970392 0.3529900312423706 728
1607615970524 0.35357123613357544 729
1607615970650 0.35377180576324463 730
1607615970775 0.35430341958999634 731
1607615970900 0.3543236255645752 732
1607615971044 0.35416850447654724 733
1607615971188 0.35352277755737305 734
1607615971340 0.35298943519592285 735
1607615971481 0.35239994525909424 736
1607615971614 0.3516673743724823 737
1607615971766 0.3513917624950409 738
1607615971914 0.35108527541160583 739
1607615972063 0.3512192666530609 740
1607615972203 0.3511943817138672 741
1607615972333 0.35203275084495544 742
1607615972465 0.3520005941390991 743
1607615972606 0.35300543904304504 744
1607615972750 0.35366949439048767 745
1607615972885 0.3541504144668579 746
1607615973015 0.3544502258300781 747
1607615973149 0.3537626266479492 748
1607615973292 0.35349029302597046 749
1607615973425 0.35278165340423584 750
1607615973558 0.35224610567092896 751
1607615973698 0.3520696461200714 752
1607615973842 0.35149085521698 753
1607615973979 0.351614773273468 754
1607615974148 0.351523220539093 755
1607615974288 0.351932555437088 756
1607615974426 0.3522237539291382 757
1607615974555 0.35277578234672546 758
1607615974682 0.35310637950897217 759
1607615974805 0.35339874029159546 760
1607615974935 0.3537713587284088 761
1607615975077 0.35393261909484863 762
1607615975204 0.3538270592689514 763
1607615975351 0.35389500856399536 764
1607615975482 0.3536902368068695 765
1607615975603 0.35398608446121216 766
1607615975728 0.35317519307136536 767
1607615975857 0.3532307744026184 768
1607615975989 0.35281941294670105 769
1607615976114 0.3523719608783722 770
1607615976240 0.3517228662967682 771
1607615976358 0.35170719027519226 772
1607615976482 0.3512782156467438 773
1607615976608 0.35136231780052185 774
1607615976733 0.3517843782901764 775
1607615976852 0.3518308699131012 776
1607615976981 0.3523165285587311 777
1607615977109 0.35246551036834717 778
1607615977232 0.35308176279067993 779
1607615977356 0.35353681445121765 780
1607615977494 0.35325726866722107 781
1607615977622 0.3533361554145813 782
1607615977747 0.35253116488456726 783
1607615977871 0.3527640998363495 784
1607615978011 0.3520641326904297 785
1607615978139 0.35196515917778015 786
1607615978269 0.35128161311149597 787
1607615978390 0.3512820601463318 788
1607615978521 0.35116657614707947 789
1607615978665 0.3513167202472687 790
1607615978795 0.3516404628753662 791
1607615978922 0.3518444895744324 792
1607615979044 0.35191237926483154 793
1607615979190 0.3523615300655365 794
1607615979327 0.3521636724472046 795
1607615979459 0.35280218720436096 796
1607615979582 0.35200366377830505 797
1607615979712 0.35195213556289673 798
1607615979845 0.3512965440750122 799
1607615979974 0.3512691557407379 800
1607615980098 0.3516402542591095 801
1607615980232 0.352182537317276 802
1607615980382 0.35282590985298157 803
1607615980533 0.3533543050289154 804
1607615980668 0.3534686267375946 805
1607615980823 0.3545372486114502 806
1607615980980 0.35427674651145935 807
1607615981144 0.3532664179801941 808
1607615981298 0.3530527949333191 809
1607615981444 0.3527980446815491 810
1607615981608 0.3527959883213043 811
1607615981753 0.35187050700187683 812
1607615981886 0.35158294439315796 813
1607615982015 0.35106948018074036 814
1607615982142 0.3509382903575897 815
1607615982274 0.35059982538223267 816
1607615982406 0.35059067606925964 817
1607615982535 0.3506496548652649 818
1607615982662 0.3507901430130005 819
1607615982784 0.35100656747817993 820
1607615982917 0.3510967195034027 821
1607615983046 0.3514671325683594 822
1607615983173 0.35105910897254944 823
1607615983302 0.3512634336948395 824
1607615983432 0.3511072099208832 825
1607615983577 0.3512299358844757 826
1607615983710 0.3508269786834717 827
1607615983839 0.3511219024658203 828
1607615983967 0.3512584865093231 829
1607615984091 0.351718008518219 830
1607615984216 0.3518073558807373 831
1607615984347 0.3526725172996521 832
1607615984474 0.3527602255344391 833
1607615984609 0.35405826568603516 834
1607615984735 0.35339587926864624 835
1607615984859 0.3537856638431549 836
1607615984982 0.3527584969997406 837
1607615985106 0.3525126874446869 838
1607615985231 0.3521815240383148 839
1607615985360 0.35215169191360474 840
1607615985478 0.3520965874195099 841
1607615985596 0.35245683789253235 842
1607615985727 0.3525846302509308 843
1607615985860 0.3539451062679291 844
1607615985990 0.35393235087394714 845
1607615986112 0.3543250858783722 846
1607615986241 0.35344821214675903 847
1607615986364 0.3532082438468933 848
1607615986487 0.3520925045013428 849
1607615986625 0.35156235098838806 850
1607615986746 0.35084402561187744 851
1607615986877 0.3502885699272156 852
1607615987003 0.3503226637840271 853
1607615987134 0.34995537996292114 854
1607615987284 0.35022613406181335 855
1607615987420 0.35023218393325806 856
1607615987548 0.3504337668418884 857
1607615987672 0.35061410069465637 858
1607615987796 0.35097748041152954 859
1607615987936 0.3512803018093109 860
1607615988069 0.35198596119880676 861
1607615988198 0.35249054431915283 862
1607615988323 0.35255199670791626 863
1607615988466 0.35285598039627075 864
1607615988598 0.3524753749370575 865
1607615988722 0.35294654965400696 866
1607615988844 0.35240256786346436 867
1607615988992 0.3518247604370117 868
1607615989119 0.35109806060791016 869
1607615989250 0.3508536219596863 870
1607615989376 0.3502728044986725 871
1607615989524 0.34985971450805664 872
1607615989667 0.3496936559677124 873
1607615989794 0.3495694398880005 874
1607615989921 0.34966427087783813 875
1607615990045 0.35005128383636475 876
1607615990201 0.350727379322052 877
1607615990329 0.3518221080303192 878
1607615990459 0.35286960005760193 879
1607615990584 0.35350602865219116 880
1607615990717 0.35393497347831726 881
1607615990865 0.35468965768814087 882
1607615990994 0.3540593683719635 883
1607615991120 0.35354313254356384 884
1607615991247 0.3518637418746948 885
1607615991369 0.35139980912208557 886
1607615991510 0.3502891957759857 887
1607615991642 0.349994957447052 888
1607615991769 0.3496488332748413 889
1607615991891 0.3495148718357086 890
1607615992020 0.34984710812568665 891
1607615992171 0.3501313030719757 892
1607615992307 0.3509052097797394 893
1607615992452 0.35124486684799194 894
1607615992584 0.3517698347568512 895
1607615992727 0.35201993584632874 896
1607615992874 0.35191023349761963 897
1607615993006 0.3517995774745941 898
1607615993131 0.3521350026130676 899
1607615993264 0.35215845704078674 900
1607615993389 0.35254108905792236 901
1607615993513 0.3520524203777313 902
1607615993640 0.35221946239471436 903
1607615993766 0.3523653447628021 904
1607615993885 0.3517046868801117 905
1607615994021 0.3516179025173187 906
1607615994144 0.3506969213485718 907
1607615994274 0.3508831858634949 908
1607615994403 0.3503618836402893 909
1607615994524 0.3502213656902313 910
1607615994658 0.34963247179985046 911
1607615994791 0.34967172145843506 912
1607615994913 0.3494873642921448 913
1607615995028 0.34961768984794617 914
1607615995157 0.3493993580341339 915
1607615995280 0.34997686743736267 916
1607615995412 0.34975847601890564 917
1607615995543 0.35065191984176636 918
1607615995698 0.3503979742527008 919
1607615995835 0.3512277603149414 920
1607615995969 0.350951611995697 921
1607615996096 0.35150063037872314 922
1607615996235 0.35103678703308105 923
1607615996375 0.3510446846485138 924
1607615996519 0.3508705794811249 925
1607615996656 0.3510788381099701 926
1607615996816 0.35110020637512207 927
1607615996960 0.3514413833618164 928
1607615997113 0.35129767656326294 929
1607615997254 0.35175633430480957 930
1607615997396 0.3514493703842163 931
1607615997547 0.3517196774482727 932
1607615997683 0.3516012132167816 933
1607615997803 0.35112932324409485 934
1607615997927 0.35063523054122925 935
1607615998053 0.3501769006252289 936
1607615998178 0.3498776853084564 937
1607615998304 0.34983325004577637 938
1607615998426 0.3496892750263214 939
1607615998545 0.34967467188835144 940
1607615998669 0.3500444293022156 941
1607615998795 0.3500591516494751 942
1607615998919 0.3508608341217041 943
1607615999044 0.35148850083351135 944
1607615999169 0.3517876863479614 945
1607615999293 0.35223767161369324 946
1607615999426 0.35217899084091187 947
1607615999556 0.35220521688461304 948
1607615999681 0.35199540853500366 949
1607615999798 0.3517509996891022 950
1607615999929 0.3509948253631592 951
1607616000057 0.3509426414966583 952
1607616000181 0.3504318296909332 953
1607616000313 0.35027551651000977 954
1607616000446 0.3507309854030609 955
1607616000571 0.35050415992736816 956
1607616000699 0.35093197226524353 957
1607616000825 0.3507186770439148 958
1607616000946 0.35099563002586365 959
1607616001076 0.35170358419418335 960
1607616001203 0.351896733045578 961
1607616001345 0.35184264183044434 962
1607616001471 0.35150909423828125 963
1607616001603 0.3514092266559601 964
1607616001736 0.35133060812950134 965
1607616001863 0.3511386215686798 966
1607616001989 0.35050371289253235 967
1607616002145 0.3502209186553955 968
1607616002295 0.3497764468193054 969
1607616002444 0.3496555685997009 970
1607616002590 0.34968075156211853 971
1607616002746 0.3495473265647888 972
1607616002906 0.3496744930744171 973
1607616003068 0.349886417388916 974
1607616003234 0.3503023386001587 975
1607616003375 0.35076358914375305 976
1607616003507 0.3510931432247162 977
1607616003655 0.351274698972702 978
1607616003791 0.3515065014362335 979
1607616003920 0.3519471287727356 980
1607616004045 0.3518507778644562 981
1607616004174 0.35180985927581787 982
1607616004308 0.35094788670539856 983
1607616004441 0.35079309344291687 984
1607616004570 0.350463330745697 985
1607616004695 0.35050415992736816 986
1607616004842 0.35065758228302 987
1607616004968 0.35051774978637695 988
1607616005101 0.3508271872997284 989
1607616005229 0.35124531388282776 990
1607616005360 0.3512810468673706 991
1607616005485 0.3516440689563751 992
1607616005611 0.3510608375072479 993
1607616005755 0.3509974181652069 994
1607616005902 0.3502958118915558 995
1607616006043 0.35003864765167236 996
1607616006179 0.3501029908657074 997
1607616006338 0.34996935725212097 998
1607616006497 0.3496251404285431 999
