1607616214502 0.47393980622291565 0
1607616214629 0.46467986702919006 1
1607616214748 0.45690733194351196 2
1607616214875 0.45266497135162354 3
1607616214993 0.44612956047058105 4
1607616215117 0.4424431622028351 5
1607616215237 0.4402921497821808 6
1607616215361 0.43903130292892456 7
1607616215485 0.43843546509742737 8
1607616215609 0.438215047121048 9
1607616215741 0.4372372329235077 10
1607616215859 0.4354698359966278 11
1607616215980 0.43467655777931213 12
1607616216105 0.43432608246803284 13
1607616216228 0.4337084889411926 14
1607616216348 0.43341660499572754 15
1607616216474 0.43225526809692383 16
1607616216598 0.4313525855541229 17
1607616216719 0.43184155225753784 18
1607616216841 0.43120360374450684 19
1607616216962 0.42998069524765015 20
1607616217089 0.4289975166320801 21
1607616217216 0.42775946855545044 22
1607616217335 0.4268546402454376 23
1607616217450 0.4260513484477997 24
1607616217571 0.4250263273715973 25
1607616217692 0.4238051474094391 26
1607616217811 0.4231380224227905 27
1607616217934 0.4231017231941223 28
1607616218058 0.4231300950050354 29
1607616218189 0.42273786664009094 30
1607616218314 0.4216661751270294 31
1607616218438 0.4200966954231262 32
1607616218557 0.4190426468849182 33
1607616218677 0.41788098216056824 34
1607616218804 0.4168350398540497 35
1607616218929 0.4161093831062317 36
1607616219053 0.4158909320831299 37
1607616219175 0.41576170921325684 38
1607616219298 0.4149474501609802 39
1607616219421 0.4131700396537781 40
1607616219542 0.4119889438152313 41
1607616219663 0.4110735356807709 42
1607616219792 0.4109489321708679 43
1607616219916 0.40997937321662903 44
1607616220037 0.40939822793006897 45
1607616220155 0.4091539680957794 46
1607616220271 0.4095897972583771 47
1607616220391 0.40945953130722046 48
1607616220512 0.40887215733528137 49
1607616220643 0.4081360399723053 50
1607616220771 0.40630918741226196 51
1607616220892 0.40494397282600403 52
1607616221016 0.4041460156440735 53
1607616221161 0.40272587537765503 54
1607616221290 0.4017948508262634 55
1607616221410 0.4019002616405487 56
1607616221538 0.4019511342048645 57
1607616221665 0.40264183282852173 58
1607616221787 0.40288469195365906 59
1607616221907 0.4023091495037079 60
1607616222032 0.40027710795402527 61
1607616222154 0.39892157912254333 62
1607616222277 0.39748653769493103 63
1607616222401 0.3967664837837219 64
1607616222521 0.3972361981868744 65
1607616222644 0.3972358703613281 66
1607616222764 0.3969375789165497 67
1607616222883 0.3961052894592285 68
1607616223007 0.3959229290485382 69
1607616223133 0.3952971398830414 70
1607616223250 0.3943938612937927 71
1607616223369 0.39360174536705017 72
1607616223488 0.3920004963874817 73
1607616223614 0.3914106488227844 74
1607616223749 0.39100196957588196 75
1607616223877 0.39152705669403076 76
1607616224002 0.3934861421585083 77
1607616224127 0.39357879757881165 78
1607616224274 0.39190003275871277 79
1607616224408 0.39043325185775757 80
1607616224528 0.38817137479782104 81
1607616224650 0.38719266653060913 82
1607616224786 0.3870045840740204 83
1607616224919 0.3869960904121399 84
1607616225043 0.3868090808391571 85
1607616225164 0.3865060806274414 86
1607616225308 0.3866759240627289 87
1607616225434 0.38668668270111084 88
1607616225560 0.38668525218963623 89
1607616225686 0.3863992989063263 90
1607616225829 0.38716787099838257 91
1607616225952 0.3881848156452179 92
1607616226079 0.38781893253326416 93
1607616226205 0.3876475691795349 94
1607616226329 0.3854708671569824 95
1607616226473 0.3832491934299469 96
1607616226599 0.38212424516677856 97
1607616226729 0.3814701437950134 98
1607616226854 0.3814705014228821 99
1607616227002 0.3819158673286438 100
1607616227126 0.38193178176879883 101
1607616227252 0.3823685646057129 102
1607616227371 0.3835209012031555 103
1607616227506 0.38276082277297974 104
1607616227645 0.38272690773010254 105
1607616227773 0.3814487159252167 106
1607616227900 0.3805663585662842 107
1607616228023 0.379676878452301 108
1607616228177 0.37932056188583374 109
1607616228303 0.37922367453575134 110
1607616228436 0.37995442748069763 111
1607616228559 0.3805476427078247 112
1607616228707 0.3804090619087219 113
1607616228837 0.37977585196495056 114
1607616228981 0.3789708912372589 115
1607616229115 0.37902167439460754 116
1607616229270 0.37796276807785034 117
1607616229392 0.37703654170036316 118
1607616229530 0.3770170509815216 119
1607616229678 0.3766585886478424 120
1607616229813 0.3768925964832306 121
1607616229944 0.3772179186344147 122
1607616230066 0.3772740960121155 123
1607616230187 0.3776983320713043 124
1607616230317 0.379058301448822 125
1607616230435 0.3786921501159668 126
1607616230557 0.3782599866390228 127
1607616230685 0.37733203172683716 128
1607616230813 0.3774692416191101 129
1607616231074 0.3771650791168213 130
1607616231206 0.37697651982307434 131
1607616231335 0.3769395053386688 132
1607616231458 0.3757171034812927 133
1607616231584 0.3752359449863434 134
1607616231701 0.3742295801639557 135
1607616231823 0.3742307424545288 136
1607616231945 0.3738189935684204 137
1607616232074 0.3737483620643616 138
1607616232203 0.37355589866638184 139
1607616232324 0.3740290701389313 140
1607616232450 0.37460246682167053 141
1607616232572 0.37439659237861633 142
1607616232699 0.37408703565597534 143
1607616232826 0.3734606206417084 144
1607616232952 0.37288713455200195 145
1607616233086 0.3727966547012329 146
1607616233216 0.372463583946228 147
1607616233347 0.37255752086639404 148
1607616233475 0.3729162812232971 149
1607616233600 0.373259574174881 150
1607616233740 0.3735336661338806 151
1607616233872 0.37320077419281006 152
1607616233995 0.3734724819660187 153
1607616234131 0.37262779474258423 154
1607616234267 0.3726753890514374 155
1607616234413 0.3729737102985382 156
1607616234540 0.3728245794773102 157
1607616234660 0.3734177052974701 158
1607616234786 0.3739157021045685 159
1607616234939 0.3739803433418274 160
1607616235064 0.374110609292984 161
1607616235191 0.37340620160102844 162
1607616235314 0.37211063504219055 163
1607616235437 0.37127238512039185 164
1607616235580 0.3706437051296234 165
1607616235707 0.3695421814918518 166
1607616235837 0.3688746392726898 167
1607616235963 0.3684154152870178 168
1607616236088 0.3684249520301819 169
1607616236229 0.36862993240356445 170
1607616236366 0.36908769607543945 171
1607616236502 0.3699788749217987 172
1607616236630 0.37221431732177734 173
1607616236778 0.37215670943260193 174
1607616236911 0.3722882866859436 175
1607616237030 0.3714469075202942 176
1607616237152 0.3710520267486572 177
1607616237273 0.3706212341785431 178
1607616237406 0.3697398900985718 179
1607616237541 0.3695752024650574 180
1607616237664 0.3691430985927582 181
1607616237783 0.36908552050590515 182
1607616237921 0.3686408996582031 183
1607616238057 0.36894598603248596 184
1607616238190 0.3696099519729614 185
1607616238312 0.3701665699481964 186
1607616238430 0.3707464039325714 187
1607616238572 0.3710532486438751 188
1607616238702 0.3707144856452942 189
1607616238826 0.3707171082496643 190
1607616238949 0.36911046504974365 191
1607616239101 0.3686797022819519 192
1607616239247 0.3677741587162018 193
1607616239373 0.367690771818161 194
1607616239525 0.36773309111595154 195
1607616239664 0.36837828159332275 196
1607616239812 0.36865147948265076 197
1607616239962 0.3688070774078369 198
1607616240096 0.368674099445343 199
1607616240228 0.368617445230484 200
1607616240352 0.36822426319122314 201
1607616240471 0.3681098222732544 202
1607616240597 0.367124080657959 203
1607616240725 0.36677682399749756 204
1607616240851 0.366354763507843 205
1607616240976 0.36625000834465027 206
1607616241113 0.36611202359199524 207
1607616241240 0.36609891057014465 208
1607616241366 0.36636245250701904 209
1607616241488 0.3663776218891144 210
1607616241609 0.36678388714790344 211
1607616241734 0.36678043007850647 212
1607616241853 0.3677040934562683 213
1607616241970 0.36752378940582275 214
1607616242092 0.36738309264183044 215
1607616242223 0.36692014336586 216
1607616242346 0.36639150977134705 217
1607616242465 0.36608439683914185 218
1607616242590 0.36592966318130493 219
1607616242715 0.3655987083911896 220
1607616242840 0.3660164475440979 221
1607616242966 0.36583274602890015 222
1607616243083 0.36603808403015137 223
1607616243203 0.36700186133384705 224
1607616243330 0.36771318316459656 225
1607616243457 0.3684478998184204 226
1607616243595 0.3695785701274872 227
1607616243733 0.36879822611808777 228
1607616243855 0.36848804354667664 229
1607616243978 0.36727890372276306 230
1607616244103 0.36603686213493347 231
1607616244249 0.36538171768188477 232
1607616244395 0.3642957806587219 233
1607616244532 0.36371123790740967 234
1607616244672 0.36365312337875366 235
1607616244818 0.36400657892227173 236
1607616244954 0.3648180365562439 237
1607616245090 0.3658343255519867 238
1607616245229 0.3671322762966156 239
1607616245380 0.36776742339134216 240
1607616245503 0.3683421015739441 241
1607616245631 0.367372065782547 242
1607616245783 0.36693111062049866 243
1607616245915 0.36512699723243713 244
1607616246048 0.36443912982940674 245
1607616246176 0.36406707763671875 246
1607616246324 0.36342853307724 247
1607616246463 0.363736629486084 248
1607616246582 0.36330753564834595 249
1607616246713 0.3634060025215149 250
1607616246839 0.3634413778781891 251
1607616246966 0.3632162809371948 252
1607616247092 0.36374303698539734 253
1607616247222 0.3636144995689392 254
1607616247349 0.3642384707927704 255
1607616247478 0.3638722598552704 256
1607616247606 0.3646009862422943 257
1607616247737 0.3645847737789154 258
1607616247870 0.3646599352359772 259
1607616247989 0.36486607789993286 260
1607616248119 0.3659963011741638 261
1607616248246 0.3668103814125061 262
1607616248374 0.3667806386947632 263
1607616248497 0.36619460582733154 264
1607616248631 0.3656635284423828 265
1607616248751 0.36528876423835754 266
1607616248871 0.36439743638038635 267
1607616248988 0.3636472225189209 268
1607616249109 0.36345064640045166 269
1607616249239 0.36284956336021423 270
1607616249357 0.3637051582336426 271
1607616249481 0.3636265993118286 272
1607616249601 0.364001989364624 273
1607616249723 0.3638527989387512 274
1607616249850 0.3640313446521759 275
1607616249977 0.3644774854183197 276
1607616250103 0.36435768008232117 277
1607616250227 0.3635854423046112 278
1607616250359 0.3630293011665344 279
1607616250484 0.36245110630989075 280
1607616250611 0.3624431788921356 281
1607616250739 0.36187729239463806 282
1607616250859 0.3618655204772949 283
1607616250978 0.36199256777763367 284
1607616251103 0.3622152507305145 285
1607616251231 0.36218705773353577 286
1607616251352 0.36274483799934387 287
1607616251480 0.3629731237888336 288
1607616251612 0.36300885677337646 289
1607616251736 0.3627551794052124 290
1607616251870 0.36293044686317444 291
1607616252002 0.36288633942604065 292
1607616252126 0.362517774105072 293
1607616252249 0.3620699346065521 294
1607616252371 0.36167144775390625 295
1607616252493 0.3617115616798401 296
1607616252620 0.3616165816783905 297
1607616252748 0.36155760288238525 298
1607616252878 0.3616928458213806 299
1607616253001 0.36236709356307983 300
1607616253126 0.36243394017219543 301
1607616253278 0.36344677209854126 302
1607616253409 0.3636843264102936 303
1607616253535 0.3637196719646454 304
1607616253659 0.36326488852500916 305
1607616253788 0.3628263473510742 306
1607616253914 0.36199891567230225 307
1607616254037 0.36159569025039673 308
1607616254158 0.36104968190193176 309
1607616254281 0.361477255821228 310
1607616254405 0.36147746443748474 311
1607616254549 0.36242374777793884 312
1607616254679 0.3628041446208954 313
1607616254800 0.36302560567855835 314
1607616254926 0.363133043050766 315
1607616255048 0.36247920989990234 316
1607616255192 0.36216679215431213 317
1607616255319 0.3612056076526642 318
1607616255442 0.3610334098339081 319
1607616255564 0.3606780469417572 320
1607616255709 0.3603476881980896 321
1607616255834 0.3599855601787567 322
1607616255957 0.35997551679611206 323
1607616256089 0.3602377474308014 324
1607616256231 0.3603127598762512 325
1607616256361 0.3609383702278137 326
1607616256491 0.36113736033439636 327
1607616256621 0.36186206340789795 328
1607616256743 0.36223655939102173 329
1607616256864 0.36284202337265015 330
1607616256988 0.3622925281524658 331
1607616257148 0.36148959398269653 332
1607616257293 0.36084961891174316 333
1607616257437 0.36008089780807495 334
1607616257573 0.3601802885532379 335
1607616257724 0.35947662591934204 336
1607616257878 0.35935744643211365 337
1607616258035 0.35944443941116333 338
1607616258189 0.35964861512184143 339
1607616258324 0.3604617714881897 340
1607616258449 0.36185887455940247 341
1607616258576 0.3626154065132141 342
1607616258702 0.36309412121772766 343
1607616258825 0.3626500070095062 344
1607616258950 0.3626877963542938 345
1607616259082 0.3616636097431183 346
1607616259206 0.36068153381347656 347
1607616259327 0.35996854305267334 348
1607616259449 0.35975217819213867 349
1607616259574 0.35928666591644287 350
1607616259704 0.35945644974708557 351
1607616259828 0.3595705032348633 352
1607616259953 0.3600425124168396 353
1607616260075 0.3607791066169739 354
1607616260199 0.36071833968162537 355
1607616260321 0.3619033694267273 356
1607616260443 0.3617774248123169 357
1607616260567 0.3620280921459198 358
1607616260692 0.3614443242549896 359
1607616260817 0.36089903116226196 360
1607616260947 0.3608846962451935 361
1607616261072 0.35993513464927673 362
1607616261195 0.3597439229488373 363
1607616261322 0.35928815603256226 364
1607616261443 0.3588798940181732 365
1607616261568 0.3587045669555664 366
1607616261691 0.3586083650588989 367
1607616261809 0.3590855896472931 368
1607616261934 0.35946521162986755 369
1607616262057 0.36031201481819153 370
1607616262183 0.3607899248600006 371
1607616262305 0.3621656000614166 372
1607616262427 0.3614048361778259 373
1607616262550 0.36195334792137146 374
1607616262668 0.360434353351593 375
1607616262787 0.3603209853172302 376
1607616262927 0.35865160822868347 377
1607616263070 0.35821929574012756 378
1607616263198 0.35790643095970154 379
1607616263322 0.3578748106956482 380
1607616263477 0.35800260305404663 381
1607616263603 0.35816386342048645 382
1607616263727 0.35914137959480286 383
1607616263856 0.35938629508018494 384
1607616263976 0.3600827753543854 385
1607616264119 0.36048218607902527 386
1607616264251 0.3604603409767151 387
1607616264371 0.35992568731307983 388
1607616264500 0.3594833016395569 389
1607616264633 0.3588799238204956 390
1607616264780 0.35944685339927673 391
1607616264906 0.3588065505027771 392
1607616265038 0.3586669862270355 393
1607616265169 0.3584795594215393 394
1607616265291 0.3591063916683197 395
1607616265445 0.3589799106121063 396
1607616265586 0.3594631850719452 397
1607616265710 0.3588896095752716 398
1607616265836 0.35905712842941284 399
1607616265989 0.35808905959129333 400
1607616266125 0.35816770792007446 401
1607616266246 0.3576345145702362 402
1607616266369 0.35779300332069397 403
1607616266498 0.35808226466178894 404
1607616266647 0.3590228855609894 405
1607616266776 0.35955703258514404 406
1607616266900 0.3613961637020111 407
1607616267026 0.36212122440338135 408
1607616267170 0.3627496659755707 409
1607616267298 0.3620493710041046 410
1607616267421 0.3608885705471039 411
1607616267548 0.36015060544013977 412
1607616267671 0.35900408029556274 413
1607616267817 0.3583318889141083 414
1607616267958 0.3575834333896637 415
1607616268087 0.35705897212028503 416
1607616268210 0.3567725121974945 417
1607616268366 0.3564032018184662 418
1607616268508 0.3565412163734436 419
1607616268662 0.3568763732910156 420
1607616268793 0.3573618233203888 421
1607616268939 0.35773730278015137 422
1607616269091 0.3583793342113495 423
1607616269235 0.3583158254623413 424
1607616269373 0.35908669233322144 425
1607616269504 0.3588603734970093 426
1607616269639 0.3584635555744171 427
1607616269771 0.357827365398407 428
1607616269891 0.35753700137138367 429
1607616270022 0.35729527473449707 430
1607616270154 0.35752150416374207 431
1607616270291 0.35745394229888916 432
1607616270420 0.35772326588630676 433
1607616270553 0.35846617817878723 434
1607616270687 0.35849443078041077 435
1607616270815 0.359590083360672 436
1607616270945 0.36006033420562744 437
1607616271067 0.36100879311561584 438
1607616271191 0.36041080951690674 439
1607616271318 0.3595470190048218 440
1607616271450 0.35934746265411377 441
1607616271582 0.3579402267932892 442
1607616271719 0.3573306202888489 443
1607616271846 0.3564728796482086 444
1607616271974 0.35637328028678894 445
1607616272093 0.35609710216522217 446
1607616272218 0.35629141330718994 447
1607616272347 0.3563539981842041 448
1607616272472 0.3568514287471771 449
1607616272611 0.3577069640159607 450
1607616272737 0.35804373025894165 451
1607616272883 0.3584129512310028 452
1607616273017 0.3586373031139374 453
1607616273140 0.3583899140357971 454
1607616273259 0.35821372270584106 455
1607616273407 0.35797199606895447 456
1607616273531 0.3574913740158081 457
1607616273661 0.3576885163784027 458
1607616273812 0.35687392950057983 459
1607616273942 0.35687026381492615 460
1607616274079 0.35667797923088074 461
1607616274205 0.35691139101982117 462
1607616274355 0.35652148723602295 463
1607616274499 0.35684317350387573 464
1607616274630 0.3566116690635681 465
1607616274761 0.3571687638759613 466
1607616274893 0.35768845677375793 467
1607616275025 0.35803017020225525 468
1607616275157 0.3581356406211853 469
1607616275289 0.357984721660614 470
1607616275434 0.3579772710800171 471
1607616275568 0.3573613464832306 472
1607616275699 0.3570135831832886 473
1607616275821 0.3565768599510193 474
1607616275943 0.3563060462474823 475
1607616276070 0.35620084404945374 476
1607616276198 0.35606351494789124 477
1607616276325 0.35615274310112 478
1607616276454 0.35674384236335754 479
1607616276587 0.3568584620952606 480
1607616276713 0.3571937680244446 481
1607616276846 0.3574273884296417 482
1607616276974 0.35790079832077026 483
1607616277104 0.35821983218193054 484
1607616277226 0.3573943078517914 485
1607616277360 0.35706913471221924 486
1607616277484 0.35632333159446716 487
1607616277615 0.35625892877578735 488
1607616277742 0.3558666408061981 489
1607616277866 0.3557206392288208 490
1607616277992 0.35606205463409424 491
1607616278114 0.35615500807762146 492
1607616278234 0.35715577006340027 493
1607616278355 0.35676732659339905 494
1607616278479 0.3571573495864868 495
1607616278607 0.3567165732383728 496
1607616278731 0.35719677805900574 497
1607616278856 0.3563776910305023 498
1607616278982 0.35620546340942383 499
1607616279110 0.3557986915111542 500
1607616279234 0.3558273911476135 501
1607616279364 0.3557780086994171 502
1607616279488 0.35515186190605164 503
1607616279622 0.35577455163002014 504
1607616279745 0.3556917905807495 505
1607616279879 0.35624638199806213 506
1607616280003 0.3557612895965576 507
1607616280124 0.3564789295196533 508
1607616280259 0.3564503490924835 509
1607616280383 0.3575762212276459 510
1607616280512 0.3574022352695465 511
1607616280633 0.3576730787754059 512
1607616280767 0.3575713038444519 513
1607616280894 0.35815227031707764 514
1607616281019 0.3579946458339691 515
1607616281149 0.3587367832660675 516
1607616281270 0.35792067646980286 517
1607616281393 0.357637882232666 518
1607616281518 0.3570705056190491 519
1607616281637 0.35698413848876953 520
1607616281754 0.3566987216472626 521
1607616281889 0.35631850361824036 522
1607616282018 0.3561003506183624 523
1607616282152 0.356033056974411 524
1607616282280 0.3561561107635498 525
1607616282404 0.3561209440231323 526
1607616282542 0.3562167286872864 527
1607616282682 0.35599377751350403 528
1607616282808 0.35624951124191284 529
1607616282925 0.35602840781211853 530
1607616283055 0.35577112436294556 531
1607616283195 0.3554156720638275 532
1607616283330 0.3552418351173401 533
1607616283458 0.3553841710090637 534
1607616283578 0.3552926480770111 535
1607616283703 0.3550889194011688 536
1607616283847 0.35510653257369995 537
1607616283975 0.35516440868377686 538
1607616284097 0.3550911247730255 539
1607616284228 0.3547859787940979 540
1607616284353 0.3547247648239136 541
1607616284503 0.35465922951698303 542
1607616284634 0.35472774505615234 543
1607616284755 0.3551441729068756 544
1607616284882 0.35516297817230225 545
1607616285031 0.3564435541629791 546
1607616285165 0.35651126503944397 547
1607616285287 0.35743287205696106 548
1607616285425 0.3577026128768921 549
1607616285554 0.35810306668281555 550
1607616285698 0.35698848962783813 551
1607616285831 0.35638228058815 552
1607616285958 0.3557808995246887 553
1607616286089 0.355543315410614 554
1607616286214 0.3551289439201355 555
1607616286351 0.35469678044319153 556
1607616286501 0.3548223078250885 557
1607616286656 0.3544952869415283 558
1607616286803 0.3549078702926636 559
1607616286957 0.3550539016723633 560
1607616287096 0.3554448187351227 561
1607616287254 0.35557836294174194 562
1607616287389 0.3560747504234314 563
1607616287538 0.35621073842048645 564
1607616287675 0.35602280497550964 565
1607616287804 0.3555813431739807 566
1607616287933 0.35522082448005676 567
1607616288235 0.35457754135131836 568
1607616288357 0.3539050817489624 569
1607616288488 0.3534022271633148 570
1607616288618 0.35343998670578003 571
1607616288743 0.3532111644744873 572
1607616288861 0.3534608781337738 573
1607616288984 0.35397058725357056 574
1607616289106 0.35462647676467896 575
1607616289232 0.3558701276779175 576
1607616289362 0.35679060220718384 577
1607616289482 0.35717442631721497 578
1607616289611 0.3573186993598938 579
1607616289731 0.3573172390460968 580
1607616289852 0.3564974069595337 581
1607616289974 0.3558686375617981 582
1607616290098 0.35510745644569397 583
1607616290224 0.3547344207763672 584
1607616290350 0.3541110157966614 585
1607616290473 0.3537483811378479 586
1607616290599 0.3534891605377197 587
1607616290724 0.35326090455055237 588
1607616290850 0.35379526019096375 589
1607616290980 0.3538205921649933 590
1607616291099 0.35490748286247253 591
1607616291225 0.3557131886482239 592
1607616291343 0.35697755217552185 593
1607616291464 0.35844501852989197 594
1607616291587 0.35869118571281433 595
1607616291706 0.35786864161491394 596
1607616291825 0.3568621575832367 597
1607616291953 0.3555208742618561 598
1607616292078 0.35478144884109497 599
1607616292204 0.3535616397857666 600
1607616292324 0.35312968492507935 601
1607616292468 0.35277390480041504 602
1607616292595 0.3527013957500458 603
1607616292723 0.35302263498306274 604
1607616292845 0.35313916206359863 605
1607616292973 0.3539663851261139 606
1607616293111 0.3539971709251404 607
1607616293240 0.3546615242958069 608
1607616293365 0.3546903431415558 609
1607616293497 0.3547324240207672 610
1607616293641 0.354662150144577 611
1607616293777 0.3545934855937958 612
1607616293905 0.35468122363090515 613
1607616294029 0.3541698455810547 614
1607616294152 0.35456719994544983 615
1607616294290 0.35384756326675415 616
1607616294421 0.35386043787002563 617
1607616294549 0.35405799746513367 618
1607616294672 0.3540702164173126 619
1607616294792 0.35422563552856445 620
1607616294931 0.3543633222579956 621
1607616295061 0.3547264337539673 622
1607616295177 0.3556984066963196 623
1607616295303 0.35668128728866577 624
1607616295422 0.3569481372833252 625
1607616295557 0.35648664832115173 626
1607616295689 0.35587161779403687 627
1607616295814 0.35530751943588257 628
1607616295935 0.35470613837242126 629
1607616296074 0.3537830412387848 630
1607616296204 0.352883517742157 631
1607616296330 0.35274383425712585 632
1607616296454 0.35244128108024597 633
1607616296595 0.35264602303504944 634
1607616296717 0.3527889847755432 635
1607616296849 0.3530864715576172 636
1607616296976 0.35347864031791687 637
1607616297097 0.3539251983165741 638
1607616297236 0.3541325628757477 639
1607616297367 0.35494157671928406 640
1607616297490 0.35499924421310425 641
1607616297618 0.35558614134788513 642
1607616297745 0.35503363609313965 643
1607616297874 0.355640709400177 644
1607616298022 0.3552243709564209 645
1607616298167 0.35516756772994995 646
1607616298314 0.35509049892425537 647
1607616298444 0.3545880913734436 648
1607616298572 0.354383260011673 649
1607616298720 0.35387495160102844 650
1607616298850 0.3538654148578644 651
1607616298984 0.3539520800113678 652
1607616299113 0.3541314899921417 653
1607616299245 0.35424327850341797 654
1607616299367 0.35423603653907776 655
1607616299492 0.35423028469085693 656
1607616299627 0.35411888360977173 657
1607616299753 0.35429060459136963 658
1607616299876 0.3538670837879181 659
1607616300006 0.35341718792915344 660
1607616300126 0.3533368408679962 661
1607616300250 0.3529431223869324 662
1607616300380 0.3530401289463043 663
1607616300508 0.3525894582271576 664
1607616300636 0.35282719135284424 665
1607616300757 0.3526471257209778 666
1607616300889 0.35297533869743347 667
1607616301015 0.35246002674102783 668
1607616301140 0.35270509123802185 669
1607616301269 0.3528235852718353 670
1607616301391 0.35284319519996643 671
1607616301515 0.3534507751464844 672
1607616301645 0.35396504402160645 673
1607616301774 0.35409015417099 674
1607616301896 0.35540029406547546 675
1607616302027 0.3549753725528717 676
1607616302172 0.3555007576942444 677
1607616302298 0.3540084660053253 678
1607616302420 0.35409748554229736 679
1607616302563 0.35338282585144043 680
1607616302713 0.3532352149486542 681
1607616302853 0.3524320125579834 682
1607616302986 0.35261332988739014 683
1607616303112 0.3524703085422516 684
1607616303239 0.3527768850326538 685
1607616303381 0.35338231921195984 686
1607616303533 0.3534700870513916 687
1607616303684 0.35432857275009155 688
1607616303829 0.35418304800987244 689
1607616303966 0.3551444411277771 690
1607616304093 0.3552270233631134 691
1607616304222 0.3553706407546997 692
1607616304366 0.3547637164592743 693
1607616304508 0.3547080457210541 694
1607616304644 0.35447070002555847 695
1607616304789 0.354047030210495 696
1607616304937 0.35402876138687134 697
1607616305077 0.35347980260849 698
1607616305230 0.3536795675754547 699
1607616305383 0.3531484603881836 700
1607616305510 0.3535361588001251 701
1607616305635 0.3532771170139313 702
1607616305760 0.3534737229347229 703
1607616305878 0.35340961813926697 704
1607616306000 0.3537561595439911 705
1607616306124 0.3535093665122986 706
1607616306247 0.35308265686035156 707
1607616306375 0.352752149105072 708
1607616306502 0.3526384234428406 709
1607616306623 0.3521805703639984 710
1607616306744 0.3523882031440735 711
1607616306869 0.351697713136673 712
1607616306996 0.3523100018501282 713
1607616307129 0.352225124835968 714
1607616307255 0.3529096841812134 715
1607616307379 0.3530947268009186 716
1607616307522 0.35351645946502686 717
1607616307648 0.3538453280925751 718
1607616307773 0.3549140989780426 719
1607616307902 0.35448524355888367 720
1607616308026 0.35408109426498413 721
1607616308152 0.3534447252750397 722
1607616308275 0.3530050814151764 723
1607616308397 0.352699339389801 724
1607616308513 0.3524887263774872 725
1607616308644 0.35263481736183167 726
1607616308771 0.3526979982852936 727
1607616308894 0.3529900312423706 728
1607616309024 0.35357123613357544 729
1607616309142 0.35377180576324463 730
1607616309264 0.35430341958999634 731
1607616309388 0.3543236255645752 732
1607616309513 0.35416850447654724 733
1607616309641 0.35352277755737305 734
1607616309773 0.35298943519592285 735
1607616309895 0.35239994525909424 736
1607616310024 0.3516673743724823 737
1607616310151 0.3513917624950409 738
1607616310278 0.35108527541160583 739
1607616310408 0.3512192666530609 740
1607616310533 0.3511943817138672 741
1607616310661 0.35203275084495544 742
1607616310779 0.3520005941390991 743
1607616310906 0.35300543904304504 744
1607616311038 0.35366949439048767 745
1607616311165 0.3541504144668579 746
1607616311294 0.3544502258300781 747
1607616311418 0.3537626266479492 748
1607616311546 0.35349029302597046 749
1607616311681 0.35278165340423584 750
1607616311802 0.35224610567092896 751
1607616311940 0.3520696461200714 752
1607616312082 0.35149085521698 753
1607616312208 0.351614773273468 754
1607616312339 0.351523220539093 755
1607616312463 0.351932555437088 756
1607616312604 0.3522237539291382 757
1607616312740 0.35277578234672546 758
1607616312869 0.35310637950897217 759
1607616312991 0.35339874029159546 760
1607616313121 0.3537713587284088 761
1607616313271 0.35393261909484863 762
1607616313397 0.3538270592689514 763
1607616313525 0.35389500856399536 764
1607616313648 0.3536902368068695 765
1607616313776 0.35398608446121216 766
1607616313924 0.35317519307136536 767
1607616314048 0.3532307744026184 768
1607616314179 0.35281941294670105 769
1607616314301 0.3523719608783722 770
1607616314455 0.3517228662967682 771
1607616314590 0.35170719027519226 772
1607616314729 0.3512782156467438 773
1607616314865 0.35136231780052185 774
1607616314993 0.3517843782901764 775
1607616315134 0.3518308699131012 776
1607616315281 0.3523165285587311 777
1607616315408 0.35246551036834717 778
1607616315537 0.35308176279067993 779
1607616315674 0.35353681445121765 780
1607616315803 0.35325726866722107 781
1607616315926 0.3533361554145813 782
1607616316073 0.35253116488456726 783
1607616316226 0.3527640998363495 784
1607616316383 0.3520641326904297 785
1607616316527 0.35196515917778015 786
1607616316666 0.35128161311149597 787
1607616316817 0.3512820601463318 788
1607616316976 0.35116657614707947 789
1607616317143 0.3513167202472687 790
1607616317292 0.3516404628753662 791
1607616317420 0.3518444895744324 792
1607616317545 0.35191237926483154 793
1607616317672 0.3523615300655365 794
1607616317796 0.3521636724472046 795
1607616317921 0.35280218720436096 796
1607616318056 0.35200366377830505 797
1607616318194 0.35195213556289673 798
1607616318324 0.3512965440750122 799
1607616318454 0.3512691557407379 800
1607616318585 0.3516402542591095 801
1607616318714 0.352182537317276 802
1607616318835 0.35282590985298157 803
1607616318967 0.3533543050289154 804
1607616319097 0.3534686267375946 805
1607616319221 0.3545372486114502 806
1607616319352 0.35427674651145935 807
1607616319478 0.3532664179801941 808
1607616319598 0.3530527949333191 809
1607616319726 0.3527980446815491 810
1607616319860 0.3527959883213043 811
1607616319990 0.35187050700187683 812
1607616320115 0.35158294439315796 813
1607616320239 0.35106948018074036 814
1607616320362 0.3509382903575897 815
1607616320491 0.35059982538223267 816
1607616320618 0.35059067606925964 817
1607616320749 0.3506496548652649 818
1607616320878 0.3507901430130005 819
1607616321001 0.35100656747817993 820
1607616321127 0.3510967195034027 821
1607616321253 0.3514671325683594 822
1607616321377 0.35105910897254944 823
1607616321499 0.3512634336948395 824
1607616321630 0.3511072099208832 825
1607616321756 0.3512299358844757 826
1607616321911 0.3508269786834717 827
1607616322051 0.3511219024658203 828
1607616322184 0.3512584865093231 829
1607616322315 0.351718008518219 830
1607616322457 0.3518073558807373 831
1607616322595 0.3526725172996521 832
1607616322728 0.3527602255344391 833
1607616322864 0.35405826568603516 834
1607616322996 0.35339587926864624 835
1607616323140 0.3537856638431549 836
1607616323265 0.3527584969997406 837
1607616323393 0.3525126874446869 838
1607616323521 0.3521815240383148 839
1607616323644 0.35215169191360474 840
1607616323779 0.3520965874195099 841
1607616323907 0.35245683789253235 842
1607616324042 0.3525846302509308 843
1607616324168 0.3539451062679291 844
1607616324300 0.35393235087394714 845
1607616324450 0.3543250858783722 846
1607616324581 0.35344821214675903 847
1607616324709 0.3532082438468933 848
1607616324831 0.3520925045013428 849
1607616324957 0.35156235098838806 850
1607616325104 0.35084402561187744 851
1607616325241 0.3502885699272156 852
1607616325369 0.3503226637840271 853
1607616325507 0.34995537996292114 854
1607616325654 0.35022613406181335 855
1607616325814 0.35023218393325806 856
1607616325937 0.3504337668418884 857
1607616326064 0.35061410069465637 858
1607616326189 0.35097748041152954 859
1607616326309 0.3512803018093109 860
1607616326438 0.35198596119880676 861
1607616326583 0.35249054431915283 862
1607616326716 0.35255199670791626 863
1607616326856 0.35285598039627075 864
1607616326983 0.3524753749370575 865
1607616327132 0.35294654965400696 866
1607616327279 0.35240256786346436 867
1607616327434 0.3518247604370117 868
1607616327567 0.35109806060791016 869
1607616327720 0.3508536219596863 870
1607616327874 0.3502728044986725 871
1607616328020 0.34985971450805664 872
1607616328170 0.3496936559677124 873
1607616328300 0.3495694398880005 874
1607616328426 0.34966427087783813 875
1607616328554 0.35005128383636475 876
1607616328679 0.350727379322052 877
1607616328804 0.3518221080303192 878
1607616328932 0.35286960005760193 879
1607616329059 0.35350602865219116 880
1607616329188 0.35393497347831726 881
1607616329320 0.35468965768814087 882
1607616329443 0.3540593683719635 883
1607616329569 0.35354313254356384 884
1607616329693 0.3518637418746948 885
1607616329815 0.35139980912208557 886
1607616329937 0.3502891957759857 887
1607616330069 0.349994957447052 888
1607616330193 0.3496488332748413 889
1607616330320 0.3495148718357086 890
1607616330445 0.34984710812568665 891
1607616330571 0.3501313030719757 892
1607616330692 0.3509052097797394 893
1607616330818 0.35124486684799194 894
1607616330944 0.3517698347568512 895
1607616331064 0.35201993584632874 896
1607616331193 0.35191023349761963 897
1607616331316 0.3517995774745941 898
1607616331440 0.3521350026130676 899
1607616331566 0.35215845704078674 900
1607616331686 0.35254108905792236 901
1607616331822 0.3520524203777313 902
1607616331950 0.35221946239471436 903
1607616332081 0.3523653447628021 904
1607616332205 0.3517046868801117 905
1607616332355 0.3516179025173187 906
1607616332500 0.3506969213485718 907
1607616332644 0.3508831858634949 908
1607616332791 0.3503618836402893 909
1607616332939 0.3502213656902313 910
1607616333103 0.34963247179985046 911
1607616333257 0.34967172145843506 912
1607616333410 0.3494873642921448 913
1607616333558 0.34961768984794617 914
1607616333716 0.3493993580341339 915
1607616333868 0.34997686743736267 916
1607616334021 0.34975847601890564 917
1607616334170 0.35065191984176636 918
1607616334327 0.3503979742527008 919
1607616334457 0.3512277603149414 920
1607616334578 0.350951611995697 921
1607616334699 0.35150063037872314 922
1607616334819 0.35103678703308105 923
1607616334944 0.3510446846485138 924
1607616335069 0.3508705794811249 925
1607616335192 0.3510788381099701 926
1607616335313 0.35110020637512207 927
1607616335437 0.3514413833618164 928
1607616335560 0.35129767656326294 929
1607616335683 0.35175633430480957 930
1607616335808 0.3514493703842163 931
1607616335928 0.3517196774482727 932
1607616336049 0.3516012132167816 933
1607616336177 0.35112932324409485 934
1607616336301 0.35063523054122925 935
1607616336426 0.3501769006252289 936
1607616336547 0.3498776853084564 937
1607616336671 0.34983325004577637 938
1607616336797 0.3496892750263214 939
1607616336927 0.34967467188835144 940
1607616337057 0.3500444293022156 941
1607616337186 0.3500591516494751 942
1607616337309 0.3508608341217041 943
1607616337433 0.35148850083351135 944
1607616337555 0.3517876863479614 945
1607616337688 0.35223767161369324 946
1607616337817 0.35217899084091187 947
1607616337935 0.35220521688461304 948
1607616338060 0.35199540853500366 949
1607616338183 0.3517509996891022 950
1607616338314 0.3509948253631592 951
1607616338448 0.3509426414966583 952
1607616338574 0.3504318296909332 953
1607616338706 0.35027551651000977 954
1607616338831 0.3507309854030609 955
1607616338965 0.35050415992736816 956
1607616339097 0.35093197226524353 957
1607616339236 0.3507186770439148 958
1607616339370 0.35099563002586365 959
1607616339512 0.35170358419418335 960
1607616339646 0.351896733045578 961
1607616339775 0.35184264183044434 962
1607616339903 0.35150909423828125 963
1607616340031 0.3514092266559601 964
1607616340154 0.35133060812950134 965
1607616340279 0.3511386215686798 966
1607616340400 0.35050371289253235 967
1607616340526 0.3502209186553955 968
1607616340661 0.3497764468193054 969
1607616340793 0.3496555685997009 970
1607616340927 0.34968075156211853 971
1607616341067 0.3495473265647888 972
1607616341195 0.3496744930744171 973
1607616341324 0.349886417388916 974
1607616341445 0.3503023386001587 975
1607616341599 0.35076358914375305 976
1607616341741 0.3510931432247162 977
1607616341870 0.351274698972702 978
1607616341999 0.3515065014362335 979
1607616342123 0.3519471287727356 980
1607616342253 0.3518507778644562 981
1607616342379 0.35180985927581787 982
1607616342522 0.35094788670539856 983
1607616342655 0.35079309344291687 984
1607616342801 0.350463330745697 985
1607616342930 0.35050415992736816 986
1607616343060 0.35065758228302 987
1607616343191 0.35051774978637695 988
1607616343322 0.3508271872997284 989
1607616343456 0.35124531388282776 990
1607616343600 0.3512810468673706 991
1607616343737 0.3516440689563751 992
1607616343863 0.3510608375072479 993
1607616343986 0.3509974181652069 994
1607616344111 0.3502958118915558 995
1607616344268 0.35003864765167236 996
1607616344406 0.3501029908657074 997
1607616344526 0.34996935725212097 998
1607616344651 0.3496251404285431 999
