1607611222909 0.47410866618156433 0
1607611223033 0.4700729250907898 1
1607611223155 0.458836168050766 2
1607611223274 0.4490945637226105 3
1607611223394 0.4437653124332428 4
1607611223513 0.44151729345321655 5
1607611223635 0.4394444525241852 6
1607611223766 0.4383566975593567 7
1607611223900 0.43755605816841125 8
1607611224026 0.43730202317237854 9
1607611224151 0.43720707297325134 10
1607611224267 0.4364471137523651 11
1607611224391 0.436311811208725 12
1607611224509 0.4354199171066284 13
1607611224635 0.4341886043548584 14
1607611224761 0.43345725536346436 15
1607611224889 0.4327234923839569 16
1607611225021 0.43165498971939087 17
1607611225151 0.4303995668888092 18
1607611225275 0.428724467754364 19
1607611225394 0.4278019964694977 20
1607611225511 0.426836758852005 21
1607611225627 0.42662522196769714 22
1607611225758 0.42610540986061096 23
1607611225884 0.4256691336631775 24
1607611226007 0.4250127375125885 25
1607611226129 0.4236299693584442 26
1607611226250 0.4229118824005127 27
1607611226372 0.4223772883415222 28
1607611226496 0.4224541485309601 29
1607611226618 0.4221169352531433 30
1607611226750 0.4214516878128052 31
1607611226878 0.4209710359573364 32
1607611227010 0.4203472137451172 33
1607611227129 0.4188564419746399 34
1607611227256 0.41829562187194824 35
1607611227387 0.41793620586395264 36
1607611227515 0.417472779750824 37
1607611227647 0.4173121154308319 38
1607611227775 0.41580697894096375 39
1607611227902 0.41387373208999634 40
1607611228042 0.41216838359832764 41
1607611228167 0.4110966920852661 42
1607611228288 0.410954087972641 43
1607611228411 0.4113081097602844 44
1607611228535 0.41178205609321594 45
1607611228657 0.4114156663417816 46
1607611228779 0.40900665521621704 47
1607611228895 0.40746599435806274 48
1607611229013 0.40714898705482483 49
1607611229138 0.4070468544960022 50
1607611229257 0.4067978262901306 51
1607611229379 0.4060078561306 52
1607611229503 0.4053262770175934 53
1607611229630 0.40406855940818787 54
1607611229757 0.40319427847862244 55
1607611229883 0.4031796455383301 56
1607611230018 0.40263038873672485 57
1607611230151 0.4028727114200592 58
1607611230285 0.40138110518455505 59
1607611230413 0.40114638209342957 60
1607611230536 0.40021637082099915 61
1607611230665 0.4001349210739136 62
1607611230793 0.400220662355423 63
1607611230929 0.4007588326931 64
1607611231052 0.40015289187431335 65
1607611231172 0.39989668130874634 66
1607611231300 0.3986169099807739 67
1607611231427 0.3971557021141052 68
1607611231554 0.3968481123447418 69
1607611231683 0.39540573954582214 70
1607611231816 0.39456596970558167 71
1607611231941 0.3940417468547821 72
1607611232065 0.3926127254962921 73
1607611232188 0.39177802205085754 74
1607611232310 0.39145272970199585 75
1607611232434 0.39120572805404663 76
1607611232563 0.3910638689994812 77
1607611232683 0.3905641436576843 78
1607611232805 0.39097684621810913 79
1607611232924 0.39146512746810913 80
1607611233046 0.3920353651046753 81
1607611233166 0.3914465010166168 82
1607611233293 0.39095717668533325 83
1607611233414 0.3899681568145752 84
1607611233532 0.3894821107387543 85
1607611233656 0.3890562653541565 86
1607611233801 0.38850370049476624 87
1607611233927 0.38735559582710266 88
1607611234054 0.3864668905735016 89
1607611234176 0.3856974244117737 90
1607611234315 0.385471910238266 91
1607611234446 0.3850044310092926 92
1607611234573 0.3848012387752533 93
1607611234696 0.3844870924949646 94
1607611234849 0.38427889347076416 95
1607611234990 0.38412171602249146 96
1607611235115 0.38351669907569885 97
1607611235237 0.3834729790687561 98
1607611235360 0.38377130031585693 99
1607611235506 0.3832288086414337 100
1607611235637 0.3836301863193512 101
1607611235762 0.3836229145526886 102
1607611235895 0.3836875557899475 103
1607611236021 0.38355740904808044 104
1607611236165 0.3825305998325348 105
1607611236307 0.3816390931606293 106
1607611236447 0.38077595829963684 107
1607611236581 0.380737841129303 108
1607611236714 0.3804915249347687 109
1607611236849 0.37997087836265564 110
1607611236982 0.3798617422580719 111
1607611237125 0.3806384801864624 112
1607611237268 0.3807934522628784 113
1607611237404 0.38121911883354187 114
1607611237535 0.38081327080726624 115
1607611237663 0.3802854120731354 116
1607611237804 0.3799440860748291 117
1607611237929 0.3790830373764038 118
1607611238050 0.3785242438316345 119
1607611238177 0.3784017264842987 120
1607611238304 0.3784995377063751 121
1607611238434 0.3786028027534485 122
1607611238568 0.3796747624874115 123
1607611238698 0.3800697922706604 124
1607611238818 0.3787432610988617 125
1607611238948 0.37734371423721313 126
1607611239073 0.3761175870895386 127
1607611239204 0.3754517734050751 128
1607611239333 0.37515905499458313 129
1607611239461 0.3753129839897156 130
1607611239598 0.37551939487457275 131
1607611239725 0.3764425218105316 132
1607611239851 0.3765471279621124 133
1607611239984 0.37683871388435364 134
1607611240108 0.3759898841381073 135
1607611240232 0.37496304512023926 136
1607611240358 0.3744010329246521 137
1607611240494 0.37385573983192444 138
1607611240625 0.37382298707962036 139
1607611240753 0.37424442172050476 140
1607611241007 0.3749881684780121 141
1607611241135 0.37619104981422424 142
1607611241255 0.3768598139286041 143
1607611241377 0.3773166537284851 144
1607611241494 0.37598147988319397 145
1607611241637 0.37490880489349365 146
1607611241768 0.37318116426467896 147
1607611241892 0.3724222481250763 148
1607611242021 0.37180188298225403 149
1607611242170 0.3718818724155426 150
1607611242299 0.3726656436920166 151
1607611242428 0.37339353561401367 152
1607611242550 0.37471869587898254 153
1607611242680 0.37498050928115845 154
1607611242831 0.37446802854537964 155
1607611242964 0.3734353184700012 156
1607611243101 0.3723979592323303 157
1607611243233 0.3717390298843384 158
1607611243370 0.3715013861656189 159
1607611243523 0.37135404348373413 160
1607611243665 0.37086331844329834 161
1607611243785 0.3716038763523102 162
1607611243911 0.3717045187950134 163
1607611244037 0.3724866509437561 164
1607611244190 0.3726271986961365 165
1607611244325 0.37274977564811707 166
1607611244442 0.3723750710487366 167
1607611244562 0.3723584711551666 168
1607611244691 0.37175482511520386 169
1607611244836 0.37135037779808044 170
1607611244961 0.3709377348423004 171
1607611245081 0.37026917934417725 172
1607611245216 0.3705625534057617 173
1607611245340 0.3704530894756317 174
1607611245489 0.3704618513584137 175
1607611245617 0.37085869908332825 176
1607611245735 0.37016546726226807 177
1607611245856 0.3709557056427002 178
1607611245975 0.3706893026828766 179
1607611246113 0.3708028197288513 180
1607611246242 0.37073472142219543 181
1607611246368 0.3714151382446289 182
1607611246500 0.3709798753261566 183
1607611246629 0.3710176944732666 184
1607611246754 0.3703130781650543 185
1607611246901 0.3702060580253601 186
1607611247043 0.37006041407585144 187
1607611247186 0.3696000874042511 188
1607611247330 0.36945033073425293 189
1607611247473 0.3689076602458954 190
1607611247616 0.36847013235092163 191
1607611247759 0.3683529198169708 192
1607611247901 0.3675285875797272 193
1607611248026 0.3680456280708313 194
1607611248153 0.3679400086402893 195
1607611248282 0.3686251938343048 196
1607611248416 0.36899885535240173 197
1607611248544 0.36904311180114746 198
1607611248672 0.3694026470184326 199
1607611248803 0.37030792236328125 200
1607611248927 0.369278222322464 201
1607611249047 0.36943545937538147 202
1607611249171 0.3687952756881714 203
1607611249292 0.3686046898365021 204
1607611249412 0.368116557598114 205
1607611249537 0.3682704567909241 206
1607611249665 0.36851727962493896 207
1607611249796 0.3688623309135437 208
1607611249932 0.36857110261917114 209
1607611250059 0.36835843324661255 210
1607611250195 0.3680814802646637 211
1607611250317 0.3678652048110962 212
1607611250443 0.36731308698654175 213
1607611250561 0.3669689893722534 214
1607611250681 0.36687326431274414 215
1607611250801 0.36668872833251953 216
1607611250917 0.3668026030063629 217
1607611251042 0.36731094121932983 218
1607611251168 0.3672032654285431 219
1607611251288 0.3673548698425293 220
1607611251405 0.36691370606422424 221
1607611251524 0.3672894239425659 222
1607611251644 0.36670586466789246 223
1607611251767 0.36701956391334534 224
1607611251889 0.36673128604888916 225
1607611252007 0.36711814999580383 226
1607611252133 0.3665860593318939 227
1607611252253 0.36683622002601624 228
1607611252369 0.36617934703826904 229
1607611252486 0.3664022386074066 230
1607611252627 0.3662484288215637 231
1607611252751 0.366136372089386 232
1607611252870 0.36644700169563293 233
1607611252987 0.3660137951374054 234
1607611253103 0.36619800329208374 235
1607611253224 0.3660294711589813 236
1607611253360 0.3657562732696533 237
1607611253485 0.36563652753829956 238
1607611253608 0.3649064898490906 239
1607611253726 0.3651096224784851 240
1607611253843 0.3645901679992676 241
1607611253966 0.36453166604042053 242
1607611254110 0.36442795395851135 243
1607611254240 0.3642827570438385 244
1607611254379 0.3646022081375122 245
1607611254508 0.3648363947868347 246
1607611254643 0.36520978808403015 247
1607611254772 0.3655451238155365 248
1607611254912 0.3662065863609314 249
1607611255040 0.36599111557006836 250
1607611255172 0.36687538027763367 251
1607611255302 0.36649224162101746 252
1607611255422 0.36688002943992615 253
1607611255567 0.366309255361557 254
1607611255697 0.3657136857509613 255
1607611255820 0.36555400490760803 256
1607611255943 0.3650660216808319 257
1607611256062 0.3653610050678253 258
1607611256180 0.36578992009162903 259
1607611256318 0.36545541882514954 260
1607611256440 0.36581501364707947 261
1607611256564 0.3651975691318512 262
1607611256686 0.3647753596305847 263
1607611256805 0.3643559217453003 264
1607611256925 0.3633766770362854 265
1607611257061 0.36310166120529175 266
1607611257187 0.3624962866306305 267
1607611257313 0.36310073733329773 268
1607611257439 0.3630460500717163 269
1607611257558 0.36368653178215027 270
1607611257681 0.3643049895763397 271
1607611257827 0.364655077457428 272
1607611257970 0.3649194836616516 273
1607611258113 0.3654073178768158 274
1607611258256 0.36467498540878296 275
1607611258395 0.3645014464855194 276
1607611258531 0.36457884311676025 277
1607611258671 0.3636874854564667 278
1607611258814 0.36372828483581543 279
1607611258949 0.3637726306915283 280
1607611259083 0.36361563205718994 281
1607611259206 0.36406365036964417 282
1607611259335 0.3640567362308502 283
1607611259457 0.3644483983516693 284
1607611259581 0.36406636238098145 285
1607611259713 0.3642451763153076 286
1607611259838 0.36340585350990295 287
1607611259969 0.36341017484664917 288
1607611260103 0.3633323907852173 289
1607611260225 0.363301545381546 290
1607611260352 0.3632836937904358 291
1607611260480 0.3633016049861908 292
1607611260598 0.36329206824302673 293
1607611260725 0.36319592595100403 294
1607611260856 0.3630000352859497 295
1607611260983 0.3627960979938507 296
1607611261109 0.36300861835479736 297
1607611261233 0.3622153699398041 298
1607611261362 0.3623430132865906 299
1607611261496 0.3622916042804718 300
1607611261624 0.3623795807361603 301
1607611261755 0.3623516261577606 302
1607611261877 0.36258465051651 303
1607611261995 0.36241447925567627 304
1607611262129 0.36292293667793274 305
1607611262251 0.3625513017177582 306
1607611262374 0.36261215806007385 307
1607611262500 0.3627256155014038 308
1607611262623 0.36276113986968994 309
1607611262751 0.3625284731388092 310
1607611262875 0.3627616763114929 311
1607611263003 0.36234915256500244 312
1607611263127 0.36270710825920105 313
1607611263250 0.3626743257045746 314
1607611263374 0.36276379227638245 315
1607611263498 0.36343857645988464 316
1607611263627 0.36313769221305847 317
1607611263748 0.3636285960674286 318
1607611263869 0.3635536730289459 319
1607611264015 0.3641364574432373 320
1607611264147 0.3631698489189148 321
1607611264269 0.36342182755470276 322
1607611264394 0.3622158467769623 323
1607611264515 0.362796425819397 324
1607611264661 0.36183080077171326 325
1607611264796 0.36182478070259094 326
1607611264923 0.36189961433410645 327
1607611265045 0.3612438440322876 328
1607611265167 0.3615806996822357 329
1607611265320 0.360724538564682 330
1607611265449 0.3608202636241913 331
1607611265567 0.36068496108055115 332
1607611265685 0.36055850982666016 333
1607611265807 0.3607338070869446 334
1607611265961 0.361309289932251 335
1607611266096 0.3609284460544586 336
1607611266226 0.36191970109939575 337
1607611266350 0.3620373606681824 338
1607611266473 0.3623458743095398 339
1607611266611 0.36213257908821106 340
1607611266733 0.3614731431007385 341
1607611266850 0.36135193705558777 342
1607611266975 0.36083054542541504 343
1607611267128 0.3605009913444519 344
1607611267257 0.36036714911460876 345
1607611267385 0.3604026138782501 346
1607611267522 0.36053213477134705 347
1607611267648 0.36079999804496765 348
1607611267800 0.36078161001205444 349
1607611267928 0.3614862263202667 350
1607611268055 0.361217737197876 351
1607611268185 0.3613182008266449 352
1607611268314 0.36108988523483276 353
1607611268463 0.36124059557914734 354
1607611268606 0.36061325669288635 355
1607611268749 0.3610121011734009 356
1607611268893 0.3605012893676758 357
1607611269036 0.3609553277492523 358
1607611269179 0.36047470569610596 359
1607611269324 0.3609158992767334 360
1607611269468 0.36076194047927856 361
1607611269597 0.361433744430542 362
1607611269724 0.3613590896129608 363
1607611269851 0.3617926836013794 364
1607611269985 0.3617258369922638 365
1607611270108 0.36128532886505127 366
1607611270235 0.3609394133090973 367
1607611270355 0.36056259274482727 368
1607611270477 0.3595012128353119 369
1607611270604 0.3589920997619629 370
1607611270744 0.358357697725296 371
1607611270886 0.35833701491355896 372
1607611271016 0.3582456111907959 373
1607611271140 0.3585257828235626 374
1607611271273 0.3587445914745331 375
1607611271397 0.3593934178352356 376
1607611271525 0.3596095144748688 377
1607611271642 0.36026209592819214 378
1607611271760 0.3602268695831299 379
1607611271889 0.3605082929134369 380
1607611272012 0.36048436164855957 381
1607611272138 0.36079007387161255 382
1607611272260 0.3604506850242615 383
1607611272390 0.3603987693786621 384
1607611272521 0.3606783151626587 385
1607611272655 0.36054325103759766 386
1607611272776 0.36097294092178345 387
1607611272899 0.3601996600627899 388
1607611273027 0.36044541001319885 389
1607611273152 0.360116571187973 390
1607611273279 0.3595559597015381 391
1607611273403 0.35953623056411743 392
1607611273529 0.3588011860847473 393
1607611273653 0.35853666067123413 394
1607611273781 0.3581724464893341 395
1607611273905 0.3584945499897003 396
1607611274024 0.35842862725257874 397
1607611274152 0.359273225069046 398
1607611274281 0.3594202697277069 399
1607611274409 0.35974451899528503 400
1607611274542 0.3601275086402893 401
1607611274674 0.35978877544403076 402
1607611274799 0.3599472939968109 403
1607611274940 0.3599427342414856 404
1607611275093 0.35965487360954285 405
1607611275217 0.35965922474861145 406
1607611275345 0.35939010977745056 407
1607611275475 0.3596709966659546 408
1607611275603 0.359624981880188 409
1607611275754 0.3600030839443207 410
1607611275884 0.3597077429294586 411
1607611276007 0.3595195412635803 412
1607611276137 0.3588487207889557 413
1607611276261 0.3589893877506256 414
1607611276387 0.3585934638977051 415
1607611276539 0.3588220775127411 416
1607611276669 0.35845035314559937 417
1607611276801 0.3587452471256256 418
1607611276924 0.3585842549800873 419
1607611277047 0.35874998569488525 420
1607611277179 0.35869142413139343 421
1607611277335 0.3587804436683655 422
1607611277470 0.3589981198310852 423
1607611277594 0.35858169198036194 424
1607611277733 0.35905593633651733 425
1607611277868 0.3585401177406311 426
1607611277993 0.35945290327072144 427
1607611278134 0.3595590889453888 428
1607611278271 0.36034634709358215 429
1607611278397 0.36046040058135986 430
1607611278536 0.36088454723358154 431
1607611278660 0.36050912737846375 432
1607611278781 0.36043229699134827 433
1607611278933 0.3594646155834198 434
1607611279065 0.3590463101863861 435
1607611279189 0.3584883511066437 436
1607611279312 0.35798001289367676 437
1607611279440 0.35751214623451233 438
1607611279569 0.357140451669693 439
1607611279714 0.35682448744773865 440
1607611279879 0.3568875193595886 441
1607611280016 0.3568185269832611 442
1607611280155 0.35699161887168884 443
1607611280332 0.35742154717445374 444
1607611280502 0.3576248586177826 445
1607611280636 0.35857051610946655 446
1607611280769 0.3593343198299408 447
1607611280909 0.35944604873657227 448
1607611281042 0.3596295714378357 449
1607611281164 0.359242707490921 450
1607611281292 0.3584076762199402 451
1607611281433 0.3580968379974365 452
1607611281579 0.35702526569366455 453
1607611281709 0.3573038578033447 454
1607611281835 0.35656172037124634 455
1607611281970 0.35698601603507996 456
1607611282092 0.35704919695854187 457
1607611282213 0.3571952283382416 458
1607611282333 0.35791704058647156 459
1607611282462 0.35797715187072754 460
1607611282599 0.35809195041656494 461
1607611282733 0.35780471563339233 462
1607611282860 0.35760697722435 463
1607611282990 0.356861412525177 464
1607611283117 0.3571253716945648 465
1607611283235 0.357110857963562 466
1607611283360 0.3571983575820923 467
1607611283486 0.35778918862342834 468
1607611283608 0.3585713505744934 469
1607611283735 0.3590719401836395 470
1607611283856 0.36041733622550964 471
1607611283984 0.35980379581451416 472
1607611284109 0.3601702153682709 473
1607611284232 0.3594597280025482 474
1607611284356 0.3584563136100769 475
1607611284474 0.35745954513549805 476
1607611284598 0.3567916750907898 477
1607611284718 0.3561405837535858 478
1607611284844 0.35600295662879944 479
1607611284966 0.3556915819644928 480
1607611285096 0.3560098707675934 481
1607611285224 0.3563179671764374 482
1607611285356 0.3570966422557831 483
1607611285485 0.35785964131355286 484
1607611285604 0.3586854040622711 485
1607611285729 0.3590957820415497 486
1607611285876 0.35928454995155334 487
1607611286017 0.3596329987049103 488
1607611286153 0.3585951030254364 489
1607611286280 0.3577403128147125 490
1607611286410 0.35689452290534973 491
1607611286552 0.35634902119636536 492
1607611286677 0.35608261823654175 493
1607611286810 0.355948269367218 494
1607611286934 0.35586342215538025 495
1607611287058 0.35626035928726196 496
1607611287215 0.35667067766189575 497
1607611287366 0.35718104243278503 498
1607611287527 0.3580799102783203 499
1607611287657 0.3581438660621643 500
1607611287787 0.3584398627281189 501
1607611287915 0.358426570892334 502
1607611288069 0.35836806893348694 503
1607611288205 0.35787203907966614 504
1607611288336 0.35737577080726624 505
1607611288475 0.3566356897354126 506
1607611288610 0.3568321764469147 507
1607611288754 0.3566432595252991 508
1607611288883 0.35681816935539246 509
1607611289014 0.3568795323371887 510
1607611289146 0.3568958044052124 511
1607611289297 0.3568015992641449 512
1607611289427 0.35699325799942017 513
1607611289544 0.35688138008117676 514
1607611289673 0.3572680950164795 515
1607611289821 0.35654065012931824 516
1607611289957 0.35704272985458374 517
1607611290095 0.3565438389778137 518
1607611290225 0.3570862412452698 519
1607611290351 0.3568982779979706 520
1607611290498 0.35714539885520935 521
1607611290634 0.35715538263320923 522
1607611290777 0.35712093114852905 523
1607611290945 0.35692277550697327 524
1607611291112 0.3567899763584137 525
1607611291276 0.35664552450180054 526
1607611291411 0.35615506768226624 527
1607611291551 0.3556174039840698 528
1607611291686 0.3556133508682251 529
1607611291818 0.35528644919395447 530
1607611291956 0.3559315502643585 531
1607611292085 0.355925589799881 532
1607611292228 0.3563390374183655 533
1607611292359 0.3568236529827118 534
1607611292486 0.3564605116844177 535
1607611292613 0.35685378313064575 536
1607611292733 0.3566373884677887 537
1607611292856 0.35619986057281494 538
1607611292986 0.35595792531967163 539
1607611293113 0.3552299439907074 540
1607611293234 0.3550247550010681 541
1607611293364 0.354744553565979 542
1607611293490 0.3544745445251465 543
1607611293612 0.35459572076797485 544
1607611293736 0.3548280894756317 545
1607611293861 0.3556418716907501 546
1607611293991 0.3558141887187958 547
1607611294127 0.35656359791755676 548
1607611294252 0.35699447989463806 549
1607611294379 0.35729432106018066 550
1607611294511 0.3573557436466217 551
1607611294650 0.35703155398368835 552
1607611294776 0.35706478357315063 553
1607611294900 0.3567941188812256 554
1607611295028 0.35657596588134766 555
1607611295153 0.35609006881713867 556
1607611295273 0.35549476742744446 557
1607611295398 0.3556970953941345 558
1607611295518 0.35509994626045227 559
1607611295645 0.3555302023887634 560
1607611295772 0.3553195893764496 561
1607611295897 0.35592514276504517 562
1607611296029 0.3562273681163788 563
1607611296161 0.35683712363243103 564
1607611296291 0.35728925466537476 565
1607611296420 0.3577364683151245 566
1607611296568 0.35743218660354614 567
1607611296698 0.35757118463516235 568
1607611296834 0.3572205603122711 569
1607611296964 0.3570258915424347 570
1607611297091 0.3569682836532593 571
1607611297239 0.3564710319042206 572
1607611297367 0.35644856095314026 573
1607611297494 0.35569486021995544 574
1607611297620 0.35538187623023987 575
1607611297743 0.35540828108787537 576
1607611297889 0.35484185814857483 577
1607611298026 0.3550827205181122 578
1607611298147 0.35479113459587097 579
1607611298271 0.3549295663833618 580
1607611298431 0.3552759289741516 581
1607611298560 0.3553389608860016 582
1607611298680 0.3556036949157715 583
1607611298809 0.3557284474372864 584
1607611298930 0.35564759373664856 585
1607611299082 0.35608533024787903 586
1607611299222 0.3560859262943268 587
1607611299358 0.355805367231369 588
1607611299496 0.35604745149612427 589
1607611299625 0.35561391711235046 590
1607611299756 0.35612955689430237 591
1607611299911 0.35528329014778137 592
1607611300046 0.3554424047470093 593
1607611300171 0.3549291789531708 594
1607611300316 0.35461631417274475 595
1607611300453 0.3542795479297638 596
1607611300745 0.3541935086250305 597
1607611300871 0.3544934391975403 598
1607611301000 0.354288250207901 599
1607611301136 0.35463276505470276 600
1607611301263 0.3549751341342926 601
1607611301395 0.35529637336730957 602
1607611301521 0.3555767834186554 603
1607611301672 0.35541051626205444 604
1607611301837 0.35544803738594055 605
1607611301970 0.35527175664901733 606
1607611302108 0.35489514470100403 607
1607611302245 0.3547380864620209 608
1607611302378 0.35470324754714966 609
1607611302538 0.3546826243400574 610
1607611302689 0.355593204498291 611
1607611302840 0.35535386204719543 612
1607611302991 0.35688769817352295 613
1607611303127 0.35708940029144287 614
1607611303266 0.3575950264930725 615
1607611303398 0.35789716243743896 616
1607611303525 0.3568609952926636 617
1607611303647 0.3569791913032532 618
1607611303774 0.3556097149848938 619
1607611303895 0.35535386204719543 620
1607611304018 0.3548859655857086 621
1607611304144 0.35485905408859253 622
1607611304265 0.35472697019577026 623
1607611304386 0.35459476709365845 624
1607611304505 0.35478663444519043 625
1607611304634 0.3551108241081238 626
1607611304758 0.3553045690059662 627
1607611304883 0.35556668043136597 628
1607611305013 0.3554565906524658 629
1607611305134 0.35557442903518677 630
1607611305258 0.35528644919395447 631
1607611305377 0.35521361231803894 632
1607611305497 0.35507693886756897 633
1607611305618 0.3550577461719513 634
1607611305737 0.3547039031982422 635
1607611305854 0.3548082113265991 636
1607611305978 0.3544098138809204 637
1607611306104 0.3547995686531067 638
1607611306234 0.3543878197669983 639
1607611306353 0.3547627329826355 640
1607611306477 0.35439878702163696 641
1607611306597 0.354371577501297 642
1607611306733 0.35413146018981934 643
1607611306858 0.353960782289505 644
1607611306985 0.3539217710494995 645
1607611307116 0.3535844385623932 646
1607611307254 0.35356405377388 647
1607611307384 0.35372108221054077 648
1607611307510 0.35384902358055115 649
1607611307663 0.35429903864860535 650
1607611307793 0.3545588254928589 651
1607611307914 0.3549478352069855 652
1607611308037 0.35549721121788025 653
1607611308159 0.3552037477493286 654
1607611308303 0.3551669120788574 655
1607611308433 0.3550376892089844 656
1607611308563 0.35463380813598633 657
1607611308691 0.35430908203125 658
1607611308818 0.3538285791873932 659
1607611308958 0.3536534607410431 660
1607611309084 0.35325613617897034 661
1607611309205 0.3533213436603546 662
1607611309326 0.35299503803253174 663
1607611309448 0.35344240069389343 664
1607611309597 0.3534567058086395 665
1607611309730 0.3540553152561188 666
1607611309851 0.35469022393226624 667
1607611309973 0.35491958260536194 668
1607611310097 0.355272114276886 669
1607611310256 0.3549458980560303 670
1607611310390 0.354952335357666 671
1607611310512 0.3546241223812103 672
1607611310631 0.3541181683540344 673
1607611310762 0.35403165221214294 674
1607611310918 0.3537680506706238 675
1607611311048 0.3541477620601654 676
1607611311172 0.35410937666893005 677
1607611311294 0.3548679053783417 678
1607611311420 0.3546338677406311 679
1607611311560 0.35519590973854065 680
1607611311693 0.3549960255622864 681
1607611311816 0.3546275794506073 682
1607611311944 0.35450029373168945 683
1607611312069 0.3537309765815735 684
1607611312215 0.3535804748535156 685
1607611312342 0.3532538414001465 686
1607611312465 0.3533155024051666 687
1607611312590 0.3533320426940918 688
1607611312710 0.3540031313896179 689
1607611312860 0.35414597392082214 690
1607611312994 0.35473495721817017 691
1607611313159 0.35462403297424316 692
1607611313323 0.3549579679965973 693
1607611313459 0.3548589050769806 694
1607611313597 0.3551298677921295 695
1607611313730 0.35499417781829834 696
1607611313863 0.3554067611694336 697
1607611314026 0.3553263545036316 698
1607611314194 0.3554554581642151 699
1607611314324 0.355932354927063 700
1607611314456 0.3550513684749603 701
1607611314587 0.3547612130641937 702
1607611314710 0.35372957587242126 703
1607611314834 0.35309040546417236 704
1607611314961 0.35275718569755554 705
1607611315092 0.3523300588130951 706
1607611315222 0.35247716307640076 707
1607611315350 0.3524181544780731 708
1607611315481 0.3528578579425812 709
1607611315619 0.35309216380119324 710
1607611315747 0.353522926568985 711
1607611315873 0.3536399006843567 712
1607611316006 0.3535535931587219 713
1607611316131 0.35355326533317566 714
1607611316262 0.35345032811164856 715
1607611316388 0.3535386919975281 716
1607611316508 0.3534877896308899 717
1607611316631 0.3536120057106018 718
1607611316760 0.3534916043281555 719
1607611316881 0.35405299067497253 720
1607611317004 0.3533715605735779 721
1607611317124 0.3538793921470642 722
1607611317245 0.3533664643764496 723
1607611317367 0.35323286056518555 724
1607611317494 0.35319599509239197 725
1607611317623 0.35312187671661377 726
1607611317744 0.35340258479118347 727
1607611317881 0.35410836338996887 728
1607611318012 0.35390716791152954 729
1607611318139 0.35424694418907166 730
1607611318261 0.35424932837486267 731
1607611318378 0.3539794087409973 732
1607611318513 0.35403507947921753 733
1607611318637 0.35301223397254944 734
1607611318757 0.3531981110572815 735
1607611318883 0.35249024629592896 736
1607611319033 0.35311630368232727 737
1607611319164 0.35279569029808044 738
1607611319284 0.35310098528862 739
1607611319415 0.3533635139465332 740
1607611319539 0.3534668982028961 741
1607611319683 0.3539525270462036 742
1607611319810 0.35380637645721436 743
1607611319928 0.35407403111457825 744
1607611320047 0.35424503684043884 745
1607611320181 0.3537478446960449 746
1607611320325 0.35396790504455566 747
1607611320454 0.35371285676956177 748
1607611320576 0.35322117805480957 749
1607611320699 0.3532613217830658 750
1607611320828 0.3526607155799866 751
1607611320980 0.3529706597328186 752
1607611321105 0.35250166058540344 753
1607611321221 0.35221052169799805 754
1607611321352 0.3524025082588196 755
1607611321480 0.352266788482666 756
1607611321634 0.3525230288505554 757
1607611321766 0.35284343361854553 758
1607611321891 0.35264939069747925 759
1607611322022 0.35304200649261475 760
1607611322175 0.3530695140361786 761
1607611322300 0.35317856073379517 762
1607611322441 0.35304075479507446 763
1607611322579 0.3529585003852844 764
1607611322705 0.35304415225982666 765
1607611322850 0.35327833890914917 766
1607611322998 0.353815495967865 767
1607611323130 0.35382264852523804 768
1607611323252 0.35503697395324707 769
1607611323376 0.35554954409599304 770
1607611323524 0.3562420904636383 771
1607611323653 0.35654041171073914 772
1607611323783 0.35635292530059814 773
1607611323906 0.35631421208381653 774
1607611324045 0.3556443154811859 775
1607611324193 0.3550346791744232 776
1607611324319 0.3548901677131653 777
1607611324465 0.3537968397140503 778
1607611324596 0.35380303859710693 779
1607611324725 0.35295939445495605 780
1607611324860 0.35290101170539856 781
1607611325009 0.35255569219589233 782
1607611325164 0.3525935113430023 783
1607611325294 0.3523538410663605 784
1607611325420 0.35265910625457764 785
1607611325549 0.3524281680583954 786
1607611325674 0.35312849283218384 787
1607611325793 0.3531826436519623 788
1607611325914 0.35342642664909363 789
1607611326031 0.35358521342277527 790
1607611326160 0.3535837233066559 791
1607611326289 0.3532940149307251 792
1607611326411 0.3531208336353302 793
1607611326543 0.35240796208381653 794
1607611326670 0.352386474609375 795
1607611326792 0.35180753469467163 796
1607611326911 0.3516569435596466 797
1607611327035 0.35157012939453125 798
1607611327181 0.35164549946784973 799
1607611327315 0.3516537845134735 800
1607611327438 0.35153883695602417 801
1607611327564 0.3519695997238159 802
1607611327689 0.3519091010093689 803
1607611327810 0.35238343477249146 804
1607611327932 0.35222700238227844 805
1607611328053 0.3527362644672394 806
1607611328177 0.3528161346912384 807
1607611328307 0.35297173261642456 808
1607611328437 0.35288673639297485 809
1607611328571 0.3527509570121765 810
1607611328699 0.35254138708114624 811
1607611328832 0.3523459732532501 812
1607611328960 0.3518480360507965 813
1607611329090 0.35196200013160706 814
1607611329217 0.3516080975532532 815
1607611329366 0.351709246635437 816
1607611329491 0.3516407012939453 817
1607611329621 0.3521445095539093 818
1607611329749 0.35244840383529663 819
1607611329877 0.35325178503990173 820
1607611330025 0.3540019989013672 821
1607611330155 0.3541201949119568 822
1607611330282 0.3549148440361023 823
1607611330405 0.3544556498527527 824
1607611330548 0.35428154468536377 825
1607611330671 0.35384809970855713 826
1607611330802 0.35253190994262695 827
1607611330925 0.35208091139793396 828
1607611331074 0.3509782552719116 829
1607611331201 0.3510936498641968 830
1607611331323 0.35061365365982056 831
1607611331449 0.3506876528263092 832
1607611331593 0.35114118456840515 833
1607611331720 0.3515971601009369 834
1607611331847 0.352151483297348 835
1607611331978 0.35305696725845337 836
1607611332130 0.3535460829734802 837
1607611332263 0.3544594645500183 838
1607611332390 0.35452815890312195 839
1607611332512 0.3544533848762512 840
1607611332657 0.3542400002479553 841
1607611332786 0.353641539812088 842
1607611332910 0.35274848341941833 843
1607611333036 0.3520561158657074 844
1607611333164 0.35148802399635315 845
1607611333301 0.3511238098144531 846
1607611333427 0.35096797347068787 847
1607611333550 0.35083383321762085 848
1607611333679 0.351048082113266 849
1607611333836 0.3513367772102356 850
1607611333968 0.35235220193862915 851
1607611334100 0.3526401221752167 852
1607611334234 0.35406386852264404 853
1607611334395 0.35326066613197327 854
1607611334557 0.35423219203948975 855
1607611334727 0.35247480869293213 856
1607611334895 0.35263004899024963 857
1607611335065 0.3509504497051239 858
1607611335211 0.35114574432373047 859
1607611335372 0.35056185722351074 860
1607611335506 0.350988507270813 861
1607611335642 0.35073816776275635 862
1607611335777 0.3513524830341339 863
1607611335915 0.3515782952308655 864
1607611336039 0.35232365131378174 865
1607611336161 0.353027880191803 866
1607611336281 0.3536941111087799 867
1607611336402 0.35421696305274963 868
1607611336520 0.3543941080570221 869
1607611336638 0.35430431365966797 870
1607611336774 0.35416078567504883 871
1607611336910 0.35384321212768555 872
1607611337047 0.35310885310173035 873
1607611337190 0.3524307608604431 874
1607611337323 0.35201215744018555 875
1607611337455 0.3513064980506897 876
1607611337583 0.35136163234710693 877
1607611337708 0.3512350916862488 878
1607611337834 0.3512880802154541 879
1607611337960 0.3511331379413605 880
1607611338096 0.3514397144317627 881
1607611338224 0.3513849377632141 882
1607611338356 0.35221999883651733 883
1607611338490 0.3521571457386017 884
1607611338623 0.3524061143398285 885
1607611338756 0.352753221988678 886
1607611338885 0.35267749428749084 887
1607611339011 0.3526487648487091 888
1607611339138 0.3522800803184509 889
1607611339270 0.35206639766693115 890
1607611339400 0.3519633710384369 891
1607611339526 0.3514426052570343 892
1607611339647 0.35144731402397156 893
1607611339775 0.3511013090610504 894
1607611339896 0.35118168592453003 895
1607611340026 0.35135209560394287 896
1607611340160 0.35134661197662354 897
1607611340292 0.3515263795852661 898
1607611340454 0.35142749547958374 899
1607611340592 0.35158637166023254 900
1607611340722 0.3515012264251709 901
1607611340852 0.3514823317527771 902
1607611340988 0.3510775566101074 903
1607611341128 0.3518192172050476 904
1607611341266 0.35168808698654175 905
1607611341389 0.3519267439842224 906
1607611341508 0.3526337444782257 907
1607611341640 0.3524532914161682 908
1607611341799 0.352915495634079 909
1607611341935 0.3520052433013916 910
1607611342077 0.35209572315216064 911
1607611342205 0.3515746295452118 912
1607611342334 0.3516426682472229 913
1607611342488 0.35119879245758057 914
1607611342614 0.3513347804546356 915
1607611342745 0.35142531991004944 916
1607611342881 0.35144853591918945 917
1607611343031 0.3519766330718994 918
1607611343165 0.3520108759403229 919
1607611343297 0.3520044982433319 920
1607611343421 0.3521604537963867 921
1607611343565 0.35216784477233887 922
1607611343693 0.3524024486541748 923
1607611343819 0.352277934551239 924
1607611343948 0.35260847210884094 925
1607611344109 0.35301128029823303 926
1607611344259 0.35292741656303406 927
1607611344383 0.3530315160751343 928
1607611344515 0.3528808057308197 929
1607611344645 0.3532216548919678 930
1607611344808 0.352899432182312 931
1607611344941 0.3522305488586426 932
1607611345074 0.3521139621734619 933
1607611345210 0.35139599442481995 934
1607611345363 0.3514004051685333 935
1607611345509 0.3508340120315552 936
1607611345635 0.35078179836273193 937
1607611345759 0.3507007956504822 938
1607611345894 0.35063108801841736 939
1607611346046 0.3508960008621216 940
1607611346189 0.35115352272987366 941
1607611346320 0.35128676891326904 942
1607611346479 0.3515993356704712 943
1607611346619 0.3515869975090027 944
1607611346750 0.3516937792301178 945
1607611346914 0.3517623245716095 946
1607611347079 0.35145100951194763 947
1607611347238 0.3514135181903839 948
1607611347379 0.3508882522583008 949
1607611347507 0.3511078655719757 950
1607611347625 0.35098859667778015 951
1607611347754 0.3508415222167969 952
1607611347881 0.3512989282608032 953
1607611348004 0.3511020243167877 954
1607611348141 0.35138580203056335 955
1607611348268 0.3515017032623291 956
1607611348408 0.35129743814468384 957
1607611348542 0.3515984117984772 958
1607611348671 0.35146868228912354 959
1607611348795 0.3515709638595581 960
1607611348927 0.3513668179512024 961
1607611349059 0.35162416100502014 962
1607611349190 0.35140296816825867 963
1607611349320 0.35206010937690735 964
1607611349448 0.35200440883636475 965
1607611349580 0.35262370109558105 966
1607611349704 0.3524535894393921 967
1607611349832 0.3529636859893799 968
1607611349957 0.35289016366004944 969
1607611350076 0.3533462584018707 970
1607611350202 0.35318541526794434 971
1607611350342 0.35294800996780396 972
1607611350468 0.35287919640541077 973
1607611350592 0.3520824611186981 974
1607611350715 0.3520265519618988 975
1607611350841 0.3512747883796692 976
1607611350967 0.3512924909591675 977
1607611351094 0.3504483997821808 978
1607611351219 0.3505396544933319 979
1607611351346 0.3503134846687317 980
1607611351479 0.3504013121128082 981
1607611351627 0.3503364324569702 982
1607611351754 0.35071080923080444 983
1607611351878 0.3510947525501251 984
1607611351996 0.3518117368221283 985
1607611352122 0.3519064784049988 986
1607611352270 0.35268399119377136 987
1607611352407 0.3526677191257477 988
1607611352534 0.35276222229003906 989
1607611352655 0.3524949252605438 990
1607611352806 0.3517438769340515 991
1607611352933 0.3511136770248413 992
1607611353064 0.35062623023986816 993
1607611353190 0.3504393696784973 994
1607611353330 0.3500155210494995 995
1607611353461 0.35025152564048767 996
1607611353592 0.3501875400543213 997
1607611353729 0.35070186853408813 998
1607611353877 0.35123300552368164 999
