1607611393334 0.47398120164871216 0
1607611393465 0.46681874990463257 1
1607611393598 0.4561735987663269 2
1607611393727 0.4492987394332886 3
1607611393855 0.44381198287010193 4
1607611393984 0.4414820373058319 5
1607611394117 0.44004321098327637 6
1607611394242 0.4389309287071228 7
1607611394368 0.4384123980998993 8
1607611394490 0.43845897912979126 9
1607611394613 0.43818607926368713 10
1607611394733 0.4379001557826996 11
1607611394859 0.4379394054412842 12
1607611394975 0.43585819005966187 13
1607611395096 0.43376752734184265 14
1607611395226 0.43259814381599426 15
1607611395354 0.43162891268730164 16
1607611395479 0.43086642026901245 17
1607611395599 0.4307521879673004 18
1607611395719 0.4303947985172272 19
1607611395841 0.4299453794956207 20
1607611395968 0.4290487468242645 21
1607611396091 0.42881035804748535 22
1607611396217 0.42812103033065796 23
1607611396344 0.427458256483078 24
1607611396472 0.4273245930671692 25
1607611396595 0.4267524778842926 26
1607611396724 0.42552924156188965 27
1607611396847 0.42349594831466675 28
1607611396981 0.42185819149017334 29
1607611397108 0.42054426670074463 30
1607611397230 0.4201488494873047 31
1607611397352 0.4201349914073944 32
1607611397474 0.4213235676288605 33
1607611397593 0.4209285080432892 34
1607611397720 0.418734073638916 35
1607611397851 0.4166739881038666 36
1607611397975 0.4158579409122467 37
1607611398093 0.41603195667266846 38
1607611398212 0.41643455624580383 39
1607611398336 0.41714754700660706 40
1607611398456 0.4161774218082428 41
1607611398578 0.41409680247306824 42
1607611398705 0.4128841161727905 43
1607611398826 0.4114980697631836 44
1607611398952 0.4107359051704407 45
1607611399071 0.41078415513038635 46
1607611399192 0.41079169511795044 47
1607611399314 0.4099121689796448 48
1607611399437 0.40888410806655884 49
1607611399572 0.4078671932220459 50
1607611399700 0.40647536516189575 51
1607611399824 0.406367689371109 52
1607611399949 0.40613922476768494 53
1607611400079 0.4061969816684723 54
1607611400200 0.4055521786212921 55
1607611400325 0.4052581191062927 56
1607611400446 0.4036203920841217 57
1607611400567 0.4029344320297241 58
1607611400694 0.40175849199295044 59
1607611400824 0.4014737606048584 60
1607611400953 0.4011791944503784 61
1607611401075 0.40163958072662354 62
1607611401200 0.4022097587585449 63
1607611401323 0.40095794200897217 64
1607611401446 0.39995190501213074 65
1607611401567 0.3990105092525482 66
1607611401687 0.3978424370288849 67
1607611401813 0.39715245366096497 68
1607611401945 0.39681798219680786 69
1607611402073 0.3966348469257355 70
1607611402196 0.3962262272834778 71
1607611402315 0.3956936299800873 72
1607611402438 0.3946188688278198 73
1607611402566 0.3946535587310791 74
1607611402697 0.39494240283966064 75
1607611402822 0.39518454670906067 76
1607611402957 0.39555221796035767 77
1607611403085 0.3950868546962738 78
1607611403209 0.3946181833744049 79
1607611403334 0.3939370810985565 80
1607611403464 0.3924158215522766 81
1607611403593 0.3909802734851837 82
1607611403720 0.39061424136161804 83
1607611403851 0.38981446623802185 84
1607611403983 0.3896510601043701 85
1607611404117 0.39006510376930237 86
1607611404236 0.3901614546775818 87
1607611404364 0.38979050517082214 88
1607611404482 0.3889792561531067 89
1607611404625 0.3883461654186249 90
1607611404747 0.38761380314826965 91
1607611404872 0.3869886100292206 92
1607611404994 0.38681259751319885 93
1607611405138 0.38735026121139526 94
1607611405276 0.38690292835235596 95
1607611405406 0.3870631754398346 96
1607611405531 0.3868677318096161 97
1607611405654 0.3866223990917206 98
1607611405778 0.3859051764011383 99
1607611405911 0.3845580518245697 100
1607611406059 0.38439294695854187 101
1607611406189 0.38313788175582886 102
1607611406318 0.38316524028778076 103
1607611406456 0.3824130594730377 104
1607611406588 0.38291552662849426 105
1607611406766 0.38296017050743103 106
1607611406904 0.3836168944835663 107
1607611407051 0.383741557598114 108
1607611407184 0.38360559940338135 109
1607611407325 0.3832207918167114 110
1607611407488 0.38241973519325256 111
1607611407651 0.382363498210907 112
1607611407809 0.3820592761039734 113
1607611407972 0.3825075924396515 114
1607611408122 0.38338831067085266 115
1607611408270 0.38257867097854614 116
1607611408399 0.38173240423202515 117
1607611408525 0.3808712661266327 118
1607611408650 0.3795877695083618 119
1607611408769 0.3795476257801056 120
1607611408893 0.37878844141960144 121
1607611409019 0.3785098195075989 122
1607611409140 0.3784630298614502 123
1607611409258 0.37842249870300293 124
1607611409377 0.37838152050971985 125
1607611409497 0.378358393907547 126
1607611409624 0.37880632281303406 127
1607611409744 0.37830650806427 128
1607611409865 0.3788948953151703 129
1607611409994 0.3783896565437317 130
1607611410121 0.37807896733283997 131
1607611410244 0.3779735863208771 132
1607611410365 0.37740278244018555 133
1607611410487 0.37778836488723755 134
1607611410607 0.37726089358329773 135
1607611410724 0.3776480555534363 136
1607611410844 0.37836697697639465 137
1607611410967 0.3785357177257538 138
1607611411092 0.37853971123695374 139
1607611411219 0.3788209557533264 140
1607611411489 0.37800365686416626 141
1607611411617 0.3777078688144684 142
1607611411737 0.3766980767250061 143
1607611411862 0.37596192955970764 144
1607611411991 0.3756740391254425 145
1607611412116 0.37501245737075806 146
1607611412240 0.3746044337749481 147
1607611412359 0.37378624081611633 148
1607611412483 0.3736006021499634 149
1607611412611 0.3732640743255615 150
1607611412732 0.37330877780914307 151
1607611412860 0.3732782304286957 152
1607611412987 0.3733254373073578 153
1607611413122 0.37362197041511536 154
1607611413253 0.37369757890701294 155
1607611413377 0.3742915093898773 156
1607611413511 0.3736523985862732 157
1607611413641 0.37447500228881836 158
1607611413767 0.3744055926799774 159
1607611413889 0.3747413158416748 160
1607611414024 0.37463492155075073 161
1607611414162 0.37337207794189453 162
1607611414289 0.3735927641391754 163
1607611414415 0.3728674054145813 164
1607611414547 0.37252259254455566 165
1607611414689 0.3722658157348633 166
1607611414821 0.3721644878387451 167
1607611414954 0.37255996465682983 168
1607611415100 0.3728792071342468 169
1607611415229 0.3729721009731293 170
1607611415350 0.3731960356235504 171
1607611415477 0.37326690554618835 172
1607611415618 0.3726228177547455 173
1607611415776 0.3724449872970581 174
1607611415911 0.371908962726593 175
1607611416028 0.3717384934425354 176
1607611416152 0.37159308791160583 177
1607611416273 0.3711811602115631 178
1607611416420 0.3714809715747833 179
1607611416557 0.37152573466300964 180
1607611416680 0.3709297776222229 181
1607611416818 0.3711255192756653 182
1607611416953 0.3705040514469147 183
1607611417096 0.37092429399490356 184
1607611417233 0.3707117438316345 185
1607611417357 0.3713909685611725 186
1607611417479 0.37130114436149597 187
1607611417601 0.37259307503700256 188
1607611417745 0.3725050687789917 189
1607611417875 0.3735155761241913 190
1607611418008 0.3731195330619812 191
1607611418126 0.3725428879261017 192
1607611418243 0.37170282006263733 193
1607611418364 0.37147390842437744 194
1607611418482 0.37127208709716797 195
1607611418607 0.3710092604160309 196
1607611418746 0.3701108694076538 197
1607611418881 0.3704693913459778 198
1607611419017 0.36942026019096375 199
1607611419151 0.3701934516429901 200
1607611419277 0.369691401720047 201
1607611419408 0.3699217140674591 202
1607611419539 0.36983850598335266 203
1607611419673 0.370449423789978 204
1607611419806 0.36995264887809753 205
1607611419970 0.37020739912986755 206
1607611420103 0.3702180087566376 207
1607611420235 0.3698451817035675 208
1607611420399 0.36945292353630066 209
1607611420536 0.3694795072078705 210
1607611420658 0.3693499267101288 211
1607611420780 0.3694695830345154 212
1607611420907 0.36891865730285645 213
1607611421030 0.36842572689056396 214
1607611421148 0.3684428036212921 215
1607611421271 0.36798372864723206 216
1607611421388 0.36797550320625305 217
1607611421520 0.3674130141735077 218
1607611421641 0.3675766885280609 219
1607611421767 0.3676674962043762 220
1607611421886 0.3679808974266052 221
1607611422012 0.3684811592102051 222
1607611422143 0.3689913749694824 223
1607611422262 0.370138943195343 224
1607611422386 0.3697301745414734 225
1607611422516 0.37086665630340576 226
1607611422640 0.36971917748451233 227
1607611422769 0.3701407313346863 228
1607611422887 0.3693642318248749 229
1607611423014 0.36869075894355774 230
1607611423134 0.36837074160575867 231
1607611423255 0.3680761456489563 232
1607611423372 0.3675217926502228 233
1607611423493 0.36767274141311646 234
1607611423613 0.36709243059158325 235
1607611423741 0.3671724796295166 236
1607611423864 0.36596009135246277 237
1607611423983 0.3659774363040924 238
1607611424104 0.3654785752296448 239
1607611424222 0.36542820930480957 240
1607611424337 0.36549848318099976 241
1607611424454 0.36587873101234436 242
1607611424573 0.3661476671695709 243
1607611424692 0.36736544966697693 244
1607611424829 0.36749741435050964 245
1607611424949 0.3681948781013489 246
1607611425071 0.368739515542984 247
1607611425195 0.36788153648376465 248
1607611425315 0.367820143699646 249
1607611425435 0.36689916253089905 250
1607611425553 0.3667275309562683 251
1607611425675 0.3664548993110657 252
1607611425801 0.3664749562740326 253
1607611425947 0.36667123436927795 254
1607611426077 0.3672899901866913 255
1607611426205 0.36810383200645447 256
1607611426331 0.36873871088027954 257
1607611426456 0.3687041103839874 258
1607611426597 0.36895832419395447 259
1607611426720 0.36818739771842957 260
1607611426847 0.3675118088722229 261
1607611426964 0.36614271998405457 262
1607611427088 0.36548498272895813 263
1607611427237 0.3644930124282837 264
1607611427371 0.3643747866153717 265
1607611427494 0.36394983530044556 266
1607611427614 0.36422425508499146 267
1607611427765 0.36433929204940796 268
1607611427890 0.36436155438423157 269
1607611428011 0.36525848507881165 270
1607611428134 0.36500564217567444 271
1607611428262 0.36521777510643005 272
1607611428389 0.3645947277545929 273
1607611428536 0.3647306561470032 274
1607611428670 0.36449912190437317 275
1607611428795 0.3646835684776306 276
1607611428915 0.36511489748954773 277
1607611429034 0.3659595549106598 278
1607611429173 0.3669469356536865 279
1607611429304 0.36769339442253113 280
1607611429428 0.36794254183769226 281
1607611429551 0.367249071598053 282
1607611429676 0.3665388524532318 283
1607611429816 0.36501365900039673 284
1607611429940 0.36444416642189026 285
1607611430058 0.36355364322662354 286
1607611430189 0.36362093687057495 287
1607611430310 0.3630496561527252 288
1607611430446 0.36356598138809204 289
1607611430585 0.3637376129627228 290
1607611430710 0.3646727204322815 291
1607611430830 0.36581864953041077 292
1607611430964 0.3668764531612396 293
1607611431116 0.3671949505805969 294
1607611431278 0.3674781322479248 295
1607611431407 0.3663500249385834 296
1607611431537 0.3660431504249573 297
1607611431665 0.36477404832839966 298
1607611431800 0.3647986054420471 299
1607611431940 0.36420515179634094 300
1607611432083 0.363630473613739 301
1607611432246 0.3639739453792572 302
1607611432377 0.36400720477104187 303
1607611432536 0.3644808232784271 304
1607611432673 0.3641606867313385 305
1607611432801 0.36370939016342163 306
1607611432925 0.36372095346450806 307
1607611433051 0.3636174499988556 308
1607611433172 0.3631111979484558 309
1607611433298 0.3634911775588989 310
1607611433417 0.36244478821754456 311
1607611433538 0.3627707064151764 312
1607611433655 0.3621421158313751 313
1607611433774 0.362619549036026 314
1607611433892 0.3622485101222992 315
1607611434016 0.36288806796073914 316
1607611434144 0.36266711354255676 317
1607611434268 0.36367782950401306 318
1607611434398 0.3634355366230011 319
1607611434518 0.36369141936302185 320
1607611434635 0.3639676570892334 321
1607611434758 0.3641597032546997 322
1607611434877 0.3640250861644745 323
1607611435001 0.36411383748054504 324
1607611435126 0.3641102910041809 325
1607611435251 0.36428868770599365 326
1607611435379 0.36422741413116455 327
1607611435502 0.36377742886543274 328
1607611435631 0.36338576674461365 329
1607611435763 0.36347725987434387 330
1607611435888 0.36343464255332947 331
1607611436012 0.3635047674179077 332
1607611436134 0.36295467615127563 333
1607611436256 0.36265188455581665 334
1607611436391 0.36257466673851013 335
1607611436519 0.36217358708381653 336
1607611436642 0.3618749678134918 337
1607611436794 0.36151471734046936 338
1607611436925 0.36145538091659546 339
1607611437051 0.3615341782569885 340
1607611437170 0.3616696000099182 341
1607611437317 0.36205777525901794 342
1607611437450 0.3621794879436493 343
1607611437586 0.3621959686279297 344
1607611437713 0.36225587129592896 345
1607611437837 0.3621426820755005 346
1607611437988 0.3620567321777344 347
1607611438118 0.3623071014881134 348
1607611438244 0.3624640703201294 349
1607611438372 0.3627452552318573 350
1607611438499 0.36367082595825195 351
1607611438641 0.36353397369384766 352
1607611438780 0.36403125524520874 353
1607611438904 0.363508403301239 354
1607611439031 0.36323100328445435 355
1607611439151 0.36283743381500244 356
1607611439300 0.36231729388237 357
1607611439429 0.3616586923599243 358
1607611439550 0.3615209460258484 359
1607611439673 0.3612048327922821 360
1607611439791 0.36127954721450806 361
1607611439944 0.3618052303791046 362
1607611440071 0.3617940843105316 363
1607611440194 0.3625563681125641 364
1607611440316 0.3620360791683197 365
1607611440446 0.3626673221588135 366
1607611440593 0.3616640269756317 367
1607611440720 0.3618432283401489 368
1607611440848 0.3614442050457001 369
1607611440973 0.3617290258407593 370
1607611441113 0.361637145280838 371
1607611441257 0.3620578646659851 372
1607611441390 0.3623351454734802 373
1607611441517 0.3624947667121887 374
1607611441642 0.3626989424228668 375
1607611441770 0.3623390197753906 376
1607611441915 0.36226311326026917 377
1607611442059 0.3619764447212219 378
1607611442196 0.3614746332168579 379
1607611442358 0.36173930764198303 380
1607611442515 0.3611549437046051 381
1607611442674 0.36152181029319763 382
1607611442836 0.36133337020874023 383
1607611442975 0.3616289496421814 384
1607611443133 0.36170467734336853 385
1607611443261 0.36144423484802246 386
1607611443382 0.36188891530036926 387
1607611443506 0.36166054010391235 388
1607611443643 0.36175933480262756 389
1607611443772 0.3620279133319855 390
1607611443900 0.36229345202445984 391
1607611444040 0.3625614047050476 392
1607611444159 0.3629513382911682 393
1607611444281 0.3630109131336212 394
1607611444402 0.36284101009368896 395
1607611444519 0.3626381754875183 396
1607611444639 0.36140674352645874 397
1607611444764 0.3605632185935974 398
1607611444886 0.3598034381866455 399
1607611445009 0.3595876693725586 400
1607611445137 0.3593904972076416 401
1607611445256 0.35945379734039307 402
1607611445377 0.35972869396209717 403
1607611445509 0.3599395155906677 404
1607611445634 0.3609076738357544 405
1607611445763 0.36099401116371155 406
1607611445889 0.3618648052215576 407
1607611446011 0.3617638647556305 408
1607611446134 0.3622834086418152 409
1607611446256 0.36166998744010925 410
1607611446382 0.3619324266910553 411
1607611446504 0.3612564504146576 412
1607611446635 0.36140286922454834 413
1607611446757 0.36053311824798584 414
1607611446876 0.35989058017730713 415
1607611447009 0.3595753312110901 416
1607611447133 0.3590269982814789 417
1607611447256 0.35900646448135376 418
1607611447379 0.3587163984775543 419
1607611447499 0.3590507507324219 420
1607611447624 0.3591175675392151 421
1607611447762 0.35994356870651245 422
1607611447892 0.3601453900337219 423
1607611448012 0.36178216338157654 424
1607611448136 0.3617258369922638 425
1607611448257 0.36233317852020264 426
1607611448399 0.3620181083679199 427
1607611448535 0.3617118000984192 428
1607611448663 0.3611559569835663 429
1607611448787 0.3602810204029083 430
1607611448911 0.35988274216651917 431
1607611449050 0.3592376708984375 432
1607611449176 0.35898932814598083 433
1607611449305 0.35881564021110535 434
1607611449433 0.35849320888519287 435
1607611449555 0.3589339554309845 436
1607611449695 0.3586752116680145 437
1607611449819 0.3593297004699707 438
1607611449938 0.35961446166038513 439
1607611450061 0.36005106568336487 440
1607611450181 0.36029255390167236 441
1607611450324 0.36064615845680237 442
1607611450457 0.36024051904678345 443
1607611450581 0.36042889952659607 444
1607611450704 0.35962632298469543 445
1607611450829 0.359578013420105 446
1607611450971 0.35903698205947876 447
1607611451102 0.3589394688606262 448
1607611451227 0.35895267128944397 449
1607611451359 0.35913267731666565 450
1607611451483 0.359815776348114 451
1607611451629 0.36003753542900085 452
1607611451760 0.36064401268959045 453
1607611451886 0.36051031947135925 454
1607611452015 0.3606571853160858 455
1607611452138 0.3601647913455963 456
1607611452278 0.3598947823047638 457
1607611452402 0.3593575954437256 458
1607611452523 0.3590337634086609 459
1607611452640 0.35870361328125 460
1607611452795 0.35837963223457336 461
1607611452934 0.3585604727268219 462
1607611453091 0.35862600803375244 463
1607611453230 0.358699768781662 464
1607611453358 0.3591858446598053 465
1607611453489 0.35886937379837036 466
1607611453615 0.35933005809783936 467
1607611453743 0.35926851630210876 468
1607611453890 0.35909774899482727 469
1607611454056 0.35924607515335083 470
1607611454215 0.3587774634361267 471
1607611454354 0.35922831296920776 472
1607611454485 0.3589704632759094 473
1607611454611 0.3590559959411621 474
1607611454742 0.35884079337120056 475
1607611454868 0.35849907994270325 476
1607611454992 0.358425110578537 477
1607611455118 0.35829320549964905 478
1607611455253 0.35838302969932556 479
1607611455382 0.35850927233695984 480
1607611455507 0.3587394058704376 481
1607611455636 0.3588780462741852 482
1607611455755 0.35947155952453613 483
1607611455873 0.36011984944343567 484
1607611456000 0.3601117730140686 485
1607611456118 0.36066147685050964 486
1607611456244 0.3597692549228668 487
1607611456370 0.3598313331604004 488
1607611456500 0.3586849570274353 489
1607611456622 0.35822412371635437 490
1607611456745 0.3578336536884308 491
1607611456868 0.3576261103153229 492
1607611456988 0.35763105750083923 493
1607611457109 0.3577456474304199 494
1607611457225 0.3579117953777313 495
1607611457343 0.3584860861301422 496
1607611457470 0.3583737015724182 497
1607611457600 0.3593118190765381 498
1607611457725 0.3594681918621063 499
1607611457844 0.3602144718170166 500
1607611457971 0.35994085669517517 501
1607611458094 0.36045169830322266 502
1607611458216 0.36022812128067017 503
1607611458338 0.36030906438827515 504
1607611458457 0.35984155535697937 505
1607611458592 0.3595036566257477 506
1607611458715 0.3588303327560425 507
1607611458836 0.35857531428337097 508
1607611458954 0.3581123948097229 509
1607611459093 0.35830357670783997 510
1607611459224 0.35864710807800293 511
1607611459342 0.3585362136363983 512
1607611459462 0.35928088426589966 513
1607611459588 0.3589056730270386 514
1607611459724 0.3595339059829712 515
1607611459844 0.35912781953811646 516
1607611459970 0.35881805419921875 517
1607611460109 0.3582952320575714 518
1607611460240 0.3580268323421478 519
1607611460358 0.3578059673309326 520
1607611460479 0.35772356390953064 521
1607611460613 0.35770881175994873 522
1607611460745 0.35784322023391724 523
1607611460870 0.3580407202243805 524
1607611460993 0.3579619526863098 525
1607611461117 0.3583478331565857 526
1607611461263 0.35801342129707336 527
1607611461389 0.3577883541584015 528
1607611461515 0.35753631591796875 529
1607611461641 0.3574131429195404 530
1607611461761 0.35722875595092773 531
1607611461899 0.357282429933548 532
1607611462029 0.35709190368652344 533
1607611462146 0.3572831451892853 534
1607611462264 0.3573850691318512 535
1607611462389 0.35744529962539673 536
1607611462527 0.35766658186912537 537
1607611462655 0.35757890343666077 538
1607611462774 0.3578017055988312 539
1607611462893 0.35793057084083557 540
1607611463015 0.35793066024780273 541
1607611463164 0.35758084058761597 542
1607611463291 0.3577260673046112 543
1607611463412 0.3574027419090271 544
1607611463536 0.35735973715782166 545
1607611463658 0.35734933614730835 546
1607611463792 0.3574920892715454 547
1607611463920 0.35811400413513184 548
1607611464046 0.35824915766716003 549
1607611464205 0.3588131070137024 550
1607611464353 0.3587754964828491 551
1607611464491 0.3588102459907532 552
1607611464624 0.3581870496273041 553
1607611464751 0.357757568359375 554
1607611464909 0.3570123612880707 555
1607611465055 0.3566083312034607 556
1607611465183 0.3562270402908325 557
1607611465307 0.3558076322078705 558
1607611465434 0.35618507862091064 559
1607611465563 0.3564310371875763 560
1607611465686 0.3571957051753998 561
1607611465815 0.3584611117839813 562
1607611465949 0.35898080468177795 563
1607611466077 0.3603385090827942 564
1607611466201 0.361031174659729 565
1607611466331 0.36072736978530884 566
1607611466456 0.3601383864879608 567
1607611466575 0.3589622974395752 568
1607611466705 0.35813799500465393 569
1607611466829 0.3571126163005829 570
1607611466952 0.3560939431190491 571
1607611467075 0.3555731475353241 572
1607611467201 0.355027437210083 573
1607611467321 0.35480058193206787 574
1607611467443 0.35459861159324646 575
1607611467565 0.35492128133773804 576
1607611467681 0.35507580637931824 577
1607611467804 0.3556654155254364 578
1607611468099 0.3565236032009125 579
1607611468223 0.3576872646808624 580
1607611468348 0.3583469092845917 581
1607611468469 0.35962238907814026 582
1607611468596 0.35947296023368835 583
1607611468729 0.35943764448165894 584
1607611468852 0.35881927609443665 585
1607611468975 0.3578357398509979 586
1607611469100 0.3571065664291382 587
1607611469224 0.3563115894794464 588
1607611469350 0.3561580777168274 589
1607611469480 0.3557130992412567 590
1607611469604 0.355759859085083 591
1607611469725 0.355597585439682 592
1607611469843 0.3563585877418518 593
1607611469982 0.3563992977142334 594
1607611470108 0.3577849864959717 595
1607611470225 0.3579622507095337 596
1607611470347 0.35875067114830017 597
1607611470495 0.3584001660346985 598
1607611470626 0.35840776562690735 599
1607611470746 0.3575104773044586 600
1607611470864 0.3566422164440155 601
1607611470986 0.3557213544845581 602
1607611471128 0.35504308342933655 603
1607611471259 0.3546830117702484 604
1607611471383 0.35423117876052856 605
1607611471509 0.35451778769493103 606
1607611471638 0.3543950915336609 607
1607611471779 0.354838490486145 608
1607611471902 0.35528552532196045 609
1607611472030 0.3558391332626343 610
1607611472162 0.35648083686828613 611
1607611472288 0.3574829697608948 612
1607611472432 0.3582533299922943 613
1607611472561 0.35914716124534607 614
1607611472681 0.35925379395484924 615
1607611472807 0.35931196808815 616
1607611472930 0.3588603734970093 617
1607611473069 0.3584401309490204 618
1607611473195 0.3580189645290375 619
1607611473325 0.3568921685218811 620
1607611473454 0.35656189918518066 621
1607611473580 0.35601258277893066 622
1607611473730 0.35588547587394714 623
1607611473855 0.3556899428367615 624
1607611473973 0.3553893268108368 625
1607611474089 0.3556358814239502 626
1607611474204 0.35589829087257385 627
1607611474345 0.3558746874332428 628
1607611474480 0.3560493588447571 629
1607611474604 0.35606467723846436 630
1607611474728 0.3560697138309479 631
1607611474852 0.35584941506385803 632
1607611474990 0.35586804151535034 633
1607611475138 0.35568976402282715 634
1607611475303 0.3559756875038147 635
1607611475441 0.35560497641563416 636
1607611475603 0.35611021518707275 637
1607611475735 0.3559184968471527 638
1607611475868 0.356471985578537 639
1607611475997 0.35661938786506653 640
1607611476157 0.35706833004951477 641
1607611476282 0.3574703633785248 642
1607611476412 0.3570531904697418 643
1607611476542 0.3571094870567322 644
1607611476666 0.35671713948249817 645
1607611476789 0.3563997745513916 646
1607611476916 0.3555589020252228 647
1607611477041 0.35527822375297546 648
1607611477166 0.354813814163208 649
1607611477284 0.3548557162284851 650
1607611477402 0.3543258309364319 651
1607611477522 0.3545423448085785 652
1607611477641 0.3545294404029846 653
1607611477764 0.3549099862575531 654
1607611477883 0.3555420935153961 655
1607611478015 0.356044203042984 656
1607611478134 0.35632002353668213 657
1607611478259 0.3569847345352173 658
1607611478383 0.3570549786090851 659
1607611478505 0.35747960209846497 660
1607611478627 0.35711178183555603 661
1607611478749 0.35683515667915344 662
1607611478869 0.35636308789253235 663
1607611478988 0.3564807176589966 664
1607611479111 0.35628440976142883 665
1607611479232 0.35650256276130676 666
1607611479351 0.3561968207359314 667
1607611479473 0.35594624280929565 668
1607611479591 0.355756014585495 669
1607611479711 0.35585328936576843 670
1607611479834 0.3554964065551758 671
1607611479959 0.355824738740921 672
1607611480079 0.355686217546463 673
1607611480225 0.35584262013435364 674
1607611480353 0.35637950897216797 675
1607611480472 0.35616376996040344 676
1607611480592 0.3564330041408539 677
1607611480724 0.3563787639141083 678
1607611480879 0.356193870306015 679
1607611481009 0.3561148941516876 680
1607611481126 0.3556467294692993 681
1607611481252 0.35538509488105774 682
1607611481417 0.3553543984889984 683
1607611481546 0.35516831278800964 684
1607611481666 0.35519540309906006 685
1607611481787 0.3551180362701416 686
1607611481912 0.3555868864059448 687
1607611482043 0.3553086221218109 688
1607611482166 0.35574543476104736 689
1607611482288 0.3552180528640747 690
1607611482410 0.3553750813007355 691
1607611482570 0.354613721370697 692
1607611482704 0.3544866740703583 693
1607611482825 0.3539256751537323 694
1607611482947 0.35402342677116394 695
1607611483068 0.35388365387916565 696
1607611483212 0.3540870249271393 697
1607611483342 0.3545475900173187 698
1607611483473 0.3551182150840759 699
1607611483598 0.35574838519096375 700
1607611483749 0.35584062337875366 701
1607611483882 0.35630854964256287 702
1607611484005 0.356425404548645 703
1607611484128 0.3563852608203888 704
1607611484255 0.35663679242134094 705
1607611484402 0.3562864065170288 706
1607611484530 0.3567037284374237 707
1607611484649 0.3562504053115845 708
1607611484775 0.3565652668476105 709
1607611484905 0.3558911383152008 710
1607611485055 0.35559695959091187 711
1607611485184 0.35492825508117676 712
1607611485315 0.35499632358551025 713
1607611485434 0.35438740253448486 714
1607611485558 0.35456132888793945 715
1607611485700 0.3546815514564514 716
1607611485858 0.3552393317222595 717
1607611486019 0.3559176027774811 718
1607611486177 0.3565188944339752 719
1607611486336 0.3562411963939667 720
1607611486463 0.3559354543685913 721
1607611486616 0.3553153872489929 722
1607611486745 0.3548416793346405 723
1607611486875 0.3543166220188141 724
1607611487001 0.3537110388278961 725
1607611487124 0.3535184860229492 726
1607611487248 0.35389912128448486 727
1607611487376 0.3542057275772095 728
1607611487498 0.35553473234176636 729
1607611487622 0.3564235270023346 730
1607611487745 0.35745781660079956 731
1607611487867 0.3580828607082367 732
1607611487985 0.3581867218017578 733
1607611488104 0.35756373405456543 734
1607611488228 0.35674136877059937 735
1607611488350 0.35571905970573425 736
1607611488484 0.35502564907073975 737
1607611488607 0.35448330640792847 738
1607611488735 0.354173481464386 739
1607611488857 0.3538529872894287 740
1607611488982 0.3538646101951599 741
1607611489108 0.35365012288093567 742
1607611489227 0.3538166284561157 743
1607611489347 0.35373184084892273 744
1607611489468 0.35389697551727295 745
1607611489596 0.3539249897003174 746
1607611489719 0.35390034317970276 747
1607611489851 0.35457783937454224 748
1607611489972 0.3547697961330414 749
1607611490089 0.3558165729045868 750
1607611490210 0.35698774456977844 751
1607611490336 0.35717684030532837 752
1607611490462 0.35884782671928406 753
1607611490581 0.3578130304813385 754
1607611490707 0.3575858771800995 755
1607611490830 0.3562541604042053 756
1607611490959 0.3553532660007477 757
1607611491102 0.35453739762306213 758
1607611491231 0.3534192144870758 759
1607611491350 0.353136271238327 760
1607611491470 0.35273224115371704 761
1607611491589 0.35276705026626587 762
1607611491728 0.35283949971199036 763
1607611491856 0.35304251313209534 764
1607611491979 0.3533797264099121 765
1607611492105 0.35389429330825806 766
1607611492231 0.35425177216529846 767
1607611492358 0.3546532392501831 768
1607611492481 0.3550650179386139 769
1607611492603 0.3550774157047272 770
1607611492724 0.35535040497779846 771
1607611492866 0.355160117149353 772
1607611492997 0.35513198375701904 773
1607611493118 0.35468295216560364 774
1607611493250 0.35498881340026855 775
1607611493375 0.354696124792099 776
1607611493523 0.3555722236633301 777
1607611493655 0.3558615446090698 778
1607611493776 0.355877548456192 779
1607611493898 0.3561621606349945 780
1607611494023 0.35572516918182373 781
1607611494170 0.3554297387599945 782
1607611494293 0.35471823811531067 783
1607611494415 0.3538225293159485 784
1607611494539 0.3532447814941406 785
1607611494683 0.35289138555526733 786
1607611494809 0.3527408540248871 787
1607611494930 0.35282102227211 788
1607611495051 0.353054016828537 789
1607611495199 0.3532404601573944 790
1607611495345 0.3540380895137787 791
1607611495490 0.35456106066703796 792
1607611495645 0.3551722764968872 793
1607611495799 0.35546430945396423 794
1607611495928 0.3553832471370697 795
1607611496059 0.3553805649280548 796
1607611496186 0.3546934127807617 797
1607611496314 0.3544809818267822 798
1607611496470 0.3535069525241852 799
1607611496629 0.3531441390514374 800
1607611496794 0.3526511788368225 801
1607611496938 0.3525257706642151 802
1607611497081 0.3521959185600281 803
1607611497234 0.352170467376709 804
1607611497362 0.35240355134010315 805
1607611497498 0.35269665718078613 806
1607611497655 0.35299748182296753 807
1607611497819 0.3534197211265564 808
1607611497957 0.35385221242904663 809
1607611498080 0.3544551730155945 810
1607611498204 0.3542860150337219 811
1607611498325 0.3548954427242279 812
1607611498449 0.3543080687522888 813
1607611498578 0.35434454679489136 814
1607611498709 0.3538246750831604 815
1607611498835 0.35391950607299805 816
1607611498954 0.35399946570396423 817
1607611499076 0.35378172993659973 818
1607611499196 0.3542073965072632 819
1607611499319 0.35452792048454285 820
1607611499444 0.35499703884124756 821
1607611499570 0.3553118109703064 822
1607611499692 0.35516202449798584 823
1607611499813 0.35523906350135803 824
1607611499932 0.35465431213378906 825
1607611500061 0.35463884472846985 826
1607611500197 0.3542369604110718 827
1607611500320 0.35402849316596985 828
1607611500446 0.3540036678314209 829
1607611500571 0.35373935103416443 830
1607611500689 0.35397017002105713 831
1607611500807 0.35404935479164124 832
1607611500933 0.3540913462638855 833
1607611501063 0.35460492968559265 834
1607611501185 0.35442155599594116 835
1607611501316 0.3551482558250427 836
1607611501448 0.35485929250717163 837
1607611501576 0.35522618889808655 838
1607611501696 0.35500118136405945 839
1607611501821 0.35532835125923157 840
1607611501943 0.3549667298793793 841
1607611502070 0.35483720898628235 842
1607611502194 0.35455477237701416 843
1607611502320 0.354171484708786 844
1607611502483 0.3537696599960327 845
1607611502658 0.35320860147476196 846
1607611502856 0.3532413840293884 847
1607611503012 0.352860689163208 848
1607611503164 0.35263943672180176 849
1607611503307 0.35249072313308716 850
1607611503457 0.3524850010871887 851
1607611503600 0.3526704013347626 852
1607611503733 0.352914959192276 853
1607611503885 0.35315272212028503 854
1607611504058 0.3532901704311371 855
1607611504207 0.3540654480457306 856
1607611504335 0.35384657979011536 857
1607611504457 0.3546387255191803 858
1607611504595 0.3542298674583435 859
1607611504740 0.3542618155479431 860
1607611504881 0.3538787364959717 861
1607611505024 0.35400572419166565 862
1607611505166 0.35368046164512634 863
1607611505298 0.3536635935306549 864
1607611505421 0.3530994653701782 865
1607611505553 0.353330135345459 866
1607611505686 0.35254502296447754 867
1607611505806 0.35301560163497925 868
1607611505922 0.352571964263916 869
1607611506040 0.3527424931526184 870
1607611506162 0.35259339213371277 871
1607611506289 0.3523781895637512 872
1607611506411 0.3532858192920685 873
1607611506540 0.35343167185783386 874
1607611506660 0.35389620065689087 875
1607611506787 0.35391145944595337 876
1607611506911 0.35359543561935425 877
1607611507029 0.3542178273200989 878
1607611507146 0.3538171947002411 879
1607611507265 0.3541911244392395 880
1607611507395 0.3538364768028259 881
1607611507523 0.3540065586566925 882
1607611507653 0.3538375198841095 883
1607611507774 0.35348793864250183 884
1607611507907 0.35367482900619507 885
1607611508026 0.353160560131073 886
1607611508146 0.3537733852863312 887
1607611508264 0.3536643981933594 888
1607611508387 0.3542379140853882 889
1607611508512 0.3543596565723419 890
1607611508633 0.3547564744949341 891
1607611508754 0.35451287031173706 892
1607611508879 0.3545322120189667 893
1607611508997 0.35369494557380676 894
1607611509118 0.3531581163406372 895
1607611509239 0.3525261878967285 896
1607611509363 0.3520241379737854 897
1607611509486 0.35170790553092957 898
1607611509612 0.35185524821281433 899
1607611509735 0.3518076241016388 900
1607611509856 0.3528178036212921 901
1607611509981 0.35285502672195435 902
1607611510107 0.3540022671222687 903
1607611510227 0.35418182611465454 904
1607611510351 0.35506054759025574 905
1607611510469 0.35478755831718445 906
1607611510590 0.3547779619693756 907
1607611510719 0.3543890714645386 908
1607611510842 0.35376691818237305 909
1607611510966 0.3531997501850128 910
1607611511096 0.35249853134155273 911
1607611511219 0.35199928283691406 912
1607611511341 0.35173240303993225 913
1607611511462 0.35155361890792847 914
1607611511584 0.3516571819782257 915
1607611511706 0.3516371250152588 916
1607611511832 0.3522719442844391 917
1607611511957 0.3526700735092163 918
1607611512079 0.35323861241340637 919
1607611512201 0.35368192195892334 920
1607611512321 0.35442137718200684 921
1607611512446 0.3544746935367584 922
1607611512565 0.35485124588012695 923
1607611512685 0.35530638694763184 924
1607611512805 0.35545724630355835 925
1607611512932 0.35592952370643616 926
1607611513052 0.35539984703063965 927
1607611513179 0.3550512194633484 928
1607611513306 0.3540430963039398 929
1607611513432 0.35382792353630066 930
1607611513555 0.3527544140815735 931
1607611513673 0.3524678647518158 932
1607611513791 0.35209763050079346 933
1607611513912 0.35164976119995117 934
1607611514039 0.35225874185562134 935
1607611514157 0.35202011466026306 936
1607611514280 0.3524264097213745 937
1607611514402 0.35310226678848267 938
1607611514544 0.35314953327178955 939
1607611514680 0.35398194193840027 940
1607611514818 0.35426250100135803 941
1607611514973 0.35417503118515015 942
1607611515118 0.35446804761886597 943
1607611515263 0.3535609841346741 944
1607611515419 0.3536842167377472 945
1607611515591 0.3528405725955963 946
1607611515721 0.35270223021507263 947
1607611515849 0.35194888710975647 948
1607611516004 0.35164937376976013 949
1607611516165 0.35137155652046204 950
1607611516292 0.3513166606426239 951
1607611516448 0.351365864276886 952
1607611516606 0.3511827886104584 953
1607611516759 0.3513150215148926 954
1607611516886 0.351300984621048 955
1607611517015 0.35154569149017334 956
1607611517140 0.3518191874027252 957
1607611517264 0.35218578577041626 958
1607611517384 0.3524945378303528 959
1607611517508 0.35364097356796265 960
1607611517633 0.35440582036972046 961
1607611517759 0.3548772633075714 962
1607611517882 0.35553082823753357 963
1607611518016 0.3548634648323059 964
1607611518139 0.35540536046028137 965
1607611518261 0.354068398475647 966
1607611518386 0.35412678122520447 967
1607611518509 0.35326045751571655 968
1607611518629 0.3528696894645691 969
1607611518755 0.3527514934539795 970
1607611518892 0.35223639011383057 971
1607611519023 0.3522234261035919 972
1607611519149 0.3520084321498871 973
1607611519273 0.3517492115497589 974
1607611519393 0.35173341631889343 975
1607611519511 0.3511984646320343 976
1607611519632 0.351624995470047 977
1607611519781 0.35119202733039856 978
1607611519910 0.3515600264072418 979
1607611520067 0.35158443450927734 980
1607611520213 0.35228514671325684 981
1607611520340 0.35232794284820557 982
1607611520467 0.35335615277290344 983
1607611520622 0.3528861999511719 984
1607611520774 0.353878378868103 985
1607611520904 0.3530981242656708 986
1607611521028 0.353415310382843 987
1607611521158 0.3527623414993286 988
1607611521288 0.35243478417396545 989
1607611521407 0.3520927429199219 990
1607611521539 0.35170817375183105 991
1607611521661 0.35174158215522766 992
1607611521784 0.3513857424259186 993
1607611521906 0.35168105363845825 994
1607611522030 0.35133665800094604 995
1607611522160 0.35162270069122314 996
1607611522292 0.3513764441013336 997
1607611522431 0.3516113758087158 998
1607611522561 0.3511906564235687 999
