1607609808429 0.47393980622291565 0
1607609808553 0.46467986702919006 1
1607609808672 0.45690733194351196 2
1607609808796 0.4526650309562683 3
1607609808914 0.4461294710636139 4
1607609809033 0.44244474172592163 5
1607609809158 0.44030261039733887 6
1607609809288 0.43904703855514526 7
1607609809422 0.43844881653785706 8
1607609809547 0.4382537603378296 9
1607609809667 0.43731191754341125 10
1607609809788 0.43555718660354614 11
1607609809903 0.434702605009079 12
1607609810023 0.43427717685699463 13
1607609810144 0.43336308002471924 14
1607609810272 0.4331343472003937 15
1607609810395 0.43209847807884216 16
1607609810514 0.43118056654930115 17
1607609810633 0.43136122822761536 18
1607609810754 0.4311498701572418 19
1607609810881 0.4301186800003052 20
1607609810995 0.4283589720726013 21
1607609811123 0.42649200558662415 22
1607609811247 0.4254777431488037 23
1607609811367 0.4254166781902313 24
1607609811484 0.425836443901062 25
1607609811598 0.4259713590145111 26
1607609811720 0.42471805214881897 27
1607609811839 0.4233535826206207 28
1607609811954 0.4226420521736145 29
1607609812067 0.4220114052295685 30
1607609812182 0.4214898347854614 31
1607609812301 0.42035210132598877 32
1607609812417 0.41920971870422363 33
1607609812534 0.41715744137763977 34
1607609812651 0.415958434343338 35
1607609812770 0.41514959931373596 36
1607609812884 0.41523876786231995 37
1607609813001 0.41572022438049316 38
1607609813115 0.41562291979789734 39
1607609813231 0.4152991771697998 40
1607609813353 0.4137212038040161 41
1607609813474 0.41134607791900635 42
1607609813597 0.4099443852901459 43
1607609813721 0.4090631902217865 44
1607609813841 0.4086311459541321 45
1607609813956 0.40850815176963806 46
1607609814081 0.40864482522010803 47
1607609814193 0.4076685607433319 48
1607609814306 0.40693771839141846 49
1607609814425 0.4059053063392639 50
1607609814544 0.40561410784721375 51
1607609814659 0.40577834844589233 52
1607609814775 0.405653715133667 53
1607609814897 0.4053569436073303 54
1607609815014 0.4041370153427124 55
1607609815134 0.4029282331466675 56
1607609815255 0.40241509675979614 57
1607609815381 0.40194299817085266 58
1607609815501 0.4005386531352997 59
1607609815620 0.40016141533851624 60
1607609815742 0.3988310694694519 61
1607609815864 0.39756104350090027 62
1607609815980 0.39626839756965637 63
1607609816095 0.3959270119667053 64
1607609816215 0.39585909247398376 65
1607609816342 0.3960873782634735 66
1607609816461 0.3960973620414734 67
1607609816589 0.39646777510643005 68
1607609816714 0.3977382779121399 69
1607609816848 0.3968678116798401 70
1607609816985 0.39599111676216125 71
1607609817120 0.3941342532634735 72
1607609817255 0.39235061407089233 73
1607609817395 0.39103126525878906 74
1607609817521 0.39015960693359375 75
1607609817641 0.3897756040096283 76
1607609817776 0.38938015699386597 77
1607609817902 0.38891127705574036 78
1607609818029 0.3887154161930084 79
1607609818153 0.3882947266101837 80
1607609818268 0.38837912678718567 81
1607609818384 0.3885352909564972 82
1607609818514 0.3887404203414917 83
1607609818632 0.3886098563671112 84
1607609818747 0.38822922110557556 85
1607609818880 0.3877677917480469 86
1607609819004 0.38778477907180786 87
1607609819132 0.38791581988334656 88
1607609819249 0.38835200667381287 89
1607609819370 0.3893465995788574 90
1607609819495 0.3894108533859253 91
1607609819616 0.3881199359893799 92
1607609819740 0.3850148320198059 93
1607609819865 0.38360342383384705 94
1607609819991 0.382909893989563 95
1607609820114 0.38308730721473694 96
1607609820242 0.38388824462890625 97
1607609820358 0.38536515831947327 98
1607609820481 0.385501891374588 99
1607609820603 0.38565048575401306 100
1607609820734 0.3849433958530426 101
1607609820858 0.3847038149833679 102
1607609820980 0.38424474000930786 103
1607609821100 0.38252341747283936 104
1607609821240 0.3813600540161133 105
1607609821361 0.38030025362968445 106
1607609821482 0.37990710139274597 107
1607609821598 0.3793759346008301 108
1607609821714 0.37891143560409546 109
1607609821833 0.3793109357357025 110
1607609821949 0.379355251789093 111
1607609822098 0.3796825706958771 112
1607609822232 0.3805958032608032 113
1607609822363 0.3803030550479889 114
1607609822491 0.37994933128356934 115
1607609822605 0.3789339065551758 116
1607609822750 0.3784954249858856 117
1607609822882 0.3783234655857086 118
1607609823011 0.3779021203517914 119
1607609823126 0.37772735953330994 120
1607609823248 0.37782302498817444 121
1607609823379 0.3769891858100891 122
1607609823527 0.3769362270832062 123
1607609823657 0.3771939277648926 124
1607609823777 0.3774084448814392 125
1607609823898 0.3779914081096649 126
1607609824015 0.37717702984809875 127
1607609824152 0.37648722529411316 128
1607609824279 0.37604448199272156 129
1607609824397 0.3755863904953003 130
1607609824532 0.3762489855289459 131
1607609824660 0.3756304383277893 132
1607609824795 0.375519335269928 133
1607609824920 0.375691294670105 134
1607609825047 0.37584617733955383 135
1607609825190 0.3756122589111328 136
1607609825315 0.37435993552207947 137
1607609825430 0.37394893169403076 138
1607609825544 0.37296992540359497 139
1607609825670 0.37327656149864197 140
1607609825938 0.3728201687335968 141
1607609826060 0.3731185495853424 142
1607609826181 0.37379157543182373 143
1607609826296 0.3749765157699585 144
1607609826411 0.37545067071914673 145
1607609826549 0.37635624408721924 146
1607609826681 0.3758670389652252 147
1607609826802 0.37513989210128784 148
1607609826931 0.37448564171791077 149
1607609827058 0.3736264705657959 150
1607609827179 0.3732745349407196 151
1607609827322 0.3735237419605255 152
1607609827470 0.37418413162231445 153
1607609827600 0.37489303946495056 154
1607609827754 0.3741820752620697 155
1607609827909 0.3737161159515381 156
1607609828061 0.3718886077404022 157
1607609828188 0.37158092856407166 158
1607609828325 0.37099340558052063 159
1607609828483 0.37074726819992065 160
1607609828633 0.3709232211112976 161
1607609828756 0.37109288573265076 162
1607609828878 0.3726061284542084 163
1607609829002 0.3725731074810028 164
1607609829140 0.3726136386394501 165
1607609829267 0.37182602286338806 166
1607609829392 0.370882123708725 167
1607609829517 0.36975178122520447 168
1607609829637 0.3688899874687195 169
1607609829757 0.3684859275817871 170
1607609829877 0.36899152398109436 171
1607609829996 0.3697245419025421 172
1607609830125 0.3702702820301056 173
1607609830250 0.3715592324733734 174
1607609830369 0.3729765713214874 175
1607609830487 0.37342363595962524 176
1607609830610 0.37344154715538025 177
1607609830726 0.37200927734375 178
1607609830842 0.37108057737350464 179
1607609830957 0.3696517050266266 180
1607609831073 0.36895620822906494 181
1607609831199 0.36836761236190796 182
1607609831315 0.3682115077972412 183
1607609831435 0.3682701289653778 184
1607609831553 0.3685585856437683 185
1607609831672 0.36929580569267273 186
1607609831788 0.370169460773468 187
1607609831902 0.3699134886264801 188
1607609832018 0.3700927197933197 189
1607609832134 0.3699466586112976 190
1607609832261 0.36942288279533386 191
1607609832384 0.3689342439174652 192
1607609832501 0.36798763275146484 193
1607609832621 0.36798784136772156 194
1607609832736 0.3679990768432617 195
1607609832857 0.3678783178329468 196
1607609832972 0.36801546812057495 197
1607609833109 0.36845603585243225 198
1607609833234 0.36917734146118164 199
1607609833357 0.36933061480522156 200
1607609833481 0.3702903389930725 201
1607609833599 0.369010865688324 202
1607609833744 0.36900511384010315 203
1607609833868 0.36770710349082947 204
1607609833994 0.36768579483032227 205
1607609834116 0.36681902408599854 206
1607609834233 0.3668961822986603 207
1607609834369 0.3662256896495819 208
1607609834498 0.3663199543952942 209
1607609834617 0.3666004538536072 210
1607609834734 0.3669240474700928 211
1607609834853 0.3676270544528961 212
1607609834991 0.3675016164779663 213
1607609835111 0.3672958016395569 214
1607609835233 0.3674977123737335 215
1607609835369 0.3673056662082672 216
1607609835484 0.36748725175857544 217
1607609835622 0.3664700984954834 218
1607609835745 0.36663758754730225 219
1607609835864 0.3657555878162384 220
1607609835978 0.36560767889022827 221
1607609836116 0.3655615448951721 222
1607609836240 0.36530473828315735 223
1607609836360 0.3654216527938843 224
1607609836478 0.3654952347278595 225
1607609836601 0.3657309412956238 226
1607609836747 0.3658415675163269 227
1607609836867 0.36610525846481323 228
1607609836986 0.3661840558052063 229
1607609837106 0.3672301769256592 230
1607609837241 0.3673323690891266 231
1607609837372 0.3669683635234833 232
1607609837489 0.3669384717941284 233
1607609837610 0.3664245903491974 234
1607609837723 0.36666691303253174 235
1607609837862 0.3659111559391022 236
1607609837987 0.3653639554977417 237
1607609838106 0.3649097681045532 238
1607609838222 0.36454617977142334 239
1607609838349 0.36406007409095764 240
1607609838500 0.36385664343833923 241
1607609838647 0.36395177245140076 242
1607609838780 0.36460167169570923 243
1607609838903 0.3649649918079376 244
1607609839058 0.36524346470832825 245
1607609839181 0.36649006605148315 246
1607609839313 0.36617782711982727 247
1607609839441 0.3666614294052124 248
1607609839573 0.36653539538383484 249
1607609839696 0.3655537962913513 250
1607609839812 0.36527544260025024 251
1607609839926 0.3643525540828705 252
1607609840042 0.36420077085494995 253
1607609840168 0.3646564483642578 254
1607609840287 0.3643752336502075 255
1607609840407 0.3651503622531891 256
1607609840526 0.36543571949005127 257
1607609840645 0.36603134870529175 258
1607609840766 0.36749207973480225 259
1607609840882 0.3675001859664917 260
1607609841004 0.36724478006362915 261
1607609841119 0.3657914996147156 262
1607609841241 0.3650621473789215 263
1607609841356 0.3644179403781891 264
1607609841473 0.3636537790298462 265
1607609841588 0.362958699464798 266
1607609841705 0.36281558871269226 267
1607609841820 0.36265063285827637 268
1607609841934 0.362698495388031 269
1607609842150 0.3629450500011444 270
1607609842273 0.3632136583328247 271
1607609842404 0.3643673062324524 272
1607609842531 0.3642365336418152 273
1607609842648 0.3641931414604187 274
1607609842766 0.3637496531009674 275
1607609842893 0.36354488134384155 276
1607609843020 0.3632233142852783 277
1607609843144 0.3629588782787323 278
1607609843269 0.36297696828842163 279
1607609843390 0.36312997341156006 280
1607609843519 0.3629707396030426 281
1607609843648 0.3625890016555786 282
1607609843769 0.3627249598503113 283
1607609843915 0.36275213956832886 284
1607609844046 0.36268743872642517 285
1607609844173 0.36268264055252075 286
1607609844293 0.36280667781829834 287
1607609844414 0.3631804883480072 288
1607609844548 0.3645990788936615 289
1607609844674 0.36443376541137695 290
1607609844800 0.3649795949459076 291
1607609844920 0.3640141189098358 292
1607609845060 0.364393413066864 293
1607609845183 0.3638077974319458 294
1607609845302 0.3633221983909607 295
1607609845415 0.3624347746372223 296
1607609845532 0.362428218126297 297
1607609845664 0.3623141944408417 298
1607609845789 0.3622952699661255 299
1607609845907 0.3623524308204651 300
1607609846022 0.36231744289398193 301
1607609846139 0.36228543519973755 302
1607609846272 0.36212462186813354 303
1607609846391 0.36219802498817444 304
1607609846511 0.3619461953639984 305
1607609846627 0.3618833124637604 306
1607609846751 0.36138901114463806 307
1607609846902 0.3615204393863678 308
1607609847033 0.3619588017463684 309
1607609847166 0.36144185066223145 310
1607609847288 0.3619116544723511 311
1607609847416 0.36125126481056213 312
1607609847556 0.3614339828491211 313
1607609847686 0.36089056730270386 314
1607609847807 0.360709011554718 315
1607609847927 0.360197514295578 316
1607609848059 0.3602597713470459 317
1607609848200 0.36044976115226746 318
1607609848328 0.36060503125190735 319
1607609848457 0.36125609278678894 320
1607609848579 0.36187222599983215 321
1607609848702 0.3628987967967987 322
1607609848842 0.36401548981666565 323
1607609848974 0.3642212748527527 324
1607609849091 0.3634021580219269 325
1607609849225 0.36305001378059387 326
1607609849347 0.3621862232685089 327
1607609849491 0.3616180419921875 328
1607609849636 0.36140280961990356 329
1607609849793 0.3603885769844055 330
1607609849950 0.360908567905426 331
1607609850076 0.36097094416618347 332
1607609850229 0.3614201843738556 333
1607609850352 0.3621084690093994 334
1607609850486 0.3620947599411011 335
1607609850615 0.36242419481277466 336
1607609850747 0.3623083829879761 337
1607609850878 0.3619096875190735 338
1607609850998 0.36203187704086304 339
1607609851125 0.3611730635166168 340
1607609851250 0.3608267605304718 341
1607609851368 0.3604462444782257 342
1607609851487 0.36025235056877136 343
1607609851623 0.3601878583431244 344
1607609851747 0.36024123430252075 345
1607609851871 0.36040979623794556 346
1607609851987 0.36016714572906494 347
1607609852114 0.3603574335575104 348
1607609852236 0.3601556122303009 349
1607609852355 0.36062029004096985 350
1607609852474 0.3603720963001251 351
1607609852590 0.3605283498764038 352
1607609852711 0.36099037528038025 353
1607609852835 0.36135080456733704 354
1607609852960 0.3619840741157532 355
1607609853079 0.3622261881828308 356
1607609853201 0.3622038960456848 357
1607609853329 0.36150088906288147 358
1607609853448 0.36104443669319153 359
1607609853573 0.36033472418785095 360
1607609853696 0.35968372225761414 361
1607609853829 0.3587941825389862 362
1607609853953 0.35828548669815063 363
1607609854078 0.3577972650527954 364
1607609854208 0.3578401207923889 365
1607609854334 0.3581663966178894 366
1607609854459 0.3587940037250519 367
1607609854581 0.3599589169025421 368
1607609854697 0.3605878949165344 369
1607609854833 0.3618791699409485 370
1607609854964 0.3622865676879883 371
1607609855083 0.3625921607017517 372
1607609855201 0.3612739145755768 373
1607609855322 0.36074987053871155 374
1607609855463 0.35971617698669434 375
1607609855588 0.35966044664382935 376
1607609855709 0.35909125208854675 377
1607609855826 0.35894259810447693 378
1607609855951 0.35867416858673096 379
1607609856102 0.358670175075531 380
1607609856230 0.3587148189544678 381
1607609856356 0.35872894525527954 382
1607609856486 0.358913391828537 383
1607609856615 0.3586384952068329 384
1607609856755 0.35918086767196655 385
1607609856882 0.3590162396430969 386
1607609857002 0.36018699407577515 387
1607609857126 0.36024582386016846 388
1607609857261 0.36024510860443115 389
1607609857409 0.3602781891822815 390
1607609857535 0.35995206236839294 391
1607609857654 0.3600231111049652 392
1607609857769 0.35933053493499756 393
1607609857883 0.3589998781681061 394
1607609858017 0.3587571084499359 395
1607609858143 0.35857531428337097 396
1607609858260 0.35839614272117615 397
1607609858380 0.358919620513916 398
1607609858497 0.35932570695877075 399
1607609858632 0.3599717319011688 400
1607609858754 0.36029765009880066 401
1607609858875 0.36056390404701233 402
1607609858994 0.3610506057739258 403
1607609859111 0.36058008670806885 404
1607609859247 0.3604351580142975 405
1607609859375 0.35998162627220154 406
1607609859498 0.3590548038482666 407
1607609859613 0.35854941606521606 408
1607609859731 0.3579302728176117 409
1607609859869 0.358153760433197 410
1607609860012 0.3582310080528259 411
1607609860136 0.3581863045692444 412
1607609860258 0.35861915349960327 413
1607609860382 0.3587356209754944 414
1607609860510 0.35902780294418335 415
1607609860664 0.35994628071784973 416
1607609860819 0.3595082461833954 417
1607609860974 0.3597956597805023 418
1607609861132 0.35954126715660095 419
1607609861262 0.3595377206802368 420
1607609861383 0.35950949788093567 421
1607609861507 0.3588739037513733 422
1607609861627 0.3585435748100281 423
1607609861753 0.3577100336551666 424
1607609861879 0.3570995628833771 425
1607609862002 0.3570616841316223 426
1607609862125 0.35671544075012207 427
1607609862249 0.35697636008262634 428
1607609862374 0.35731884837150574 429
1607609862498 0.35798490047454834 430
1607609862616 0.3586122989654541 431
1607609862736 0.359483927488327 432
1607609862858 0.3595377206802368 433
1607609862985 0.36017531156539917 434
1607609863102 0.3595266342163086 435
1607609863227 0.3592578172683716 436
1607609863358 0.3582838475704193 437
1607609863479 0.3579155206680298 438
1607609863600 0.3576279878616333 439
1607609863721 0.3574594557285309 440
1607609863838 0.35740891098976135 441
1607609863954 0.357451856136322 442
1607609864078 0.3570224344730377 443
1607609864197 0.3574256896972656 444
1607609864316 0.3573041558265686 445
1607609864439 0.357634037733078 446
1607609864570 0.3571963906288147 447
1607609864691 0.35705310106277466 448
1607609864814 0.3570457994937897 449
1607609864936 0.35711240768432617 450
1607609865052 0.35735687613487244 451
1607609865185 0.35734114050865173 452
1607609865309 0.3577587902545929 453
1607609865436 0.3583083152770996 454
1607609865587 0.3586293160915375 455
1607609865715 0.3589349389076233 456
1607609865839 0.3588126301765442 457
1607609865965 0.3584161698818207 458
1607609866084 0.35797610878944397 459
1607609866233 0.3580223619937897 460
1607609866373 0.35762819647789 461
1607609866494 0.3576774001121521 462
1607609866613 0.35726800560951233 463
1607609866735 0.3572651445865631 464
1607609866882 0.35697510838508606 465
1607609867010 0.35695314407348633 466
1607609867129 0.35724547505378723 467
1607609867247 0.3570363521575928 468
1607609867370 0.3571556806564331 469
1607609867525 0.35672059655189514 470
1607609867657 0.3569243550300598 471
1607609867786 0.35675424337387085 472
1607609867911 0.3569263219833374 473
1607609868032 0.3573440909385681 474
1607609868175 0.3572022020816803 475
1607609868302 0.3576498031616211 476
1607609868425 0.3575717806816101 477
1607609868549 0.3576579689979553 478
1607609868676 0.35844558477401733 479
1607609868825 0.3581947684288025 480
1607609868957 0.35787251591682434 481
1607609869086 0.3575681447982788 482
1607609869210 0.3569948673248291 483
1607609869346 0.3573414981365204 484
1607609869494 0.356759250164032 485
1607609869618 0.3563782870769501 486
1607609869734 0.3564431071281433 487
1607609869855 0.3559012711048126 488
1607609869971 0.35618501901626587 489
1607609870113 0.3560454249382019 490
1607609870237 0.3562624454498291 491
1607609870358 0.3562067449092865 492
1607609870481 0.356478214263916 493
1607609870605 0.35641083121299744 494
1607609870744 0.35714852809906006 495
1607609870898 0.357094943523407 496
1607609871057 0.35750263929367065 497
1607609871207 0.3574848175048828 498
1607609871360 0.3573184609413147 499
1607609871517 0.3569548726081848 500
1607609871675 0.35636934638023376 501
1607609871802 0.3562310039997101 502
1607609871923 0.35569366812705994 503
1607609872056 0.3553822636604309 504
1607609872174 0.35544297099113464 505
1607609872298 0.3554917573928833 506
1607609872438 0.35587382316589355 507
1607609872558 0.35614922642707825 508
1607609872679 0.35691341757774353 509
1607609872800 0.3573726713657379 510
1607609872924 0.3580719232559204 511
1607609873041 0.3576849699020386 512
1607609873157 0.3585621118545532 513
1607609873271 0.3582955300807953 514
1607609873394 0.35826408863067627 515
1607609873513 0.3576558232307434 516
1607609873637 0.35720744729042053 517
1607609873759 0.3570999801158905 518
1607609873883 0.35644644498825073 519
1607609873999 0.3558829724788666 520
1607609874115 0.35550838708877563 521
1607609874234 0.35528165102005005 522
1607609874351 0.3550902307033539 523
1607609874475 0.35516807436943054 524
1607609874609 0.3552994430065155 525
1607609874729 0.355705589056015 526
1607609874852 0.3560065031051636 527
1607609874967 0.3561896085739136 528
1607609875087 0.3568171560764313 529
1607609875204 0.3567810654640198 530
1607609875326 0.35652923583984375 531
1607609875443 0.35566070675849915 532
1607609875566 0.3555053174495697 533
1607609875687 0.35506388545036316 534
1607609875806 0.3544901907444 535
1607609875926 0.35405078530311584 536
1607609876048 0.35365861654281616 537
1607609876189 0.3538875877857208 538
1607609876309 0.3538845479488373 539
1607609876442 0.35423770546913147 540
1607609876570 0.3543425500392914 541
1607609876694 0.35502636432647705 542
1607609876816 0.3552979528903961 543
1607609876938 0.3568095862865448 544
1607609877082 0.3569180965423584 545
1607609877208 0.35751107335090637 546
1607609877328 0.3572348654270172 547
1607609877451 0.3573749363422394 548
1607609877569 0.35718560218811035 549
1607609877706 0.3564702570438385 550
1607609877844 0.35684671998023987 551
1607609877969 0.3567807376384735 552
1607609878093 0.35657164454460144 553
1607609878223 0.3565045893192291 554
1607609878364 0.3561623990535736 555
1607609878495 0.35694780945777893 556
1607609878615 0.35615628957748413 557
1607609878740 0.35645678639411926 558
1607609878858 0.355735719203949 559
1607609879003 0.35647153854370117 560
1607609879127 0.35585474967956543 561
1607609879246 0.35564154386520386 562
1607609879366 0.35610729455947876 563
1607609879487 0.3557690978050232 564
1607609879625 0.35611721873283386 565
1607609879778 0.3556007146835327 566
1607609879895 0.35578653216362 567
1607609880010 0.3558734953403473 568
1607609880139 0.35568973422050476 569
1607609880277 0.3555128872394562 570
1607609880408 0.35478606820106506 571
1607609880529 0.35500237345695496 572
1607609880654 0.35511457920074463 573
1607609880771 0.3555785119533539 574
1607609880908 0.35519275069236755 575
1607609881026 0.355496883392334 576
1607609881143 0.3553958833217621 577
1607609881267 0.3558619022369385 578
1607609881555 0.3557778596878052 579
1607609881699 0.35548919439315796 580
1607609881836 0.3552546799182892 581
1607609881956 0.3552308976650238 582
1607609882086 0.35518375039100647 583
1607609882204 0.3553515374660492 584
1607609882321 0.35465675592422485 585
1607609882446 0.35473987460136414 586
1607609882578 0.3544888198375702 587
1607609882698 0.35454413294792175 588
1607609882824 0.35461437702178955 589
1607609882953 0.3547896146774292 590
1607609883070 0.35524412989616394 591
1607609883183 0.35538485646247864 592
1607609883297 0.35559719800949097 593
1607609883414 0.35546204447746277 594
1607609883535 0.35598260164260864 595
1607609883651 0.35551419854164124 596
1607609883765 0.3548838496208191 597
1607609883882 0.3547223210334778 598
1607609883999 0.3546028733253479 599
1607609884118 0.35497426986694336 600
1607609884236 0.3548692464828491 601
1607609884355 0.3550403416156769 602
1607609884474 0.3555046021938324 603
1607609884587 0.3556903898715973 604
1607609884703 0.3562101721763611 605
1607609884817 0.3561927378177643 606
1607609884932 0.35592222213745117 607
1607609885053 0.3556864857673645 608
1607609885174 0.3553462028503418 609
1607609885289 0.3550877869129181 610
1607609885411 0.3545178472995758 611
1607609885527 0.3540840148925781 612
1607609885643 0.3538416922092438 613
1607609885758 0.35393956303596497 614
1607609885877 0.3537854552268982 615
1607609885994 0.3535526692867279 616
1607609886108 0.3536401391029358 617
1607609886225 0.35381269454956055 618
1607609886345 0.3537892699241638 619
1607609886467 0.35429847240448 620
1607609886586 0.35423827171325684 621
1607609886703 0.35447901487350464 622
1607609886823 0.35459017753601074 623
1607609886940 0.3542534112930298 624
1607609887064 0.3542190492153168 625
1607609887186 0.3541567325592041 626
1607609887301 0.35429108142852783 627
1607609887414 0.35450950264930725 628
1607609887532 0.3545515537261963 629
1607609887667 0.35500994324684143 630
1607609887792 0.3550097942352295 631
1607609887913 0.35495680570602417 632
1607609888031 0.35510098934173584 633
1607609888153 0.354764848947525 634
1607609888294 0.35466623306274414 635
1607609888421 0.3542777895927429 636
1607609888538 0.35403305292129517 637
1607609888658 0.3540187180042267 638
1607609888794 0.35358208417892456 639
1607609888919 0.35417208075523376 640
1607609889035 0.3539141118526459 641
1607609889150 0.3547651171684265 642
1607609889268 0.35457128286361694 643
1607609889406 0.35577303171157837 644
1607609889527 0.3556267321109772 645
1607609889642 0.35616371035575867 646
1607609889763 0.35550740361213684 647
1607609889880 0.3555667996406555 648
1607609890022 0.35562464594841003 649
1607609890147 0.35574793815612793 650
1607609890267 0.35554057359695435 651
1607609890383 0.3552635908126831 652
1607609890501 0.35484322905540466 653
1607609890636 0.35453876852989197 654
1607609890760 0.35477933287620544 655
1607609890884 0.3537270724773407 656
1607609891000 0.35325655341148376 657
1607609891117 0.35331499576568604 658
1607609891253 0.35339632630348206 659
1607609891378 0.35414156317710876 660
1607609891497 0.35367265343666077 661
1607609891611 0.3542379140853882 662
1607609891721 0.3540782928466797 663
1607609891854 0.35455313324928284 664
1607609891973 0.3547637462615967 665
1607609892091 0.3545380234718323 666
1607609892207 0.3544815480709076 667
1607609892326 0.3540613055229187 668
1607609892459 0.35394445061683655 669
1607609892604 0.3532923460006714 670
1607609892760 0.35312792658805847 671
1607609892892 0.3526271879673004 672
1607609893015 0.3527427017688751 673
1607609893162 0.35230886936187744 674
1607609893311 0.35281142592430115 675
1607609893468 0.35279932618141174 676
1607609893602 0.35325729846954346 677
1607609893728 0.35327789187431335 678
1607609893846 0.3533696234226227 679
1607609893965 0.3533354103565216 680
1607609894087 0.35343340039253235 681
1607609894211 0.35293909907341003 682
1607609894341 0.35263684391975403 683
1607609894467 0.35232847929000854 684
1607609894591 0.3523945212364197 685
1607609894711 0.35237419605255127 686
1607609894834 0.35242488980293274 687
1607609894950 0.3531729280948639 688
1607609895071 0.3537701964378357 689
1607609895196 0.35455265641212463 690
1607609895316 0.35542479157447815 691
1607609895445 0.35498160123825073 692
1607609895575 0.35489118099212646 693
1607609895697 0.3548869490623474 694
1607609895819 0.35464537143707275 695
1607609895934 0.35439443588256836 696
1607609896054 0.3539761006832123 697
1607609896174 0.3536890149116516 698
1607609896292 0.35413482785224915 699
1607609896408 0.35439950227737427 700
1607609896532 0.3541775345802307 701
1607609896650 0.3536047041416168 702
1607609896768 0.35350140929222107 703
1607609896893 0.3534446656703949 704
1607609897011 0.3532063066959381 705
1607609897134 0.35335230827331543 706
1607609897248 0.35330289602279663 707
1607609897362 0.3536941409111023 708
1607609897482 0.35410022735595703 709
1607609897623 0.354533851146698 710
1607609897748 0.3550587296485901 711
1607609897865 0.3551805317401886 712
1607609897983 0.3547939360141754 713
1607609898103 0.3548946678638458 714
1607609898238 0.35443055629730225 715
1607609898361 0.3537929654121399 716
1607609898479 0.35295239090919495 717
1607609898600 0.35245782136917114 718
1607609898729 0.35200002789497375 719
1607609898865 0.3515864610671997 720
1607609898995 0.3515160381793976 721
1607609899120 0.3517983555793762 722
1607609899241 0.35189956426620483 723
1607609899365 0.35251787304878235 724
1607609899505 0.3528454005718231 725
1607609899654 0.3536679744720459 726
1607609899809 0.3543628752231598 727
1607609899965 0.3546183407306671 728
1607609900119 0.3548608720302582 729
1607609900271 0.3545578420162201 730
1607609900396 0.35479769110679626 731
1607609900554 0.35421013832092285 732
1607609900705 0.35343337059020996 733
1607609900857 0.3526562452316284 734
1607609901009 0.35203707218170166 735
1607609901157 0.35234129428863525 736
1607609901311 0.3518511652946472 737
1607609901438 0.3521598279476166 738
1607609901560 0.3520227074623108 739
1607609901689 0.3523251712322235 740
1607609901818 0.3531001806259155 741
1607609901938 0.3530524671077728 742
1607609902062 0.35434797406196594 743
1607609902182 0.3544183671474457 744
1607609902297 0.35519933700561523 745
1607609902418 0.3544144332408905 746
1607609902536 0.355098158121109 747
1607609902655 0.3544871211051941 748
1607609902777 0.3543120324611664 749
1607609902896 0.35273849964141846 750
1607609903014 0.3522649109363556 751
1607609903139 0.3519071340560913 752
1607609903261 0.3516845107078552 753
1607609903383 0.3513123095035553 754
1607609903512 0.35145851969718933 755
1607609903640 0.3514000475406647 756
1607609903769 0.35189321637153625 757
1607609903893 0.35232192277908325 758
1607609904017 0.352727472782135 759
1607609904150 0.3532402813434601 760
1607609904272 0.3537697196006775 761
1607609904392 0.35390350222587585 762
1607609904517 0.35459479689598083 763
1607609904639 0.35378509759902954 764
1607609904767 0.3535568118095398 765
1607609904890 0.35270699858665466 766
1607609905012 0.3523348569869995 767
1607609905132 0.35184013843536377 768
1607609905252 0.3511343002319336 769
1607609905370 0.3511248230934143 770
1607609905491 0.35114872455596924 771
1607609905615 0.35124659538269043 772
1607609905738 0.35192012786865234 773
1607609905865 0.35259392857551575 774
1607609905986 0.3538138270378113 775
1607609906102 0.3544754683971405 776
1607609906222 0.35449090600013733 777
1607609906344 0.3547200858592987 778
1607609906465 0.3541294038295746 779
1607609906581 0.3536229133605957 780
1607609906698 0.35322877764701843 781
1607609906821 0.3521724045276642 782
1607609906942 0.35188329219818115 783
1607609907063 0.3515642583370209 784
1607609907192 0.35117030143737793 785
1607609907317 0.35131826996803284 786
1607609907439 0.3511112928390503 787
1607609907556 0.3517807424068451 788
1607609907678 0.3517417311668396 789
1607609907798 0.35196739435195923 790
1607609907929 0.35164839029312134 791
1607609908048 0.3523868918418884 792
1607609908170 0.3522109091281891 793
1607609908289 0.35241031646728516 794
1607609908408 0.35229501128196716 795
1607609908530 0.3519275486469269 796
1607609908646 0.3523675799369812 797
1607609908762 0.35173845291137695 798
1607609908880 0.35183167457580566 799
1607609909007 0.35141828656196594 800
1607609909128 0.35162779688835144 801
1607609909252 0.35164520144462585 802
1607609909373 0.3516998589038849 803
1607609909492 0.3519948720932007 804
1607609909629 0.35195404291152954 805
1607609909754 0.35246431827545166 806
1607609909882 0.351935476064682 807
1607609910007 0.3521338701248169 808
1607609910138 0.3518843948841095 809
1607609910265 0.35209229588508606 810
1607609910397 0.3522231876850128 811
1607609910524 0.35228481888771057 812
1607609910645 0.3526402711868286 813
1607609910770 0.3526911437511444 814
1607609910896 0.35322123765945435 815
1607609911035 0.35350966453552246 816
1607609911161 0.3539454936981201 817
1607609911291 0.3532535433769226 818
1607609911416 0.353372722864151 819
1607609911561 0.3532051742076874 820
1607609911687 0.3529044985771179 821
1607609911809 0.35273846983909607 822
1607609911931 0.35184741020202637 823
1607609912068 0.35206088423728943 824
1607609912196 0.3515179753303528 825
1607609912309 0.351559042930603 826
1607609912440 0.3516545295715332 827
1607609912562 0.35171905159950256 828
1607609912698 0.3523493707180023 829
1607609912843 0.35195088386535645 830
1607609912974 0.3522016108036041 831
1607609913100 0.35218459367752075 832
1607609913221 0.35211390256881714 833
1607609913365 0.3521060347557068 834
1607609913492 0.3519201874732971 835
1607609913620 0.35201600193977356 836
1607609913767 0.35188770294189453 837
1607609913908 0.35182616114616394 838
1607609914064 0.35171228647232056 839
1607609914219 0.3514029383659363 840
1607609914401 0.35175594687461853 841
1607609914548 0.35138335824012756 842
1607609914677 0.351485013961792 843
1607609914804 0.35112500190734863 844
1607609914931 0.3517196476459503 845
1607609915058 0.35138893127441406 846
1607609915191 0.35169437527656555 847
1607609915345 0.3512113690376282 848
1607609915475 0.35205334424972534 849
1607609915598 0.3513434827327728 850
1607609915730 0.35189732909202576 851
1607609915854 0.35123729705810547 852
1607609915995 0.35166046023368835 853
1607609916135 0.35162582993507385 854
1607609916259 0.35127896070480347 855
1607609916380 0.3516363799571991 856
1607609916498 0.351192444562912 857
1607609916617 0.3516788184642792 858
1607609916736 0.3515107035636902 859
1607609916856 0.35242003202438354 860
1607609916975 0.3522336184978485 861
1607609917091 0.3528653383255005 862
1607609917215 0.35292157530784607 863
1607609917337 0.3526793420314789 864
1607609917454 0.35325348377227783 865
1607609917574 0.3526943624019623 866
1607609917693 0.353011816740036 867
1607609917811 0.35189691185951233 868
1607609917928 0.3518959879875183 869
1607609918043 0.3512044847011566 870
1607609918166 0.35128840804100037 871
1607609918292 0.35108688473701477 872
1607609918415 0.35094383358955383 873
1607609918536 0.3511615991592407 874
1607609918657 0.3514719307422638 875
1607609918782 0.35200151801109314 876
1607609918903 0.3529146909713745 877
1607609919026 0.3531605899333954 878
1607609919142 0.3535114824771881 879
1607609919258 0.3534734547138214 880
1607609919380 0.35340458154678345 881
1607609919518 0.3531016707420349 882
1607609919663 0.35235288739204407 883
1607609919786 0.3515896797180176 884
1607609919911 0.35157284140586853 885
1607609920036 0.35080596804618835 886
1607609920164 0.3508017361164093 887
1607609920292 0.3503793776035309 888
1607609920416 0.3508457541465759 889
1607609920540 0.35125812888145447 890
1607609920662 0.3517153263092041 891
1607609920783 0.3524816036224365 892
1607609920903 0.3528420329093933 893
1607609921021 0.3530385494232178 894
1607609921137 0.352946400642395 895
1607609921258 0.35277876257896423 896
1607609921376 0.35179874300956726 897
1607609921491 0.35129138827323914 898
1607609921612 0.35021379590034485 899
1607609921730 0.3501838743686676 900
1607609921852 0.34954679012298584 901
1607609921975 0.3498200476169586 902
1607609922097 0.34973713755607605 903
1607609922215 0.35001179575920105 904
1607609922332 0.3507526218891144 905
1607609922446 0.3513660728931427 906
1607609922562 0.3523447811603546 907
1607609922682 0.35220852494239807 908
1607609922803 0.3531179130077362 909
1607609922922 0.35262957215309143 910
1607609923042 0.35329297184944153 911
1607609923163 0.352249413728714 912
1607609923280 0.3523080348968506 913
1607609923396 0.3512541651725769 914
1607609923515 0.350859135389328 915
1607609923633 0.3507969081401825 916
1607609923757 0.3503372371196747 917
1607609923879 0.3505858778953552 918
1607609924000 0.35018542408943176 919
1607609924116 0.3509293794631958 920
1607609924234 0.35098347067832947 921
1607609924350 0.3513178527355194 922
1607609924469 0.3512747585773468 923
1607609924605 0.35135000944137573 924
1607609924754 0.3515409231185913 925
1607609924884 0.3513587415218353 926
1607609925011 0.3509168028831482 927
1607609925161 0.3509029746055603 928
1607609925315 0.3505118191242218 929
1607609925440 0.3504624664783478 930
1607609925577 0.3499399423599243 931
1607609925725 0.34992530941963196 932
1607609925860 0.3495786190032959 933
1607609925984 0.34974005818367004 934
1607609926107 0.3498351573944092 935
1607609926228 0.34983959794044495 936
1607609926353 0.3507848083972931 937
1607609926471 0.35083019733428955 938
1607609926599 0.35198694467544556 939
1607609926720 0.35209912061691284 940
1607609926843 0.35195019841194153 941
1607609926963 0.35212159156799316 942
1607609927080 0.35186073184013367 943
1607609927203 0.35142338275909424 944
1607609927317 0.3509162664413452 945
1607609927439 0.35066360235214233 946
1607609927558 0.3508729040622711 947
1607609927675 0.3509996235370636 948
1607609927797 0.3511710464954376 949
1607609927913 0.35128751397132874 950
1607609928034 0.3521919250488281 951
1607609928146 0.35171934962272644 952
1607609928270 0.3521445691585541 953
1607609928391 0.35122042894363403 954
1607609928515 0.3514774739742279 955
1607609928635 0.35073986649513245 956
1607609928758 0.3510563373565674 957
1607609928874 0.35067546367645264 958
1607609928998 0.35133591294288635 959
1607609929121 0.3510647714138031 960
1607609929250 0.3511584401130676 961
1607609929370 0.35152408480644226 962
1607609929492 0.3513723611831665 963
1607609929641 0.3510384261608124 964
1607609929791 0.35033851861953735 965
1607609929946 0.3506895899772644 966
1607609930076 0.35008755326271057 967
1607609930231 0.3499096930027008 968
1607609930357 0.3498416244983673 969
1607609930509 0.350205659866333 970
1607609930671 0.35048815608024597 971
1607609930826 0.35060763359069824 972
1607609930947 0.3505273759365082 973
1607609931070 0.35132917761802673 974
1607609931192 0.3515959680080414 975
1607609931314 0.3519890010356903 976
1607609931430 0.3521924316883087 977
1607609931551 0.35158678889274597 978
1607609931674 0.35139238834381104 979
1607609931796 0.3512134552001953 980
1607609931917 0.350684255361557 981
1607609932040 0.35026130080223083 982
1607609932170 0.35008516907691956 983
1607609932295 0.34992074966430664 984
1607609932414 0.35024768114089966 985
1607609932534 0.35057052969932556 986
1607609932654 0.3509161174297333 987
1607609932771 0.35160571336746216 988
1607609932896 0.35209518671035767 989
1607609933015 0.35256680846214294 990
1607609933136 0.3523886203765869 991
1607609933254 0.35164207220077515 992
1607609933373 0.3514852821826935 993
1607609933488 0.35109391808509827 994
1607609933607 0.35039830207824707 995
1607609933726 0.3497900068759918 996
1607609933845 0.3489743173122406 997
1607609933972 0.3490407168865204 998
1607609934093 0.3486716151237488 999
