1607614477599 0.4741746187210083 0
1607614477821 0.4682231545448303 1
1607614478037 0.45732611417770386 2
1607614478250 0.4508688747882843 3
1607614478474 0.44553449749946594 4
1607614478692 0.4415956735610962 5
1607614478903 0.4394238293170929 6
1607614479113 0.43871158361434937 7
1607614479326 0.4380706548690796 8
1607614479539 0.4367493987083435 9
1607614479750 0.4363524913787842 10
1607614479976 0.4363652467727661 11
1607614480194 0.4359283149242401 12
1607614480404 0.4345771074295044 13
1607614480611 0.4330817759037018 14
1607614480835 0.43241432309150696 15
1607614481047 0.43189579248428345 16
1607614481259 0.4318394958972931 17
1607614481471 0.4306926429271698 18
1607614481683 0.42934128642082214 19
1607614481928 0.42737212777137756 20
1607614482152 0.4261859357357025 21
1607614482367 0.42485591769218445 22
1607614482584 0.42447346448898315 23
1607614482797 0.4242730140686035 24
1607614483010 0.42403754591941833 25
1607614483224 0.4233819842338562 26
1607614483435 0.4221968948841095 27
1607614483645 0.4215747117996216 28
1607614483859 0.4206129312515259 29
1607614484070 0.4199267029762268 30
1607614484288 0.41927769780158997 31
1607614484499 0.418183833360672 32
1607614484711 0.4175357222557068 33
1607614484927 0.4163731634616852 34
1607614485141 0.4148665964603424 35
1607614485353 0.4143744707107544 36
1607614485563 0.4140448570251465 37
1607614485777 0.4138478934764862 38
1607614485989 0.41342565417289734 39
1607614486213 0.4128022789955139 40
1607614486427 0.41240185499191284 41
1607614486650 0.4101971685886383 42
1607614486881 0.4091658890247345 43
1607614487102 0.40853163599967957 44
1607614487336 0.4084169268608093 45
1607614487561 0.40844208002090454 46
1607614487776 0.4076542258262634 47
1607614487993 0.40688860416412354 48
1607614488206 0.4050440490245819 49
1607614488428 0.40373390913009644 50
1607614488645 0.4038730561733246 51
1607614488867 0.40448087453842163 52
1607614489082 0.4048105776309967 53
1607614489296 0.4042932689189911 54
1607614489514 0.40198269486427307 55
1607614489724 0.40081876516342163 56
1607614489937 0.4004800617694855 57
1607614490155 0.4005281925201416 58
1607614490384 0.3998013734817505 59
1607614490593 0.39758557081222534 60
1607614490807 0.3956809341907501 61
1607614491020 0.3943375051021576 62
1607614491241 0.3938368558883667 63
1607614491463 0.39450228214263916 64
1607614491682 0.3970368206501007 65
1607614491892 0.3988025486469269 66
1607614492110 0.3981393873691559 67
1607614492327 0.394881010055542 68
1607614492550 0.39188721776008606 69
1607614492775 0.39058375358581543 70
1607614492989 0.3905830383300781 71
1607614493202 0.39131835103034973 72
1607614493413 0.39257392287254333 73
1607614493624 0.39401620626449585 74
1607614493835 0.39415889978408813 75
1607614494051 0.3913883566856384 76
1607614494269 0.38996610045433044 77
1607614494482 0.388989120721817 78
1607614494701 0.3888207674026489 79
1607614494916 0.3892098069190979 80
1607614495135 0.3894270956516266 81
1607614495348 0.38984981179237366 82
1607614495559 0.38873499631881714 83
1607614495773 0.3870896100997925 84
1607614495996 0.3855643570423126 85
1607614496209 0.38393107056617737 86
1607614496420 0.38373705744743347 87
1607614496635 0.3836843967437744 88
1607614496845 0.3844095766544342 89
1607614497060 0.3854595124721527 90
1607614497276 0.387373685836792 91
1607614497499 0.38726386427879333 92
1607614497714 0.384723037481308 93
1607614497936 0.38257551193237305 94
1607614498148 0.3811756372451782 95
1607614498369 0.38063353300094604 96
1607614498583 0.3808347284793854 97
1607614498796 0.3814423680305481 98
1607614499008 0.3828490376472473 99
1607614499221 0.3839506506919861 100
1607614499438 0.3842076361179352 101
1607614499649 0.3814943730831146 102
1607614499863 0.38037338852882385 103
1607614500084 0.379626601934433 104
1607614500322 0.37958189845085144 105
1607614500540 0.3793938159942627 106
1607614500746 0.37964826822280884 107
1607614500950 0.3793005347251892 108
1607614501177 0.3787336051464081 109
1607614501385 0.37932315468788147 110
1607614501589 0.3791560232639313 111
1607614501798 0.3798500895500183 112
1607614502036 0.3801065683364868 113
1607614502255 0.3800751864910126 114
1607614502488 0.37885233759880066 115
1607614502709 0.37810617685317993 116
1607614502946 0.3773192763328552 117
1607614503181 0.3766995668411255 118
1607614503413 0.376557856798172 119
1607614503643 0.3763526380062103 120
1607614503892 0.37726032733917236 121
1607614504110 0.37768831849098206 122
1607614504337 0.3779336214065552 123
1607614504586 0.37833091616630554 124
1607614504822 0.37743067741394043 125
1607614505039 0.3767833709716797 126
1607614505274 0.375661700963974 127
1607614505482 0.3745877146720886 128
1607614505684 0.3741130232810974 129
1607614505895 0.3745042383670807 130
1607614506228 0.37435784935951233 131
1607614506431 0.3750876784324646 132
1607614506633 0.37449297308921814 133
1607614506831 0.3742885887622833 134
1607614507039 0.37404125928878784 135
1607614507239 0.37327417731285095 136
1607614507444 0.3729049861431122 137
1607614507656 0.3732796609401703 138
1607614507858 0.3739369809627533 139
1607614508060 0.37415438890457153 140
1607614508262 0.37480852007865906 141
1607614508465 0.37451687455177307 142
1607614508667 0.3733578026294708 143
1607614508871 0.3719913363456726 144
1607614509070 0.3715789020061493 145
1607614509271 0.3708638846874237 146
1607614509480 0.37152883410453796 147
1607614509682 0.3715151250362396 148
1607614509889 0.3720550537109375 149
1607614510091 0.37265923619270325 150
1607614510295 0.3726350665092468 151
1607614510495 0.37250152230262756 152
1607614510702 0.3721301853656769 153
1607614510903 0.3712446689605713 154
1607614511113 0.37052464485168457 155
1607614511317 0.37031790614128113 156
1607614511519 0.36956995725631714 157
1607614511722 0.3695163428783417 158
1607614511927 0.3687707483768463 159
1607614512132 0.3688952326774597 160
1607614512336 0.36847734451293945 161
1607614512534 0.3692198693752289 162
1607614512740 0.3693610429763794 163
1607614512948 0.37017902731895447 164
1607614513150 0.3699023723602295 165
1607614513363 0.3696843981742859 166
1607614513575 0.36994805932044983 167
1607614513777 0.3701065182685852 168
1607614513976 0.37009701132774353 169
1607614514178 0.36989453434944153 170
1607614514383 0.36990469694137573 171
1607614514593 0.3689555525779724 172
1607614514795 0.3686951696872711 173
1607614514999 0.3678070306777954 174
1607614515208 0.3678446412086487 175
1607614515412 0.36765986680984497 176
1607614515615 0.36750271916389465 177
1607614515816 0.36835935711860657 178
1607614516020 0.36947283148765564 179
1607614516231 0.37037885189056396 180
1607614516433 0.3709685504436493 181
1607614516635 0.3704741597175598 182
1607614516842 0.3704114556312561 183
1607614517054 0.36987870931625366 184
1607614517266 0.3691540062427521 185
1607614517474 0.3691057562828064 186
1607614517676 0.36883988976478577 187
1607614517877 0.36906296014785767 188
1607614518093 0.36816102266311646 189
1607614518325 0.36788293719291687 190
1607614518540 0.3675783574581146 191
1607614518737 0.36732786893844604 192
1607614518944 0.3669128715991974 193
1607614519171 0.3663906753063202 194
1607614519386 0.36595848202705383 195
1607614519589 0.36558008193969727 196
1607614519790 0.36557522416114807 197
1607614520021 0.36512625217437744 198
1607614520234 0.36521610617637634 199
1607614520436 0.3652932047843933 200
1607614520641 0.3654666244983673 201
1607614520841 0.3656427562236786 202
1607614521052 0.365995854139328 203
1607614521263 0.36659836769104004 204
1607614521480 0.3678022623062134 205
1607614521704 0.3686629831790924 206
1607614521921 0.36876896023750305 207
1607614522136 0.3690156042575836 208
1607614522349 0.36846157908439636 209
1607614522563 0.36840638518333435 210
1607614522770 0.3669390380382538 211
1607614522991 0.3660062551498413 212
1607614523198 0.3657761514186859 213
1607614523399 0.3654322028160095 214
1607614523599 0.3655306100845337 215
1607614523805 0.36561596393585205 216
1607614524005 0.3657122254371643 217
1607614524212 0.36647388339042664 218
1607614524411 0.3660873770713806 219
1607614524617 0.36625349521636963 220
1607614524819 0.3652660846710205 221
1607614525023 0.3652530014514923 222
1607614525231 0.3644922375679016 223
1607614525438 0.364458829164505 224
1607614525645 0.3639448285102844 225
1607614525852 0.36455318331718445 226
1607614526064 0.3640594184398651 227
1607614526264 0.36394816637039185 228
1607614526464 0.3642641603946686 229
1607614526670 0.3638426959514618 230
1607614526871 0.3645275831222534 231
1607614527075 0.3635469377040863 232
1607614527276 0.36403483152389526 233
1607614527486 0.36425673961639404 234
1607614527689 0.36415964365005493 235
1607614527901 0.36427074670791626 236
1607614528105 0.3645084500312805 237
1607614528310 0.3648984134197235 238
1607614528513 0.3655136525630951 239
1607614528717 0.36544570326805115 240
1607614528921 0.36529526114463806 241
1607614529129 0.36566653847694397 242
1607614529337 0.3647279739379883 243
1607614529543 0.36422157287597656 244
1607614529747 0.36357399821281433 245
1607614529953 0.36331042647361755 246
1607614530156 0.3629170060157776 247
1607614530365 0.36257249116897583 248
1607614530571 0.3626403212547302 249
1607614530777 0.3630870580673218 250
1607614530982 0.36319413781166077 251
1607614531192 0.36356058716773987 252
1607614531395 0.3636690378189087 253
1607614531599 0.36400189995765686 254
1607614531809 0.3640066385269165 255
1607614532014 0.36374831199645996 256
1607614532219 0.36287230253219604 257
1607614532419 0.3627094328403473 258
1607614532620 0.3625486195087433 259
1607614532821 0.362798273563385 260
1607614533030 0.36245012283325195 261
1607614533234 0.3624448776245117 262
1607614533434 0.3631550669670105 263
1607614533640 0.36316609382629395 264
1607614533852 0.36394795775413513 265
1607614534056 0.3636242747306824 266
1607614534258 0.36370959877967834 267
1607614534462 0.3637212812900543 268
1607614534669 0.36315858364105225 269
1607614534876 0.36293289065361023 270
1607614535079 0.3626933991909027 271
1607614535283 0.36213013529777527 272
1607614535487 0.3621014654636383 273
1607614535687 0.36216047406196594 274
1607614535887 0.36216720938682556 275
1607614536109 0.3622690737247467 276
1607614536319 0.36262667179107666 277
1607614536524 0.36253175139427185 278
1607614536755 0.362662672996521 279
1607614536967 0.3625907301902771 280
1607614537172 0.36274927854537964 281
1607614537377 0.36263132095336914 282
1607614537583 0.36199599504470825 283
1607614537814 0.36131909489631653 284
1607614538023 0.36079350113868713 285
1607614538226 0.35995253920555115 286
1607614538426 0.35989251732826233 287
1607614538632 0.35970044136047363 288
1607614538857 0.35962581634521484 289
1607614539073 0.360679030418396 290
1607614539289 0.36170870065689087 291
1607614539510 0.36206528544425964 292
1607614539732 0.3634503483772278 293
1607614539946 0.36324843764305115 294
1607614540163 0.36333218216896057 295
1607614540387 0.362589567899704 296
1607614540605 0.361518532037735 297
1607614540825 0.36152979731559753 298
1607614541057 0.3604236841201782 299
1607614541268 0.36004897952079773 300
1607614541468 0.35989242792129517 301
1607614541673 0.36018386483192444 302
1607614541877 0.3607567846775055 303
1607614542079 0.3611111640930176 304
1607614542287 0.36159300804138184 305
1607614542495 0.3620000183582306 306
1607614542699 0.36177772283554077 307
1607614542905 0.3610715866088867 308
1607614543108 0.36095279455184937 309
1607614543308 0.3604004681110382 310
1607614543511 0.3604581952095032 311
1607614543712 0.36022308468818665 312
1607614543912 0.360221266746521 313
1607614544117 0.3606109917163849 314
1607614544325 0.36078616976737976 315
1607614544535 0.36166977882385254 316
1607614544736 0.361046701669693 317
1607614544941 0.3607332706451416 318
1607614545145 0.3603295385837555 319
1607614545353 0.3604418933391571 320
1607614545556 0.35999369621276855 321
1607614545756 0.35971933603286743 322
1607614545958 0.35985612869262695 323
1607614546168 0.35971295833587646 324
1607614546380 0.35967737436294556 325
1607614546585 0.35970011353492737 326
1607614546786 0.3598492443561554 327
1607614546994 0.360045462846756 328
1607614547197 0.35961592197418213 329
1607614547403 0.359655499458313 330
1607614547611 0.35941246151924133 331
1607614547819 0.35946395993232727 332
1607614548030 0.3594999611377716 333
1607614548236 0.3594081997871399 334
1607614548437 0.3592657148838043 335
1607614548639 0.3592793643474579 336
1607614548841 0.35949862003326416 337
1607614549041 0.36000025272369385 338
1607614549246 0.36067503690719604 339
1607614549454 0.361152708530426 340
1607614549657 0.3611205518245697 341
1607614549868 0.3613584041595459 342
1607614550072 0.36131104826927185 343
1607614550276 0.36138832569122314 344
1607614550486 0.361065536737442 345
1607614550692 0.36028072237968445 346
1607614550898 0.35956400632858276 347
1607614551102 0.3588145971298218 348
1607614551303 0.3586742579936981 349
1607614551502 0.35827505588531494 350
1607614551711 0.35819172859191895 351
1607614551917 0.358155757188797 352
1607614552121 0.3580840826034546 353
1607614552324 0.35852399468421936 354
1607614552527 0.35861098766326904 355
1607614552731 0.35931527614593506 356
1607614552931 0.359846293926239 357
1607614553130 0.3594149649143219 358
1607614553332 0.3593016564846039 359
1607614553540 0.3591485023498535 360
1607614553758 0.3588537275791168 361
1607614553967 0.3581772744655609 362
1607614554170 0.35831111669540405 363
1607614554370 0.358460932970047 364
1607614554571 0.3583923876285553 365
1607614554792 0.35809266567230225 366
1607614555003 0.3583933711051941 367
1607614555212 0.35869279503822327 368
1607614555426 0.3591838479042053 369
1607614555631 0.3588203191757202 370
1607614555855 0.3590467572212219 371
1607614556069 0.3590102195739746 372
1607614556275 0.35960689187049866 373
1607614556477 0.3593403398990631 374
1607614556678 0.35938921570777893 375
1607614556901 0.3592456877231598 376
1607614557121 0.3585411012172699 377
1607614557348 0.358014315366745 378
1607614557564 0.3579431474208832 379
1607614557783 0.35782989859580994 380
1607614557998 0.35774824023246765 381
1607614558216 0.357524037361145 382
1607614558461 0.35771793127059937 383
1607614558678 0.3577134907245636 384
1607614558896 0.3577938377857208 385
1607614559106 0.3579372465610504 386
1607614559319 0.3579261004924774 387
1607614559526 0.358496755361557 388
1607614559742 0.35846784710884094 389
1607614559951 0.3589727580547333 390
1607614560156 0.3585141599178314 391
1607614560363 0.35831043124198914 392
1607614560568 0.35813069343566895 393
1607614560772 0.3577084541320801 394
1607614560976 0.35788917541503906 395
1607614561188 0.3574661612510681 396
1607614561393 0.35745590925216675 397
1607614561600 0.35770997405052185 398
1607614561805 0.35777077078819275 399
1607614562007 0.3577834963798523 400
1607614562213 0.3573456108570099 401
1607614562412 0.3576144576072693 402
1607614562614 0.357135146856308 403
1607614562817 0.3565129041671753 404
1607614563024 0.3565734326839447 405
1607614563231 0.35617977380752563 406
1607614563434 0.3564397394657135 407
1607614563645 0.3559483289718628 408
1607614563852 0.35667216777801514 409
1607614564056 0.35687604546546936 410
1607614564259 0.35766878724098206 411
1607614564461 0.35790422558784485 412
1607614564664 0.3582991063594818 413
1607614564880 0.3586156666278839 414
1607614565084 0.35892540216445923 415
1607614565291 0.3590269088745117 416
1607614565493 0.3582814633846283 417
1607614565695 0.35782814025878906 418
1607614565899 0.35726287961006165 419
1607614566101 0.35754337906837463 420
1607614566303 0.3577079176902771 421
1607614566507 0.35735517740249634 422
1607614566725 0.3575044572353363 423
1607614566936 0.3573598563671112 424
1607614567142 0.35809293389320374 425
1607614567347 0.3579815626144409 426
1607614567551 0.3586896061897278 427
1607614567754 0.358218252658844 428
1607614567960 0.35799649357795715 429
1607614568159 0.35834476351737976 430
1607614568361 0.35799506306648254 431
1607614568572 0.35759106278419495 432
1607614568777 0.35657453536987305 433
1607614568985 0.35650885105133057 434
1607614569188 0.35581645369529724 435
1607614569392 0.3556906580924988 436
1607614569590 0.35557642579078674 437
1607614569796 0.35593387484550476 438
1607614570002 0.35605376958847046 439
1607614570202 0.35660097002983093 440
1607614570414 0.3572402596473694 441
1607614570623 0.35724639892578125 442
1607614570828 0.3571934998035431 443
1607614571032 0.3573627471923828 444
1607614571239 0.35723769664764404 445
1607614571458 0.35743123292922974 446
1607614571664 0.3571440875530243 447
1607614571866 0.35694944858551025 448
1607614572067 0.3572358191013336 449
1607614572279 0.35635697841644287 450
1607614572500 0.3565262258052826 451
1607614572707 0.3561837673187256 452
1607614572916 0.35616639256477356 453
1607614573121 0.3560982346534729 454
1607614573323 0.3558315932750702 455
1607614573546 0.35622963309288025 456
1607614573755 0.35608166456222534 457
1607614573960 0.35614654421806335 458
1607614574171 0.3552764058113098 459
1607614574375 0.35577160120010376 460
1607614574602 0.3553119897842407 461
1607614574841 0.35623568296432495 462
1607614575065 0.35633304715156555 463
1607614575280 0.3563189208507538 464
1607614575498 0.3561525344848633 465
1607614575727 0.35654181241989136 466
1607614575944 0.3562828600406647 467
1607614576178 0.35630419850349426 468
1607614576394 0.35534411668777466 469
1607614576612 0.35523974895477295 470
1607614576825 0.3553742468357086 471
1607614577030 0.35532116889953613 472
1607614577231 0.3560263514518738 473
1607614577434 0.3565791845321655 474
1607614577630 0.35703223943710327 475
1607614577831 0.3570360243320465 476
1607614578041 0.35749101638793945 477
1607614578247 0.3570508062839508 478
1607614578463 0.3566954433917999 479
1607614578679 0.35621607303619385 480
1607614578884 0.35551321506500244 481
1607614579090 0.35473066568374634 482
1607614579298 0.35451287031173706 483
1607614579499 0.3544495403766632 484
1607614579705 0.3547740578651428 485
1607614579912 0.3548440933227539 486
1607614580121 0.35539478063583374 487
1607614580335 0.3554990887641907 488
1607614580540 0.3557298183441162 489
1607614580741 0.3557676076889038 490
1607614580945 0.3561150133609772 491
1607614581148 0.35557645559310913 492
1607614581350 0.35583633184432983 493
1607614581553 0.35544726252555847 494
1607614581761 0.3553963005542755 495
1607614581964 0.3547179400920868 496
1607614582168 0.35478121042251587 497
1607614582376 0.3546099364757538 498
1607614582584 0.354702353477478 499
1607614582794 0.3549598157405853 500
1607614583001 0.3555290400981903 501
1607614583205 0.3553515672683716 502
1607614583414 0.3561515510082245 503
1607614583622 0.356362521648407 504
1607614583827 0.35641059279441833 505
1607614584031 0.35596877336502075 506
1607614584235 0.35564905405044556 507
1607614584438 0.3556252419948578 508
1607614584641 0.35554856061935425 509
1607614584849 0.35473373532295227 510
1607614585056 0.35464873909950256 511
1607614585267 0.35425981879234314 512
1607614585481 0.35424017906188965 513
1607614585687 0.35385996103286743 514
1607614585896 0.35389164090156555 515
1607614586101 0.353789746761322 516
1607614586312 0.35409992933273315 517
1607614586515 0.3538668155670166 518
1607614586720 0.35437482595443726 519
1607614586928 0.3547396659851074 520
1607614587129 0.3552318215370178 521
1607614587336 0.3556852340698242 522
1607614587539 0.35553625226020813 523
1607614587747 0.35561448335647583 524
1607614587950 0.3549236059188843 525
1607614588155 0.35524916648864746 526
1607614588362 0.3547661304473877 527
1607614588565 0.3545162081718445 528
1607614588769 0.35434186458587646 529
1607614588992 0.35452672839164734 530
1607614589207 0.3545481860637665 531
1607614589415 0.3549894094467163 532
1607614589629 0.3548645079135895 533
1607614589845 0.35503119230270386 534
1607614590077 0.35551750659942627 535
1607614590297 0.3554288148880005 536
1607614590511 0.3557286560535431 537
1607614590719 0.35573428869247437 538
1607614590936 0.35570546984672546 539
1607614591182 0.35514628887176514 540
1607614591395 0.35511672496795654 541
1607614591612 0.3544255793094635 542
1607614591824 0.35428300499916077 543
1607614592040 0.35384389758110046 544
1607614592271 0.35377267003059387 545
1607614592488 0.3536504805088043 546
1607614592735 0.35350972414016724 547
1607614592976 0.3536151051521301 548
1607614593211 0.35372301936149597 549
1607614593453 0.35453274846076965 550
1607614593674 0.355252206325531 551
1607614593921 0.3555888831615448 552
1607614594167 0.3562319874763489 553
1607614594386 0.35646679997444153 554
1607614594601 0.356441855430603 555
1607614594810 0.3559284210205078 556
1607614595030 0.3554801642894745 557
1607614595252 0.35532060265541077 558
1607614595467 0.3544995188713074 559
1607614595681 0.35435348749160767 560
1607614595897 0.3540920317173004 561
1607614596122 0.353412002325058 562
1607614596338 0.35283905267715454 563
1607614596553 0.352957546710968 564
1607614596771 0.35285356640815735 565
1607614596984 0.35327011346817017 566
1607614597201 0.3534317910671234 567
1607614597580 0.3540407419204712 568
1607614597785 0.35505276918411255 569
1607614598004 0.3553215563297272 570
1607614598205 0.35588058829307556 571
1607614598411 0.35557684302330017 572
1607614598612 0.35587939620018005 573
1607614598818 0.35540449619293213 574
1607614599019 0.35505375266075134 575
1607614599230 0.35400208830833435 576
1607614599442 0.35374999046325684 577
1607614599643 0.35352686047554016 578
1607614599845 0.35325682163238525 579
1607614600048 0.3533998727798462 580
1607614600250 0.3533479571342468 581
1607614600456 0.35367533564567566 582
1607614600656 0.3536292016506195 583
1607614600866 0.3535521626472473 584
1607614601074 0.3543176054954529 585
1607614601283 0.3544292151927948 586
1607614601488 0.3543088734149933 587
1607614601692 0.3536498546600342 588
1607614601898 0.3537197411060333 589
1607614602107 0.3535606265068054 590
1607614602314 0.35360854864120483 591
1607614602517 0.3532889187335968 592
1607614602724 0.35337939858436584 593
1607614602926 0.35329219698905945 594
1607614603130 0.3535080850124359 595
1607614603331 0.3535013198852539 596
1607614603536 0.3539940118789673 597
1607614603743 0.35363516211509705 598
1607614603945 0.3534949719905853 599
1607614604149 0.3533514738082886 600
1607614604352 0.3533083200454712 601
1607614604562 0.35360151529312134 602
1607614604767 0.353452205657959 603
1607614604973 0.3532647490501404 604
1607614605175 0.3531307280063629 605
1607614605378 0.35261625051498413 606
1607614605579 0.3525570034980774 607
1607614605789 0.35225921869277954 608
1607614605993 0.3522958755493164 609
1607614606200 0.35203731060028076 610
1607614606400 0.35225147008895874 611
1607614606604 0.3527609407901764 612
1607614606809 0.35318243503570557 613
1607614607035 0.3537615239620209 614
1607614607241 0.3541851341724396 615
1607614607441 0.3548261523246765 616
1607614607648 0.35424938797950745 617
1607614607852 0.35444575548171997 618
1607614608082 0.3541022539138794 619
1607614608301 0.35415878891944885 620
1607614608513 0.3541574478149414 621
1607614608725 0.3533588647842407 622
1607614608939 0.35338741540908813 623
1607614609174 0.3532015383243561 624
1607614609388 0.3531980812549591 625
1607614609609 0.35327863693237305 626
1607614609823 0.35288986563682556 627
1607614610024 0.35367217659950256 628
1607614610244 0.35313063859939575 629
1607614610462 0.35323598980903625 630
1607614610685 0.3535301983356476 631
1607614610900 0.3537001311779022 632
1607614611124 0.35363760590553284 633
1607614611327 0.3532256484031677 634
1607614611539 0.35308101773262024 635
1607614611765 0.35284245014190674 636
1607614611980 0.35307905077934265 637
1607614612197 0.35285139083862305 638
1607614612407 0.3525364100933075 639
1607614612610 0.3527260422706604 640
1607614612809 0.3529047667980194 641
1607614613014 0.35339218378067017 642
1607614613219 0.35364237427711487 643
1607614613425 0.3541540205478668 644
1607614613631 0.35395321249961853 645
1607614613840 0.35375547409057617 646
1607614614044 0.35377901792526245 647
1607614614244 0.35380974411964417 648
1607614614446 0.35442566871643066 649
1607614614649 0.3535774350166321 650
1607614614853 0.3535217344760895 651
1607614615053 0.35330748558044434 652
1607614615262 0.35322946310043335 653
1607614615471 0.3526158630847931 654
1607614615681 0.35241180658340454 655
1607614615885 0.35203734040260315 656
1607614616083 0.3517277240753174 657
1607614616285 0.3512847423553467 658
1607614616487 0.350910484790802 659
1607614616689 0.35127565264701843 660
1607614616890 0.35107421875 661
1607614617098 0.35158899426460266 662
1607614617302 0.3516587018966675 663
1607614617504 0.35247835516929626 664
1607614617713 0.352766215801239 665
1607614617926 0.3532966077327728 666
1607614618127 0.35338276624679565 667
1607614618329 0.35383474826812744 668
1607614618532 0.35310468077659607 669
1607614618734 0.3530695140361786 670
1607614618941 0.35280489921569824 671
1607614619148 0.3526301980018616 672
1607614619351 0.352697491645813 673
1607614619556 0.3524008095264435 674
1607614619758 0.35272252559661865 675
1607614619960 0.35282257199287415 676
1607614620166 0.35263946652412415 677
1607614620368 0.35290923714637756 678
1607614620570 0.35259002447128296 679
1607614620782 0.3531610071659088 680
1607614620995 0.3525494337081909 681
1607614621201 0.3526965081691742 682
1607614621403 0.35311219096183777 683
1607614621607 0.353005588054657 684
1607614621812 0.35229864716529846 685
1607614622017 0.35248833894729614 686
1607614622219 0.3519992530345917 687
1607614622425 0.3522869050502777 688
1607614622637 0.3516216278076172 689
1607614622841 0.35177311301231384 690
1607614623049 0.3515276312828064 691
1607614623257 0.3515552878379822 692
1607614623468 0.35144487023353577 693
1607614623675 0.3519916534423828 694
1607614623879 0.3521394729614258 695
1607614624088 0.35266199707984924 696
1607614624291 0.3526102602481842 697
1607614624517 0.35305243730545044 698
1607614624726 0.35371503233909607 699
1607614624941 0.35377058386802673 700
1607614625144 0.35342612862586975 701
1607614625344 0.35339394211769104 702
1607614625568 0.3531208038330078 703
1607614625780 0.352938711643219 704
1607614625994 0.3530130684375763 705
1607614626198 0.351997047662735 706
1607614626412 0.3527802526950836 707
1607614626632 0.35223495960235596 708
1607614626843 0.3521210551261902 709
1607614627055 0.351651132106781 710
1607614627260 0.35116899013519287 711
1607614627469 0.3509230315685272 712
1607614627691 0.350640207529068 713
1607614627909 0.3506874740123749 714
1607614628125 0.350894033908844 715
1607614628347 0.3509334921836853 716
1607614628562 0.3513332009315491 717
1607614628786 0.35158389806747437 718
1607614629011 0.3526415228843689 719
1607614629253 0.35320430994033813 720
1607614629477 0.35356250405311584 721
1607614629696 0.35480883717536926 722
1607614629899 0.3547222912311554 723
1607614630104 0.35520631074905396 724
1607614630312 0.35453447699546814 725
1607614630526 0.3543599843978882 726
1607614630732 0.35331207513809204 727
1607614630935 0.3525776267051697 728
1607614631144 0.351710706949234 729
1607614631348 0.3511379361152649 730
1607614631551 0.3507973849773407 731
1607614631755 0.3506115972995758 732
1607614631955 0.35090309381484985 733
1607614632166 0.3507111370563507 734
1607614632371 0.35109418630599976 735
1607614632574 0.35126084089279175 736
1607614632782 0.35172224044799805 737
1607614632995 0.3519929349422455 738
1607614633199 0.3521294593811035 739
1607614633406 0.35240617394447327 740
1607614633611 0.35251885652542114 741
1607614633815 0.35277432203292847 742
1607614634028 0.35242506861686707 743
1607614634234 0.35242152214050293 744
1607614634442 0.3514230251312256 745
1607614634648 0.3509725034236908 746
1607614634852 0.35011154413223267 747
1607614635058 0.34993112087249756 748
1607614635262 0.34964659810066223 749
1607614635465 0.3496668040752411 750
1607614635671 0.349786639213562 751
1607614635885 0.3503416180610657 752
1607614636092 0.3508046567440033 753
1607614636300 0.35146042704582214 754
1607614636533 0.3519112169742584 755
1607614636750 0.35210728645324707 756
1607614636968 0.3521217405796051 757
1607614637188 0.3513798117637634 758
1607614637401 0.3512996733188629 759
1607614637615 0.350596159696579 760
1607614637849 0.3505610227584839 761
1607614638076 0.35013195872306824 762
1607614638305 0.35012850165367126 763
1607614638518 0.3502892553806305 764
1607614638723 0.35074174404144287 765
1607614638931 0.35074830055236816 766
1607614639138 0.35162782669067383 767
1607614639343 0.35194069147109985 768
1607614639552 0.35184919834136963 769
1607614639759 0.3519596755504608 770
1607614639969 0.3512774109840393 771
1607614640176 0.35100650787353516 772
1607614640389 0.3508617579936981 773
1607614640595 0.3509013056755066 774
1607614640800 0.35105353593826294 775
1607614641009 0.3509815037250519 776
1607614641212 0.3515438139438629 777
1607614641415 0.3521580398082733 778
1607614641634 0.3533251881599426 779
1607614641843 0.35358738899230957 780
1607614642049 0.3535808324813843 781
1607614642252 0.3534163236618042 782
1607614642455 0.35335463285446167 783
1607614642669 0.35297274589538574 784
1607614642912 0.35216471552848816 785
1607614643135 0.35124069452285767 786
1607614643347 0.35063743591308594 787
1607614643558 0.3502254784107208 788
1607614643771 0.35035771131515503 789
1607614643977 0.3503605127334595 790
1607614644186 0.35030534863471985 791
1607614644392 0.35057204961776733 792
1607614644597 0.3506753742694855 793
1607614644799 0.35108304023742676 794
1607614645000 0.35115963220596313 795
1607614645201 0.351150244474411 796
1607614645408 0.3510057032108307 797
1607614645618 0.35110703110694885 798
1607614645833 0.3510052561759949 799
1607614646039 0.3510870933532715 800
1607614646249 0.351600706577301 801
1607614646455 0.3514997065067291 802
1607614646663 0.3519730269908905 803
1607614646870 0.35231176018714905 804
1607614647074 0.3529561161994934 805
1607614647280 0.35278603434562683 806
1607614647487 0.3525959253311157 807
1607614647694 0.3522832989692688 808
1607614647910 0.3522140085697174 809
1607614648129 0.3519671559333801 810
1607614648357 0.3510010540485382 811
1607614648589 0.3505566120147705 812
1607614648795 0.3500650227069855 813
1607614648998 0.3498271405696869 814
1607614649216 0.3496551513671875 815
1607614649425 0.34956732392311096 816
1607614649629 0.3496512174606323 817
1607614649834 0.3497608006000519 818
1607614650039 0.3502283990383148 819
1607614650241 0.35142359137535095 820
1607614650443 0.35135772824287415 821
1607614650646 0.3519568145275116 822
1607614650852 0.3517308831214905 823
1607614651073 0.3521035313606262 824
1607614651277 0.35113370418548584 825
1607614651480 0.3506495952606201 826
1607614651701 0.35012006759643555 827
1607614651927 0.3496731221675873 828
1607614652164 0.3497369587421417 829
1607614652374 0.3493615388870239 830
1607614652575 0.3495722711086273 831
1607614652777 0.34919822216033936 832
1607614652985 0.34970054030418396 833
1607614653191 0.3501705527305603 834
1607614653398 0.3513158857822418 835
1607614653603 0.35209277272224426 836
1607614653806 0.3524673879146576 837
1607614654015 0.3532326817512512 838
1607614654215 0.3532218337059021 839
1607614654415 0.3535391688346863 840
1607614654616 0.3528989553451538 841
1607614654826 0.3523816466331482 842
1607614655034 0.35109275579452515 843
1607614655240 0.3505629003047943 844
1607614655445 0.3500477969646454 845
1607614655651 0.34977486729621887 846
1607614655860 0.3493903577327728 847
1607614656076 0.34938809275627136 848
1607614656281 0.3492220342159271 849
1607614656483 0.34965914487838745 850
1607614656690 0.3499617874622345 851
1607614656897 0.34970059990882874 852
1607614657106 0.3505723774433136 853
1607614657317 0.3506913185119629 854
1607614657522 0.3513753414154053 855
1607614657726 0.3513643741607666 856
1607614657929 0.3512691557407379 857
1607614658134 0.3515796661376953 858
1607614658341 0.3511810302734375 859
1607614658549 0.3507632315158844 860
1607614658752 0.3501926064491272 861
1607614658958 0.34998005628585815 862
1607614659163 0.34966206550598145 863
1607614659364 0.34965839982032776 864
1607614659567 0.34947240352630615 865
1607614659796 0.3496890962123871 866
1607614660007 0.3498721718788147 867
1607614660233 0.3502172827720642 868
1607614660460 0.3505065441131592 869
1607614660693 0.35109835863113403 870
1607614660912 0.3512767553329468 871
1607614661132 0.3515012264251709 872
1607614661334 0.35102903842926025 873
1607614661544 0.35073989629745483 874
1607614661779 0.35032162070274353 875
1607614661996 0.3502926826477051 876
1607614662208 0.34965842962265015 877
1607614662415 0.34949687123298645 878
1607614662621 0.3492943346500397 879
1607614662825 0.3491751253604889 880
1607614663032 0.3496137261390686 881
1607614663235 0.34953707456588745 882
1607614663441 0.3499033749103546 883
1607614663647 0.3500571846961975 884
1607614663849 0.3503073453903198 885
1607614664050 0.35070154070854187 886
1607614664261 0.35077759623527527 887
1607614664466 0.350530743598938 888
1607614664674 0.3501024842262268 889
1607614664887 0.34979870915412903 890
1607614665093 0.34960058331489563 891
1607614665295 0.34914353489875793 892
1607614665495 0.34891870617866516 893
1607614665694 0.3491327166557312 894
1607614665901 0.34901750087738037 895
1607614666113 0.3495143949985504 896
1607614666329 0.3491450250148773 897
1607614666531 0.35032087564468384 898
1607614666736 0.35004955530166626 899
1607614666940 0.3507325351238251 900
1607614667154 0.3511468172073364 901
1607614667358 0.35138484835624695 902
1607614667561 0.3518259823322296 903
1607614667762 0.35204651951789856 904
1607614667996 0.35207265615463257 905
1607614668206 0.3526323437690735 906
1607614668429 0.3521280586719513 907
1607614668644 0.3518120348453522 908
1607614668874 0.3509713411331177 909
1607614669084 0.35026493668556213 910
1607614669288 0.3496003746986389 911
1607614669486 0.3489070236682892 912
1607614669692 0.3484695255756378 913
1607614669905 0.3481718897819519 914
1607614670109 0.34821292757987976 915
1607614670319 0.34857991337776184 916
1607614670530 0.3491656482219696 917
1607614670739 0.34954044222831726 918
1607614670945 0.3507775068283081 919
1607614671147 0.3504287302494049 920
1607614671347 0.35092660784721375 921
1607614671566 0.3501734137535095 922
1607614671804 0.35015299916267395 923
1607614672029 0.34942859411239624 924
1607614672237 0.34876391291618347 925
1607614672443 0.3483407497406006 926
1607614672647 0.3483482897281647 927
1607614672848 0.3482060730457306 928
1607614673052 0.3486272990703583 929
1607614673251 0.34894001483917236 930
1607614673452 0.3497296869754791 931
1607614673658 0.35002779960632324 932
1607614673862 0.35068970918655396 933
1607614674063 0.35124585032463074 934
1607614674268 0.3515547513961792 935
1607614674472 0.3505832254886627 936
1607614674676 0.35042423009872437 937
1607614674879 0.349488228559494 938
1607614675084 0.3495001196861267 939
1607614675286 0.3491792380809784 940
1607614675494 0.3489209711551666 941
1607614675697 0.34922024607658386 942
1607614675899 0.3498395085334778 943
1607614676104 0.3502695858478546 944
1607614676308 0.3518058657646179 945
1607614676514 0.3518173098564148 946
1607614676718 0.3521595895290375 947
1607614676921 0.35210859775543213 948
1607614677119 0.3517732620239258 949
1607614677329 0.3514089584350586 950
1607614677532 0.35087206959724426 951
1607614677738 0.349862664937973 952
1607614677949 0.3493959903717041 953
1607614678154 0.34897762537002563 954
1607614678357 0.3483049273490906 955
1607614678558 0.34819212555885315 956
1607614678758 0.3478848934173584 957
1607614678958 0.348023921251297 958
1607614679167 0.34816548228263855 959
1607614679372 0.34796684980392456 960
1607614679581 0.34870821237564087 961
1607614679790 0.34862107038497925 962
1607614679999 0.3493178188800812 963
1607614680203 0.34950587153434753 964
1607614680416 0.3502112329006195 965
1607614680623 0.35029298067092896 966
1607614680827 0.35113319754600525 967
1607614681037 0.3511924147605896 968
1607614681243 0.3509015440940857 969
1607614681449 0.3509413003921509 970
1607614681658 0.3506729304790497 971
1607614681870 0.35043078660964966 972
1607614682074 0.3511723577976227 973
1607614682279 0.35002437233924866 974
1607614682487 0.3507890999317169 975
1607614682692 0.3498346209526062 976
1607614682903 0.34993767738342285 977
1607614683108 0.3494839370250702 978
1607614683310 0.3490161895751953 979
1607614683517 0.34854793548583984 980
1607614683735 0.34845584630966187 981
1607614683944 0.34835371375083923 982
1607614684152 0.34883931279182434 983
1607614684358 0.3488989472389221 984
1607614684563 0.3494211733341217 985
1607614684776 0.3497477173805237 986
1607614684980 0.34977006912231445 987
1607614685190 0.3504898250102997 988
1607614685398 0.3500787317752838 989
1607614685607 0.3506644666194916 990
1607614685816 0.35008955001831055 991
1607614686017 0.3502659201622009 992
1607614686220 0.3495771288871765 993
1607614686428 0.34916555881500244 994
1607614686638 0.3492143452167511 995
1607614686844 0.3486998975276947 996
1607614687050 0.348408967256546 997
1607614687256 0.3483818471431732 998
1607614687462 0.3490886688232422 999
