1607609154382 0.47393980622291565 0
1607609154508 0.46467986702919006 1
1607609154621 0.45690733194351196 2
1607609154740 0.45266497135162354 3
1607609154859 0.44612956047058105 4
1607609154974 0.44244322180747986 5
1607609155092 0.4402921497821808 6
1607609155218 0.43903130292892456 7
1607609155344 0.43843546509742737 8
1607609155459 0.438215047121048 9
1607609155583 0.4372372329235077 10
1607609155701 0.43546968698501587 11
1607609155834 0.4346778392791748 12
1607609155952 0.43433165550231934 13
1607609156067 0.4337121248245239 14
1607609156189 0.4334283173084259 15
1607609156313 0.43225786089897156 16
1607609156427 0.43134698271751404 17
1607609156541 0.43181848526000977 18
1607609156656 0.4311694800853729 19
1607609156774 0.42994001507759094 20
1607609156888 0.42903900146484375 21
1607609157001 0.42779332399368286 22
1607609157120 0.426824688911438 23
1607609157241 0.4260060489177704 24
1607609157357 0.42483973503112793 25
1607609157476 0.42368489503860474 26
1607609157594 0.42307978868484497 27
1607609157716 0.4229795038700104 28
1607609157834 0.4231989085674286 29
1607609157947 0.42292502522468567 30
1607609158072 0.4215783178806305 31
1607609158197 0.41979947686195374 32
1607609158319 0.4188680350780487 33
1607609158449 0.4179864823818207 34
1607609158568 0.4171004295349121 35
1607609158686 0.4163549840450287 36
1607609158806 0.4164804518222809 37
1607609158922 0.4157991409301758 38
1607609159043 0.41471561789512634 39
1607609159160 0.41296204924583435 40
1607609159287 0.41193538904190063 41
1607609159413 0.41157153248786926 42
1607609159533 0.41187232732772827 43
1607609159649 0.41097456216812134 44
1607609159764 0.40998226404190063 45
1607609159879 0.408961683511734 46
1607609160003 0.40815579891204834 47
1607609160123 0.40753084421157837 48
1607609160240 0.40807798504829407 49
1607609160364 0.40801435708999634 50
1607609160486 0.40750768780708313 51
1607609160605 0.40752658247947693 52
1607609160729 0.40633508563041687 53
1607609160847 0.4041972756385803 54
1607609160959 0.40175148844718933 55
1607609161077 0.4005011320114136 56
1607609161196 0.40043407678604126 57
1607609161311 0.4011284410953522 58
1607609161430 0.40190091729164124 59
1607609161548 0.4017474949359894 60
1607609161669 0.3993878960609436 61
1607609161788 0.3967994153499603 62
1607609161908 0.39586466550827026 63
1607609162028 0.39560389518737793 64
1607609162144 0.3965451419353485 65
1607609162259 0.39734384417533875 66
1607609162381 0.3977782428264618 67
1607609162513 0.3968610167503357 68
1607609162632 0.3959496021270752 69
1607609162751 0.39452746510505676 70
1607609162872 0.3935348391532898 71
1607609162991 0.39336031675338745 72
1607609163110 0.39335769414901733 73
1607609163226 0.3920234143733978 74
1607609163341 0.3912842571735382 75
1607609163454 0.39004820585250854 76
1607609163582 0.3894360661506653 77
1607609163699 0.3890996277332306 78
1607609163818 0.38947221636772156 79
1607609163942 0.3896581530570984 80
1607609164064 0.39080941677093506 81
1607609164189 0.3904816210269928 82
1607609164312 0.38964712619781494 83
1607609164428 0.38832148909568787 84
1607609164542 0.3883223831653595 85
1607609164668 0.387320339679718 86
1607609164791 0.3866427540779114 87
1607609164916 0.38763830065727234 88
1607609165034 0.3875150978565216 89
1607609165150 0.3865954279899597 90
1607609165292 0.3855419158935547 91
1607609165417 0.3852818012237549 92
1607609165539 0.38513875007629395 93
1607609165657 0.38504183292388916 94
1607609165776 0.3848285675048828 95
1607609165893 0.38463786244392395 96
1607609166035 0.3840639889240265 97
1607609166161 0.38251107931137085 98
1607609166283 0.3817288875579834 99
1607609166404 0.38220566511154175 100
1607609166522 0.3832111358642578 101
1607609166643 0.38423845171928406 102
1607609166779 0.38417282700538635 103
1607609166914 0.38372349739074707 104
1607609167031 0.38268667459487915 105
1607609167147 0.3818334937095642 106
1607609167263 0.3808879554271698 107
1607609167383 0.37976789474487305 108
1607609167520 0.3797365427017212 109
1607609167642 0.3795088827610016 110
1607609167760 0.37888434529304504 111
1607609167876 0.37878936529159546 112
1607609168010 0.3781624734401703 113
1607609168133 0.3784937858581543 114
1607609168279 0.37759461998939514 115
1607609168407 0.37761518359184265 116
1607609168528 0.37728893756866455 117
1607609168643 0.37780141830444336 118
1607609168761 0.3775172233581543 119
1607609168875 0.377736896276474 120
1607609169016 0.37772688269615173 121
1607609169158 0.3778591454029083 122
1607609169301 0.37811747193336487 123
1607609169444 0.3770851790904999 124
1607609169586 0.37750938534736633 125
1607609169729 0.37721940875053406 126
1607609169871 0.3778112232685089 127
1607609170014 0.3783028721809387 128
1607609170146 0.3771750330924988 129
1607609170273 0.37747880816459656 130
1607609170395 0.3770272135734558 131
1607609170511 0.3761218190193176 132
1607609170627 0.37572169303894043 133
1607609170749 0.37563371658325195 134
1607609170869 0.37523153424263 135
1607609170985 0.3750394582748413 136
1607609171109 0.37432849407196045 137
1607609171223 0.3736489713191986 138
1607609171338 0.3734080493450165 139
1607609171457 0.3728266954421997 140
1607609171698 0.3728676736354828 141
1607609171817 0.37312832474708557 142
1607609171939 0.373604953289032 143
1607609172054 0.37401124835014343 144
1607609172174 0.37471190094947815 145
1607609172291 0.3744894564151764 146
1607609172407 0.37436941266059875 147
1607609172527 0.37362757325172424 148
1607609172652 0.37291011214256287 149
1607609172775 0.3733452558517456 150
1607609172896 0.3727242052555084 151
1607609173017 0.3728165030479431 152
1607609173140 0.37288349866867065 153
1607609173263 0.3729211986064911 154
1607609173380 0.37320902943611145 155
1607609173496 0.3724704086780548 156
1607609173618 0.3727009892463684 157
1607609173736 0.3715173900127411 158
1607609173858 0.37142592668533325 159
1607609173976 0.37141624093055725 160
1607609174097 0.3710538148880005 161
1607609174216 0.37089553475379944 162
1607609174333 0.37155094742774963 163
1607609174448 0.37246811389923096 164
1607609174574 0.3730335235595703 165
1607609174689 0.37461575865745544 166
1607609174804 0.3738518953323364 167
1607609174920 0.3732303977012634 168
1607609175038 0.3707728981971741 169
1607609175154 0.36983612179756165 170
1607609175273 0.36877164244651794 171
1607609175390 0.36827823519706726 172
1607609175530 0.3682330250740051 173
1607609175667 0.36782827973365784 174
1607609175787 0.3686222434043884 175
1607609175911 0.368589848279953 176
1607609176030 0.3693901002407074 177
1607609176168 0.36930209398269653 178
1607609176292 0.3699886202812195 179
1607609176415 0.3702825605869293 180
1607609176537 0.36998477578163147 181
1607609176664 0.3701515197753906 182
1607609176804 0.3701344132423401 183
1607609176961 0.37022918462753296 184
1607609177087 0.370252400636673 185
1607609177205 0.36962655186653137 186
1607609177323 0.3696703314781189 187
1607609177443 0.36955884099006653 188
1607609177561 0.36943769454956055 189
1607609177699 0.3693707585334778 190
1607609177822 0.3689945340156555 191
1607609177939 0.368449330329895 192
1607609178058 0.368012398481369 193
1607609178182 0.3680988550186157 194
1607609178324 0.36877381801605225 195
1607609178453 0.36876171827316284 196
1607609178567 0.36859920620918274 197
1607609178687 0.36901187896728516 198
1607609178830 0.3687288761138916 199
1607609178961 0.3694019317626953 200
1607609179080 0.36822789907455444 201
1607609179199 0.36782291531562805 202
1607609179319 0.3667534291744232 203
1607609179462 0.36631712317466736 204
1607609179585 0.36609193682670593 205
1607609179701 0.3658810555934906 206
1607609179825 0.3659090995788574 207
1607609179948 0.3662271499633789 208
1607609180088 0.36672118306159973 209
1607609180212 0.3671604096889496 210
1607609180337 0.368012934923172 211
1607609180458 0.3682098090648651 212
1607609180577 0.3682512044906616 213
1607609180719 0.36778724193573 214
1607609180872 0.3671056628227234 215
1607609181009 0.36703723669052124 216
1607609181134 0.36710405349731445 217
1607609181289 0.3667307198047638 218
1607609181448 0.3666200637817383 219
1607609181577 0.3660617172718048 220
1607609181709 0.3654545843601227 221
1607609181857 0.365634560585022 222
1607609182011 0.3651955723762512 223
1607609182138 0.3655017912387848 224
1607609182263 0.36528265476226807 225
1607609182375 0.36590051651000977 226
1607609182500 0.36594557762145996 227
1607609182620 0.3670215606689453 228
1607609182739 0.36677923798561096 229
1607609182860 0.3670872449874878 230
1607609182978 0.36732351779937744 231
1607609183098 0.36693981289863586 232
1607609183217 0.3659130036830902 233
1607609183336 0.36556199193000793 234
1607609183454 0.3643456697463989 235
1607609183580 0.363953173160553 236
1607609183698 0.36322060227394104 237
1607609183814 0.36319848895072937 238
1607609183932 0.3633680045604706 239
1607609184046 0.3635158836841583 240
1607609184169 0.36441850662231445 241
1607609184289 0.3653286099433899 242
1607609184409 0.36578795313835144 243
1607609184527 0.3664095103740692 244
1607609184650 0.3659890294075012 245
1607609184772 0.36611589789390564 246
1607609184893 0.36534634232521057 247
1607609185021 0.3646819293498993 248
1607609185141 0.3648219704627991 249
1607609185264 0.36434581875801086 250
1607609185382 0.36420103907585144 251
1607609185502 0.3646664321422577 252
1607609185623 0.3643677532672882 253
1607609185750 0.3651665151119232 254
1607609185868 0.36558008193969727 255
1607609185988 0.3657838702201843 256
1607609186115 0.36530083417892456 257
1607609186238 0.3651617765426636 258
1607609186367 0.3646245300769806 259
1607609186504 0.3645138740539551 260
1607609186630 0.36376500129699707 261
1607609186746 0.36322909593582153 262
1607609186871 0.3631435036659241 263
1607609186995 0.3634127080440521 264
1607609187138 0.3639107048511505 265
1607609187271 0.3645724058151245 266
1607609187390 0.3649357855319977 267
1607609187513 0.36523789167404175 268
1607609187630 0.3648081123828888 269
1607609187768 0.3651113212108612 270
1607609187894 0.36439332365989685 271
1607609188019 0.3644745647907257 272
1607609188138 0.3636798560619354 273
1607609188260 0.3635270595550537 274
1607609188393 0.362463116645813 275
1607609188520 0.36202117800712585 276
1607609188635 0.36192190647125244 277
1607609188753 0.3618958294391632 278
1607609188873 0.36194175481796265 279
1607609188993 0.3625362813472748 280
1607609189130 0.36268457770347595 281
1607609189257 0.36367952823638916 282
1607609189384 0.3634224534034729 283
1607609189513 0.36380907893180847 284
1607609189630 0.3631429970264435 285
1607609189748 0.3626636862754822 286
1607609189884 0.3623492121696472 287
1607609190008 0.36235707998275757 288
1607609190123 0.3628639876842499 289
1607609190249 0.36336585879325867 290
1607609190369 0.36370185017585754 291
1607609190486 0.36370500922203064 292
1607609190619 0.3642713725566864 293
1607609190742 0.36379513144493103 294
1607609190858 0.36375248432159424 295
1607609190974 0.36277779936790466 296
1607609191100 0.36204326152801514 297
1607609191239 0.3617629110813141 298
1607609191374 0.36181581020355225 299
1607609191492 0.36139538884162903 300
1607609191609 0.36137160658836365 301
1607609191726 0.36142849922180176 302
1607609191845 0.36205044388771057 303
1607609191985 0.3624947667121887 304
1607609192127 0.36287206411361694 305
1607609192269 0.3632226884365082 306
1607609192412 0.36309677362442017 307
1607609192556 0.36318135261535645 308
1607609192699 0.36308783292770386 309
1607609192842 0.363496333360672 310
1607609192967 0.3626959025859833 311
1607609193086 0.3624721169471741 312
1607609193206 0.36158105731010437 313
1607609193320 0.36152204871177673 314
1607609193438 0.36099380254745483 315
1607609193554 0.36074164509773254 316
1607609193677 0.36058956384658813 317
1607609193800 0.3606439530849457 318
1607609193928 0.36043328046798706 319
1607609194055 0.3611162304878235 320
1607609194176 0.36166223883628845 321
1607609194296 0.36223602294921875 322
1607609194411 0.36250627040863037 323
1607609194529 0.36237210035324097 324
1607609194643 0.363174706697464 325
1607609194766 0.36259961128234863 326
1607609194885 0.3616724908351898 327
1607609195002 0.3605406582355499 328
1607609195124 0.36000943183898926 329
1607609195239 0.35925382375717163 330
1607609195352 0.358959436416626 331
1607609195467 0.35869401693344116 332
1607609195584 0.35890424251556396 333
1607609195701 0.35934603214263916 334
1607609195825 0.36003193259239197 335
1607609195949 0.36053335666656494 336
1607609196068 0.3616763949394226 337
1607609196191 0.3617240786552429 338
1607609196310 0.3617008328437805 339
1607609196427 0.3618563413619995 340
1607609196544 0.36178144812583923 341
1607609196658 0.3615395128726959 342
1607609196777 0.3612533509731293 343
1607609196910 0.3609793484210968 344
1607609197033 0.36103248596191406 345
1607609197181 0.36023104190826416 346
1607609197311 0.359979510307312 347
1607609197433 0.3591948449611664 348
1607609197552 0.3589468002319336 349
1607609197679 0.35849425196647644 350
1607609197824 0.35836583375930786 351
1607609197952 0.35849079489707947 352
1607609198085 0.35882604122161865 353
1607609198219 0.3597638010978699 354
1607609198341 0.3600325882434845 355
1607609198480 0.36089465022087097 356
1607609198604 0.36084648966789246 357
1607609198724 0.3611965477466583 358
1607609198857 0.3608211576938629 359
1607609198983 0.3608507812023163 360
1607609199131 0.3603385090827942 361
1607609199266 0.3603139817714691 362
1607609199389 0.35997122526168823 363
1607609199515 0.3597331941127777 364
1607609199644 0.35941627621650696 365
1607609199787 0.35910123586654663 366
1607609199911 0.35904043912887573 367
1607609200029 0.3589535355567932 368
1607609200147 0.35908886790275574 369
1607609200267 0.35974910855293274 370
1607609200416 0.3600332736968994 371
1607609200541 0.3601468503475189 372
1607609200659 0.3607363998889923 373
1607609200777 0.3601085841655731 374
1607609200895 0.3606395721435547 375
1607609201038 0.3605072796344757 376
1607609201159 0.3601682186126709 377
1607609201277 0.36084988713264465 378
1607609201398 0.3601490259170532 379
1607609201526 0.3607807755470276 380
1607609201666 0.3603886067867279 381
1607609201794 0.3602216839790344 382
1607609201916 0.3605932891368866 383
1607609202043 0.35991108417510986 384
1607609202164 0.3613651990890503 385
1607609202306 0.3611986041069031 386
1607609202463 0.3608369529247284 387
1607609202596 0.360552579164505 388
1607609202752 0.3598319888114929 389
1607609202908 0.35982009768486023 390
1607609203039 0.358503133058548 391
1607609203171 0.3581569790840149 392
1607609203325 0.3581632375717163 393
1607609203450 0.35813820362091064 394
1607609203574 0.3582647740840912 395
1607609203699 0.3585066795349121 396
1607609203827 0.35848841071128845 397
1607609203953 0.3593488037586212 398
1607609204078 0.35978952050209045 399
1607609204198 0.3598340153694153 400
1607609204317 0.36043426394462585 401
1607609204438 0.3595297932624817 402
1607609204555 0.359884649515152 403
1607609204670 0.35915735363960266 404
1607609204790 0.35901331901550293 405
1607609204909 0.35843998193740845 406
1607609205037 0.35847315192222595 407
1607609205156 0.35812801122665405 408
1607609205282 0.35788869857788086 409
1607609205406 0.3575800657272339 410
1607609205524 0.3573422133922577 411
1607609205648 0.3570486605167389 412
1607609205771 0.3566822409629822 413
1607609205892 0.3566057085990906 414
1607609206022 0.35635238885879517 415
1607609206147 0.357122540473938 416
1607609206267 0.3571469783782959 417
1607609206396 0.35777249932289124 418
1607609206520 0.3586371839046478 419
1607609206636 0.35887065529823303 420
1607609206759 0.35974764823913574 421
1607609206876 0.359814316034317 422
1607609207001 0.3603551387786865 423
1607609207119 0.35962557792663574 424
1607609207249 0.3590644896030426 425
1607609207378 0.35843726992607117 426
1607609207504 0.358030766248703 427
1607609207622 0.3578309714794159 428
1607609207753 0.3574984669685364 429
1607609207873 0.35738280415534973 430
1607609207989 0.35785821080207825 431
1607609208128 0.3578479588031769 432
1607609208251 0.3588230013847351 433
1607609208373 0.35902267694473267 434
1607609208500 0.35955020785331726 435
1607609208616 0.35915112495422363 436
1607609208756 0.3589005470275879 437
1607609208883 0.35897281765937805 438
1607609209003 0.3583371639251709 439
1607609209123 0.35897278785705566 440
1607609209240 0.3582824468612671 441
1607609209377 0.3587920367717743 442
1607609209508 0.3584268093109131 443
1607609209626 0.35875532031059265 444
1607609209746 0.35837578773498535 445
1607609209873 0.3579877018928528 446
1607609210016 0.3577447533607483 447
1607609210140 0.35711702704429626 448
1607609210256 0.3577328026294708 449
1607609210376 0.3579774796962738 450
1607609210513 0.3584362268447876 451
1607609210641 0.35810551047325134 452
1607609210767 0.358189195394516 453
1607609210885 0.35789451003074646 454
1607609211002 0.357778400182724 455
1607609211147 0.3570638597011566 456
1607609211271 0.35663455724716187 457
1607609211394 0.35605305433273315 458
1607609211510 0.35606610774993896 459
1607609211626 0.3561066687107086 460
1607609211773 0.3565174639225006 461
1607609211895 0.3565514087677002 462
1607609212015 0.35699060559272766 463
1607609212132 0.3576606512069702 464
1607609212252 0.3577118515968323 465
1607609212390 0.35847094655036926 466
1607609212514 0.35791900753974915 467
1607609212632 0.35844048857688904 468
1607609212753 0.3573154807090759 469
1607609212875 0.3575434386730194 470
1607609213015 0.3563185930252075 471
1607609213142 0.35659345984458923 472
1607609213262 0.3561309278011322 473
1607609213396 0.35624024271965027 474
1607609213519 0.3561568558216095 475
1607609213659 0.3562691807746887 476
1607609213796 0.35651564598083496 477
1607609213948 0.3569393455982208 478
1607609214112 0.3569686710834503 479
1607609214267 0.35678887367248535 480
1607609214424 0.35671645402908325 481
1607609214556 0.35657650232315063 482
1607609214712 0.35635340213775635 483
1607609214855 0.3563906252384186 484
1607609214981 0.3560061454772949 485
1607609215100 0.35614603757858276 486
1607609215227 0.355674147605896 487
1607609215350 0.35651975870132446 488
1607609215469 0.3563465178012848 489
1607609215600 0.357087105512619 490
1607609215722 0.3573485314846039 491
1607609215839 0.3581123948097229 492
1607609215956 0.3577384650707245 493
1607609216077 0.357399582862854 494
1607609216196 0.3572840988636017 495
1607609216315 0.35692280530929565 496
1607609216441 0.35644420981407166 497
1607609216582 0.3557184934616089 498
1607609216708 0.35536426305770874 499
1607609216838 0.35554078221321106 500
1607609216962 0.35573267936706543 501
1607609217090 0.3561684787273407 502
1607609217214 0.3564375936985016 503
1607609217345 0.35713666677474976 504
1607609217470 0.35746416449546814 505
1607609217598 0.35787051916122437 506
1607609217726 0.3582575023174286 507
1607609217850 0.35757091641426086 508
1607609217966 0.3573368191719055 509
1607609218086 0.3563586473464966 510
1607609218205 0.356252521276474 511
1607609218329 0.35586073994636536 512
1607609218445 0.3554782569408417 513
1607609218561 0.35523495078086853 514
1607609218688 0.35529834032058716 515
1607609218808 0.3552061915397644 516
1607609218929 0.3558416962623596 517
1607609219057 0.35615095496177673 518
1607609219186 0.35672834515571594 519
1607609219313 0.3570714592933655 520
1607609219431 0.35686519742012024 521
1607609219565 0.35779204964637756 522
1607609219696 0.3578842878341675 523
1607609219820 0.3579190671443939 524
1607609219949 0.3571104109287262 525
1607609220070 0.35633760690689087 526
1607609220209 0.35642150044441223 527
1607609220337 0.35578855872154236 528
1607609220456 0.3555118441581726 529
1607609220573 0.3551875650882721 530
1607609220691 0.3550495207309723 531
1607609220829 0.35515502095222473 532
1607609220958 0.3549081087112427 533
1607609221079 0.355045884847641 534
1607609221197 0.3557976186275482 535
1607609221327 0.35607990622520447 536
1607609221459 0.3571329414844513 537
1607609221589 0.3578699231147766 538
1607609221704 0.3592725694179535 539
1607609221821 0.3593555688858032 540
1607609221962 0.35930535197257996 541
1607609222101 0.3581439256668091 542
1607609222231 0.3573707640171051 543
1607609222348 0.35560017824172974 544
1607609222472 0.35471612215042114 545
1607609222590 0.35419145226478577 546
1607609222730 0.35375455021858215 547
1607609222855 0.35374847054481506 548
1607609222971 0.3535677194595337 549
1607609223085 0.35386884212493896 550
1607609223210 0.35427168011665344 551
1607609223355 0.3546679615974426 552
1607609223489 0.35515764355659485 553
1607609223607 0.35555732250213623 554
1607609223725 0.35586678981781006 555
1607609223845 0.3559951186180115 556
1607609223979 0.35603711009025574 557
1607609224101 0.3566593527793884 558
1607609224221 0.3562215268611908 559
1607609224345 0.35675370693206787 560
1607609224461 0.35617515444755554 561
1607609224599 0.3560761511325836 562
1607609224744 0.35603073239326477 563
1607609224890 0.3552967309951782 564
1607609225046 0.3553634583950043 565
1607609225177 0.3539995551109314 566
1607609225302 0.35419437289237976 567
1607609225426 0.35399454832077026 568
1607609225555 0.35418060421943665 569
1607609225684 0.35447436571121216 570
1607609225839 0.35446134209632874 571
1607609225962 0.35560959577560425 572
1607609226085 0.3559333086013794 573
1607609226205 0.35641375184059143 574
1607609226324 0.35586631298065186 575
1607609226441 0.35568714141845703 576
1607609226557 0.35517868399620056 577
1607609226685 0.35462528467178345 578
1607609226973 0.35424602031707764 579
1607609227096 0.3535112142562866 580
1607609227215 0.35351309180259705 581
1607609227335 0.35331031680107117 582
1607609227453 0.35377267003059387 583
1607609227568 0.35396528244018555 584
1607609227686 0.355403870344162 585
1607609227801 0.35629385709762573 586
1607609227924 0.3577992916107178 587
1607609228040 0.357989102602005 588
1607609228158 0.3590691387653351 589
1607609228275 0.35916706919670105 590
1607609228389 0.35834354162216187 591
1607609228506 0.3566068112850189 592
1607609228620 0.35589325428009033 593
1607609228735 0.3546964228153229 594
1607609228863 0.3539089560508728 595
1607609228988 0.3532710373401642 596
1607609229116 0.3529092073440552 597
1607609229236 0.35312893986701965 598
1607609229358 0.35326164960861206 599
1607609229478 0.3538055717945099 600
1607609229601 0.35463854670524597 601
1607609229721 0.3552509546279907 602
1607609229846 0.35587725043296814 603
1607609229972 0.3555987775325775 604
1607609230096 0.3556857407093048 605
1607609230217 0.3550814092159271 606
1607609230337 0.35497891902923584 607
1607609230476 0.3541761040687561 608
1607609230598 0.3541007339954376 609
1607609230713 0.35354554653167725 610
1607609230844 0.35352009534835815 611
1607609230963 0.35352596640586853 612
1607609231097 0.3539366126060486 613
1607609231229 0.3537973463535309 614
1607609231350 0.3549283742904663 615
1607609231470 0.3547467589378357 616
1607609231587 0.35529953241348267 617
1607609231731 0.35519781708717346 618
1607609231858 0.3557153642177582 619
1607609231982 0.3557336628437042 620
1607609232094 0.35564109683036804 621
1607609232207 0.35566064715385437 622
1607609232340 0.3558861315250397 623
1607609232466 0.35575810074806213 624
1607609232582 0.35547029972076416 625
1607609232698 0.35480087995529175 626
1607609232817 0.3547137677669525 627
1607609232950 0.35404765605926514 628
1607609233089 0.3539927899837494 629
1607609233219 0.35389694571495056 630
1607609233342 0.3538787066936493 631
1607609233459 0.3540198802947998 632
1607609233598 0.3540535569190979 633
1607609233722 0.35441726446151733 634
1607609233841 0.3548249900341034 635
1607609233961 0.3546496331691742 636
1607609234081 0.3545548617839813 637
1607609234226 0.35438960790634155 638
1607609234352 0.3544388711452484 639
1607609234469 0.3545980155467987 640
1607609234590 0.3542337715625763 641
1607609234736 0.3541201949119568 642
1607609234859 0.35421016812324524 643
1607609234977 0.35389044880867004 644
1607609235099 0.35437411069869995 645
1607609235225 0.3537997305393219 646
1607609235358 0.35423415899276733 647
1607609235477 0.3537299633026123 648
1607609235601 0.35435882210731506 649
1607609235762 0.3538719415664673 650
1607609235891 0.35432925820350647 651
1607609236026 0.3539925515651703 652
1607609236181 0.3542715311050415 653
1607609236337 0.35379117727279663 654
1607609236464 0.35387030243873596 655
1607609236599 0.35335400700569153 656
1607609236722 0.35341212153434753 657
1607609236851 0.3527930676937103 658
1607609236967 0.3529592752456665 659
1607609237089 0.35279127955436707 660
1607609237213 0.3527158796787262 661
1607609237333 0.3530483841896057 662
1607609237454 0.3532784581184387 663
1607609237574 0.35345521569252014 664
1607609237702 0.35350748896598816 665
1607609237828 0.3537280857563019 666
1607609237959 0.3541090190410614 667
1607609238076 0.35430723428726196 668
1607609238195 0.35419735312461853 669
1607609238317 0.3542554974555969 670
1607609238440 0.35394471883773804 671
1607609238556 0.3537786304950714 672
1607609238672 0.353302925825119 673
1607609238797 0.3533353805541992 674
1607609238915 0.3531454801559448 675
1607609239041 0.3537013530731201 676
1607609239163 0.3532889187335968 677
1607609239280 0.3537966310977936 678
1607609239402 0.3540705442428589 679
1607609239521 0.3544265329837799 680
1607609239641 0.35423898696899414 681
1607609239759 0.3538234531879425 682
1607609239892 0.3534805476665497 683
1607609240017 0.35330522060394287 684
1607609240139 0.3531005084514618 685
1607609240259 0.35248613357543945 686
1607609240378 0.35238754749298096 687
1607609240505 0.3520744740962982 688
1607609240649 0.35253646969795227 689
1607609240773 0.3527345061302185 690
1607609240896 0.35326507687568665 691
1607609241022 0.35382965207099915 692
1607609241141 0.3545606732368469 693
1607609241282 0.3557107448577881 694
1607609241419 0.35659074783325195 695
1607609241538 0.35669735074043274 696
1607609241656 0.3564686179161072 697
1607609241772 0.3556418716907501 698
1607609241912 0.3545020520687103 699
1607609242031 0.3536602854728699 700
1607609242157 0.352620929479599 701
1607609242274 0.3519260287284851 702
1607609242394 0.3513711094856262 703
1607609242536 0.351227343082428 704
1607609242665 0.3512406051158905 705
1607609242786 0.35147470235824585 706
1607609242907 0.35227519273757935 707
1607609243032 0.35295820236206055 708
1607609243184 0.354044646024704 709
1607609243319 0.35441604256629944 710
1607609243442 0.3551430106163025 711
1607609243561 0.35512763261795044 712
1607609243680 0.35574451088905334 713
1607609243823 0.35436519980430603 714
1607609243949 0.3547094166278839 715
1607609244065 0.35383787751197815 716
1607609244185 0.3534585237503052 717
1607609244304 0.3534020483493805 718
1607609244448 0.35285475850105286 719
1607609244570 0.35317641496658325 720
1607609244689 0.3524097502231598 721
1607609244808 0.3525693714618683 722
1607609244948 0.3529593348503113 723
1607609245074 0.35299426317214966 724
1607609245189 0.3536849915981293 725
1607609245309 0.35364314913749695 726
1607609245424 0.35447511076927185 727
1607609245573 0.3540557622909546 728
1607609245697 0.3537726104259491 729
1607609245816 0.352810263633728 730
1607609245934 0.3526008129119873 731
1607609246054 0.35211917757987976 732
1607609246198 0.35174256563186646 733
1607609246356 0.35180893540382385 734
1607609246510 0.35236623883247375 735
1607609246636 0.3525317311286926 736
1607609246765 0.3529971241950989 737
1607609246892 0.3536105453968048 738
1607609247023 0.35411354899406433 739
1607609247148 0.354427695274353 740
1607609247275 0.35383665561676025 741
1607609247404 0.35399749875068665 742
1607609247520 0.3539374768733978 743
1607609247640 0.35425692796707153 744
1607609247755 0.35370129346847534 745
1607609247876 0.35368138551712036 746
1607609247995 0.3532494306564331 747
1607609248112 0.35306331515312195 748
1607609248230 0.3525060713291168 749
1607609248352 0.3524910807609558 750
1607609248470 0.3522340655326843 751
1607609248589 0.35254499316215515 752
1607609248707 0.3526487350463867 753
1607609248827 0.3529279828071594 754
1607609248949 0.3537601828575134 755
1607609249066 0.3541914224624634 756
1607609249185 0.3545108735561371 757
1607609249304 0.35431376099586487 758
1607609249422 0.3542916774749756 759
1607609249540 0.3541806936264038 760
1607609249658 0.3534713089466095 761
1607609249773 0.35193106532096863 762
1607609249892 0.35103467106819153 763
1607609250016 0.3502975106239319 764
1607609250135 0.35021841526031494 765
1607609250254 0.3497101366519928 766
1607609250373 0.3498460352420807 767
1607609250491 0.3501625657081604 768
1607609250613 0.3506302237510681 769
1607609250743 0.3517192602157593 770
1607609250862 0.3525118827819824 771
1607609250979 0.3538797199726105 772
1607609251105 0.35468339920043945 773
1607609251232 0.3557143807411194 774
1607609251358 0.35560667514801025 775
1607609251480 0.3554196059703827 776
1607609251608 0.35471633076667786 777
1607609251726 0.35451361536979675 778
1607609251872 0.3536171019077301 779
1607609251998 0.35312044620513916 780
1607609252121 0.35262954235076904 781
1607609252244 0.3528061509132385 782
1607609252365 0.3528496325016022 783
1607609252509 0.3529908061027527 784
1607609252640 0.352638304233551 785
1607609252758 0.3522651195526123 786
1607609252874 0.3522430658340454 787
1607609252989 0.3522225022315979 788
1607609253120 0.35191696882247925 789
1607609253251 0.35172054171562195 790
1607609253378 0.35160112380981445 791
1607609253500 0.3519163429737091 792
1607609253623 0.35204648971557617 793
1607609253768 0.3520003855228424 794
1607609253902 0.3521173894405365 795
1607609254025 0.35215044021606445 796
1607609254149 0.35225987434387207 797
1607609254272 0.3519851565361023 798
1607609254418 0.3517082929611206 799
1607609254550 0.35138458013534546 800
1607609254671 0.3512082099914551 801
1607609254798 0.35102716088294983 802
1607609254922 0.3504558801651001 803
1607609255069 0.3505276143550873 804
1607609255201 0.35032013058662415 805
1607609255324 0.35048872232437134 806
1607609255444 0.35042545199394226 807
1607609255564 0.3507145047187805 808
1607609255718 0.3511407673358917 809
1607609255855 0.35202378034591675 810
1607609255974 0.3530901074409485 811
1607609256094 0.35458850860595703 812
1607609256214 0.3548121154308319 813
1607609256359 0.3549582362174988 814
1607609256488 0.3546013832092285 815
1607609256644 0.35384976863861084 816
1607609256771 0.3530591130256653 817
1607609256927 0.35178765654563904 818
1607609257084 0.35189247131347656 819
1607609257244 0.3510926067829132 820
1607609257402 0.3511253595352173 821
1607609257536 0.3513451814651489 822
1607609257693 0.35119447112083435 823
1607609257824 0.35171279311180115 824
1607609257951 0.351418673992157 825
1607609258069 0.3518654704093933 826
1607609258203 0.3516193926334381 827
1607609258325 0.3518107235431671 828
1607609258454 0.351805716753006 829
1607609258575 0.3518825173377991 830
1607609258696 0.3521619141101837 831
1607609258816 0.3520065248012543 832
1607609258935 0.35288006067276 833
1607609259049 0.3528977036476135 834
1607609259164 0.3528234660625458 835
1607609259289 0.3528933823108673 836
1607609259409 0.35259130597114563 837
1607609259531 0.3524904251098633 838
1607609259648 0.3519999384880066 839
1607609259767 0.35196182131767273 840
1607609259882 0.3518314063549042 841
1607609259999 0.35167405009269714 842
1607609260117 0.3517245948314667 843
1607609260235 0.3519965410232544 844
1607609260361 0.3523261547088623 845
1607609260485 0.35239100456237793 846
1607609260607 0.35271427035331726 847
1607609260724 0.3528260290622711 848
1607609260845 0.3525490462779999 849
1607609260963 0.3523143529891968 850
1607609261080 0.35148492455482483 851
1607609261196 0.35114622116088867 852
1607609261317 0.3506423532962799 853
1607609261445 0.3502996861934662 854
1607609261562 0.3505838215351105 855
1607609261682 0.35080745816230774 856
1607609261802 0.3509114682674408 857
1607609261926 0.35154208540916443 858
1607609262068 0.35188788175582886 859
1607609262197 0.3527596890926361 860
1607609262318 0.3535153567790985 861
1607609262434 0.35355129837989807 862
1607609262556 0.3535030782222748 863
1607609262699 0.3528558909893036 864
1607609262824 0.3523099422454834 865
1607609262944 0.3518211543560028 866
1607609263063 0.3513019382953644 867
1607609263202 0.35111483931541443 868
1607609263327 0.35053783655166626 869
1607609263446 0.3505276143550873 870
1607609263565 0.350431352853775 871
1607609263689 0.35079294443130493 872
1607609263832 0.3507874310016632 873
1607609263958 0.35127943754196167 874
1607609264077 0.3513356149196625 875
1607609264195 0.3519388437271118 876
1607609264312 0.3519376516342163 877
1607609264442 0.35264286398887634 878
1607609264564 0.35343706607818604 879
1607609264682 0.35366368293762207 880
1607609264812 0.354332834482193 881
1607609264955 0.35446518659591675 882
1607609265089 0.3539265990257263 883
1607609265210 0.3541317284107208 884
1607609265337 0.352863609790802 885
1607609265455 0.3524613678455353 886
1607609265600 0.35132551193237305 887
1607609265733 0.3512130081653595 888
1607609265851 0.35073819756507874 889
1607609265980 0.35041680932044983 890
1607609266098 0.3505915701389313 891
1607609266247 0.35042327642440796 892
1607609266373 0.35063719749450684 893
1607609266499 0.3507210314273834 894
1607609266618 0.35079866647720337 895
1607609266758 0.3508816361427307 896
1607609266885 0.3507117033004761 897
1607609267003 0.3509240448474884 898
1607609267130 0.3505602180957794 899
1607609267248 0.35045838356018066 900
1607609267393 0.35075438022613525 901
1607609267520 0.3509810268878937 902
1607609267661 0.35117366909980774 903
1607609267785 0.350953072309494 904
1607609267941 0.35116636753082275 905
1607609268096 0.35174715518951416 906
1607609268221 0.3517429232597351 907
1607609268385 0.3516486585140228 908
1607609268510 0.35171905159950256 909
1607609268643 0.352024108171463 910
1607609268797 0.35211774706840515 911
1607609268954 0.3524935841560364 912
1607609269086 0.35251832008361816 913
1607609269245 0.3526274859905243 914
1607609269402 0.3521389365196228 915
1607609269556 0.35185733437538147 916
1607609269713 0.3513491153717041 917
1607609269846 0.351029634475708 918
1607609269968 0.3504519462585449 919
1607609270093 0.3501036465167999 920
1607609270248 0.3499108850955963 921
1607609270372 0.3497576117515564 922
1607609270491 0.35037413239479065 923
1607609270607 0.350766122341156 924
1607609270724 0.35119515657424927 925
1607609270847 0.3517245352268219 926
1607609270969 0.35210567712783813 927
1607609271089 0.3522133529186249 928
1607609271214 0.3521786630153656 929
1607609271330 0.35136330127716064 930
1607609271451 0.3511839509010315 931
1607609271567 0.3507710099220276 932
1607609271685 0.35018640756607056 933
1607609271803 0.3504627048969269 934
1607609271923 0.35027015209198 935
1607609272043 0.35055145621299744 936
1607609272165 0.3503367006778717 937
1607609272284 0.35058629512786865 938
1607609272401 0.35077446699142456 939
1607609272517 0.3510373532772064 940
1607609272658 0.3508301377296448 941
1607609272793 0.3509434759616852 942
1607609272917 0.35084643959999084 943
1607609273042 0.35082441568374634 944
1607609273196 0.3509421646595001 945
1607609273352 0.35059309005737305 946
1607609273517 0.35103839635849 947
1607609273642 0.3505535125732422 948
1607609273766 0.35082006454467773 949
1607609273884 0.3507576584815979 950
1607609274003 0.35079526901245117 951
1607609274127 0.35029104351997375 952
1607609274258 0.3503020703792572 953
1607609274382 0.34999942779541016 954
1607609274501 0.3499932289123535 955
1607609274621 0.3497237265110016 956
1607609274740 0.3498890995979309 957
1607609274860 0.35042697191238403 958
1607609274979 0.35101303458213806 959
1607609275098 0.35197678208351135 960
1607609275215 0.35302606225013733 961
1607609275339 0.3539058268070221 962
1607609275459 0.3540825843811035 963
1607609275579 0.35363730788230896 964
1607609275707 0.35290148854255676 965
1607609275834 0.352499783039093 966
1607609275962 0.35112321376800537 967
1607609276083 0.3504684269428253 968
1607609276208 0.34972718358039856 969
1607609276328 0.34945645928382874 970
1607609276474 0.3492427468299866 971
1607609276628 0.34936821460723877 972
1607609276761 0.3495577573776245 973
1607609276887 0.34993812441825867 974
1607609277015 0.35028308629989624 975
1607609277141 0.35069504380226135 976
1607609277268 0.35127851366996765 977
1607609277387 0.35159873962402344 978
1607609277503 0.3519315719604492 979
1607609277627 0.35146284103393555 980
1607609277747 0.3517974317073822 981
1607609277867 0.3515411913394928 982
1607609277986 0.3515399098396301 983
1607609278108 0.35077181458473206 984
1607609278225 0.35063016414642334 985
1607609278343 0.35039445757865906 986
1607609278456 0.3506953716278076 987
1607609278575 0.3505249619483948 988
1607609278701 0.3511162996292114 989
1607609278827 0.3510018289089203 990
1607609278947 0.35181090235710144 991
1607609279069 0.35206538438796997 992
1607609279192 0.3522306978702545 993
1607609279314 0.3524230122566223 994
1607609279440 0.3517841398715973 995
1607609279564 0.35200509428977966 996
1607609279685 0.35123878717422485 997
1607609279817 0.3512960374355316 998
1607609279933 0.35041388869285583 999
