1607608832728 0.47393980622291565 0
1607608832855 0.46467986702919006 1
1607608832983 0.45690733194351196 2
1607608833113 0.4526650309562683 3
1607608833236 0.4461294710636139 4
1607608833354 0.44244474172592163 5
1607608833474 0.44030261039733887 6
1607608833590 0.43904703855514526 7
1607608833701 0.43844881653785706 8
1607608833819 0.4382537305355072 9
1607608833937 0.4373120963573456 10
1607608834050 0.43555569648742676 11
1607608834169 0.4347032904624939 12
1607608834283 0.43427807092666626 13
1607608834400 0.4333806335926056 14
1607608834524 0.433184951543808 15
1607608834642 0.4321112632751465 16
1607608834758 0.43115460872650146 17
1607608834880 0.43134069442749023 18
1607608834995 0.43112045526504517 19
1607608835115 0.4300858676433563 20
1607608835236 0.4284416139125824 21
1607608835349 0.4265102744102478 22
1607608835468 0.42545831203460693 23
1607608835583 0.42546582221984863 24
1607608835698 0.42581501603126526 25
1607608835815 0.42586448788642883 26
1607608835930 0.4245491921901703 27
1607608836043 0.42348387837409973 28
1607608836157 0.42287272214889526 29
1607608836273 0.42228013277053833 30
1607608836390 0.4215836226940155 31
1607608836511 0.4203360974788666 32
1607608836623 0.41913628578186035 33
1607608836736 0.4173547029495239 34
1607608836852 0.4161550998687744 35
1607608836966 0.4158380925655365 36
1607608837082 0.41589590907096863 37
1607608837194 0.4162087142467499 38
1607608837310 0.4153934717178345 39
1607608837431 0.4138656556606293 40
1607608837556 0.41160476207733154 41
1607608837677 0.41001617908477783 42
1607608837807 0.40904802083969116 43
1607608837929 0.4091072082519531 44
1607608838046 0.4099899232387543 45
1607608838166 0.4113217890262604 46
1607608838287 0.4113302528858185 47
1607608838412 0.40874728560447693 48
1607608838528 0.4063638746738434 49
1607608838650 0.4044133424758911 50
1607608838770 0.4034450054168701 51
1607608838886 0.403764009475708 52
1607608839001 0.40473952889442444 53
1607608839123 0.40429478883743286 54
1607608839246 0.40368521213531494 55
1607608839366 0.40219786763191223 56
1607608839486 0.4021469056606293 57
1607608839604 0.40160107612609863 58
1607608839726 0.40086475014686584 59
1607608839846 0.4008042514324188 60
1607608839963 0.4001659154891968 61
1607608840084 0.39901864528656006 62
1607608840200 0.39905351400375366 63
1607608840321 0.39786431193351746 64
1607608840442 0.3969388008117676 65
1607608840560 0.39677679538726807 66
1607608840682 0.39639702439308167 67
1607608840810 0.3962863087654114 68
1607608840936 0.39565303921699524 69
1607608841057 0.39491957426071167 70
1607608841179 0.39460688829421997 71
1607608841301 0.3929973542690277 72
1607608841425 0.3918623924255371 73
1607608841542 0.39144495129585266 74
1607608841660 0.3907094895839691 75
1607608841778 0.39091476798057556 76
1607608841913 0.39219170808792114 77
1607608842033 0.3931792080402374 78
1607608842154 0.39441558718681335 79
1607608842276 0.39257436990737915 80
1607608842392 0.39131930470466614 81
1607608842512 0.38925713300704956 82
1607608842625 0.3877694010734558 83
1607608842750 0.3883598744869232 84
1607608842885 0.3878997266292572 85
1607608843009 0.3878491222858429 86
1607608843136 0.3875563442707062 87
1607608843255 0.3865053951740265 88
1607608843369 0.38532596826553345 89
1607608843482 0.3854028284549713 90
1607608843620 0.38553810119628906 91
1607608843741 0.3852275609970093 92
1607608843860 0.3855825364589691 93
1607608843975 0.3859628736972809 94
1607608844095 0.38565316796302795 95
1607608844211 0.3847850561141968 96
1607608844358 0.38344743847846985 97
1607608844478 0.3824858069419861 98
1607608844601 0.3820364475250244 99
1607608844716 0.3821816146373749 100
1607608844833 0.38280829787254333 101
1607608844950 0.38295042514801025 102
1607608845089 0.3826802968978882 103
1607608845215 0.38316667079925537 104
1607608845342 0.38250717520713806 105
1607608845458 0.38256728649139404 106
1607608845575 0.3819429874420166 107
1607608845689 0.38081085681915283 108
1607608845823 0.3794892132282257 109
1607608845950 0.37908729910850525 110
1607608846077 0.37873536348342896 111
1607608846189 0.3786220848560333 112
1607608846306 0.37878328561782837 113
1607608846419 0.37812232971191406 114
1607608846551 0.37781789898872375 115
1607608846675 0.377420574426651 116
1607608846790 0.37755945324897766 117
1607608846904 0.3782762885093689 118
1607608847019 0.37832972407341003 119
1607608847132 0.3794654607772827 120
1607608847264 0.3806171715259552 121
1607608847395 0.3808143138885498 122
1607608847528 0.37980228662490845 123
1607608847649 0.3791763484477997 124
1607608847770 0.37772616744041443 125
1607608847888 0.3778446912765503 126
1607608848024 0.37725192308425903 127
1607608848168 0.37694427371025085 128
1607608848311 0.37700337171554565 129
1607608848453 0.3764849007129669 130
1607608848596 0.3766583800315857 131
1607608848738 0.3765394687652588 132
1607608848881 0.37617257237434387 133
1607608849000 0.3760620057582855 134
1607608849121 0.3758228123188019 135
1607608849245 0.3755074739456177 136
1607608849361 0.37569257616996765 137
1607608849483 0.3752663731575012 138
1607608849597 0.37553828954696655 139
1607608849718 0.37550684809684753 140
1607608849968 0.37574848532676697 141
1607608850088 0.37536340951919556 142
1607608850205 0.3755251169204712 143
1607608850327 0.37506359815597534 144
1607608850449 0.3740673065185547 145
1607608850562 0.3733603358268738 146
1607608850678 0.37296923995018005 147
1607608850793 0.3723759949207306 148
1607608850918 0.3721953332424164 149
1607608851042 0.37186864018440247 150
1607608851165 0.371959924697876 151
1607608851287 0.371951699256897 152
1607608851410 0.3719165623188019 153
1607608851527 0.37196654081344604 154
1607608851645 0.37236693501472473 155
1607608851768 0.3722603917121887 156
1607608851907 0.3726199269294739 157
1607608852025 0.3727961480617523 158
1607608852142 0.37283098697662354 159
1607608852263 0.37283575534820557 160
1607608852380 0.3725579082965851 161
1607608852499 0.37179234623908997 162
1607608852624 0.3726155161857605 163
1607608852741 0.371945858001709 164
1607608852859 0.3719348907470703 165
1607608852978 0.37100550532341003 166
1607608853094 0.3709638714790344 167
1607608853219 0.37103036046028137 168
1607608853343 0.37154847383499146 169
1607608853481 0.3713408410549164 170
1607608853600 0.37139344215393066 171
1607608853720 0.3703700602054596 172
1607608853844 0.37056729197502136 173
1607608853972 0.3703080117702484 174
1607608854091 0.3706221580505371 175
1607608854223 0.37045159935951233 176
1607608854346 0.36993271112442017 177
1607608854463 0.3705810606479645 178
1607608854581 0.3691912293434143 179
1607608854703 0.36937594413757324 180
1607608854819 0.3694171607494354 181
1607608854967 0.36990877985954285 182
1607608855097 0.3705306649208069 183
1607608855216 0.37081238627433777 184
1607608855340 0.3707984387874603 185
1607608855453 0.37106311321258545 186
1607608855571 0.3706967532634735 187
1607608855703 0.3698960244655609 188
1607608855830 0.36945638060569763 189
1607608855947 0.3691514730453491 190
1607608856066 0.36924096941947937 191
1607608856182 0.3692513704299927 192
1607608856303 0.36825451254844666 193
1607608856440 0.36822089552879333 194
1607608856561 0.3673449754714966 195
1607608856676 0.3678126037120819 196
1607608856798 0.3676470220088959 197
1607608856920 0.3679462671279907 198
1607608857038 0.3683720529079437 199
1607608857177 0.36926865577697754 200
1607608857302 0.3692920207977295 201
1607608857421 0.36953413486480713 202
1607608857557 0.3694338798522949 203
1607608857677 0.3685508072376251 204
1607608857793 0.36828821897506714 205
1607608857928 0.3679908812046051 206
1607608858057 0.36740922927856445 207
1607608858181 0.36793163418769836 208
1607608858301 0.36723557114601135 209
1607608858420 0.3672783374786377 210
1607608858536 0.36775943636894226 211
1607608858652 0.36710241436958313 212
1607608858772 0.3672198951244354 213
1607608858890 0.36581623554229736 214
1607608859030 0.3660573661327362 215
1607608859172 0.36542725563049316 216
1607608859315 0.3654523491859436 217
1607608859457 0.3652406334877014 218
1607608859600 0.3659692704677582 219
1607608859742 0.366583913564682 220
1607608859885 0.367299884557724 221
1607608860005 0.3675388693809509 222
1607608860118 0.36798110604286194 223
1607608860231 0.3684941828250885 224
1607608860351 0.3680895268917084 225
1607608860470 0.3671262264251709 226
1607608860588 0.3663994073867798 227
1607608860713 0.36622998118400574 228
1607608860827 0.3656465411186218 229
1607608860943 0.3654156029224396 230
1607608861058 0.3651677370071411 231
1607608861172 0.36589789390563965 232
1607608861287 0.3656943738460541 233
1607608861408 0.3660804033279419 234
1607608861523 0.36662694811820984 235
1607608861644 0.3668603003025055 236
1607608861762 0.3665445148944855 237
1607608861880 0.3665381669998169 238
1607608861999 0.36633479595184326 239
1607608862115 0.36732620000839233 240
1607608862234 0.3668859899044037 241
1607608862353 0.3669404685497284 242
1607608862467 0.367106556892395 243
1607608862582 0.3673146069049835 244
1607608862708 0.36668792366981506 245
1607608862830 0.36608943343162537 246
1607608862954 0.36516809463500977 247
1607608863074 0.36501339077949524 248
1607608863190 0.36428412795066833 249
1607608863306 0.3637031316757202 250
1607608863427 0.3637499213218689 251
1607608863541 0.3640074133872986 252
1607608863657 0.3643758296966553 253
1607608863786 0.3654263913631439 254
1607608863907 0.36554667353630066 255
1607608864054 0.365665078163147 256
1607608864177 0.36599329113960266 257
1607608864298 0.36584559082984924 258
1607608864414 0.3660517632961273 259
1607608864532 0.3650781214237213 260
1607608864655 0.364729106426239 261
1607608864789 0.3639835715293884 262
1607608864917 0.363260954618454 263
1607608865035 0.36298853158950806 264
1607608865157 0.36281824111938477 265
1607608865280 0.3630368411540985 266
1607608865403 0.3632037341594696 267
1607608865542 0.3637944757938385 268
1607608865665 0.3641570806503296 269
1607608865778 0.36456236243247986 270
1607608865893 0.3650324046611786 271
1607608866018 0.3648897111415863 272
1607608866162 0.3642379939556122 273
1607608866285 0.3636772632598877 274
1607608866404 0.3634767532348633 275
1607608866522 0.36368322372436523 276
1607608866641 0.36404332518577576 277
1607608866763 0.3639625310897827 278
1607608866904 0.36465075612068176 279
1607608867027 0.3635666072368622 280
1607608867151 0.3638116121292114 281
1607608867274 0.3630118668079376 282
1607608867400 0.3626391887664795 283
1607608867522 0.36223912239074707 284
1607608867663 0.36209550499916077 285
1607608867787 0.3624228835105896 286
1607608867908 0.36347705125808716 287
1607608868021 0.36331889033317566 288
1607608868139 0.3643714487552643 289
1607608868265 0.36424949765205383 290
1607608868389 0.36412423849105835 291
1607608868527 0.363413006067276 292
1607608868654 0.3626290261745453 293
1607608868772 0.36194151639938354 294
1607608868890 0.3611574172973633 295
1607608869004 0.36094826459884644 296
1607608869122 0.3607778251171112 297
1607608869257 0.3610175848007202 298
1607608869401 0.3611719310283661 299
1607608869543 0.362657755613327 300
1607608869687 0.36325955390930176 301
1607608869829 0.3656688332557678 302
1607608869971 0.3658364415168762 303
1607608870113 0.36572062969207764 304
1607608870256 0.363923579454422 305
1607608870378 0.3637591004371643 306
1607608870504 0.3621912896633148 307
1607608870628 0.3616470992565155 308
1607608870747 0.36100268363952637 309
1607608870869 0.361092746257782 310
1607608870992 0.3610120117664337 311
1607608871119 0.3614870309829712 312
1607608871235 0.3621074855327606 313
1607608871354 0.36317113041877747 314
1607608871476 0.36420997977256775 315
1607608871609 0.36520668864250183 316
1607608871732 0.3648844361305237 317
1607608871849 0.36498215794563293 318
1607608871973 0.3638143241405487 319
1607608872091 0.36277905106544495 320
1607608872212 0.3618849813938141 321
1607608872333 0.36102810502052307 322
1607608872451 0.36102762818336487 323
1607608872567 0.3607318699359894 324
1607608872690 0.36091452836990356 325
1607608872811 0.3611561059951782 326
1607608872928 0.36127468943595886 327
1607608873056 0.3619000017642975 328
1607608873181 0.3621613383293152 329
1607608873310 0.3624238967895508 330
1607608873437 0.3619185984134674 331
1607608873558 0.36197227239608765 332
1607608873671 0.3620105981826782 333
1607608873791 0.36172667145729065 334
1607608873920 0.361062228679657 335
1607608874038 0.3609740138053894 336
1607608874155 0.3611489236354828 337
1607608874280 0.36088550090789795 338
1607608874400 0.3603938817977905 339
1607608874515 0.3600527048110962 340
1607608874635 0.36009642481803894 341
1607608874768 0.3597911596298218 342
1607608874893 0.35964280366897583 343
1607608875014 0.3595309555530548 344
1607608875131 0.3602547347545624 345
1607608875252 0.3604050576686859 346
1607608875378 0.36128851771354675 347
1607608875513 0.361816942691803 348
1607608875637 0.36262887716293335 349
1607608875750 0.36290690302848816 350
1607608875862 0.3622814416885376 351
1607608875982 0.3619697093963623 352
1607608876112 0.3608299791812897 353
1607608876251 0.3604222536087036 354
1607608876389 0.35994940996170044 355
1607608876507 0.3599664866924286 356
1607608876624 0.3595167100429535 357
1607608876741 0.35958796739578247 358
1607608876881 0.3592723608016968 359
1607608877003 0.35938534140586853 360
1607608877120 0.3595519959926605 361
1607608877248 0.3597729206085205 362
1607608877369 0.35954681038856506 363
1607608877488 0.36024683713912964 364
1607608877630 0.3602522909641266 365
1607608877755 0.36091846227645874 366
1607608877878 0.36109453439712524 367
1607608877996 0.3613651692867279 368
1607608878113 0.36091458797454834 369
1607608878230 0.361314058303833 370
1607608878371 0.36068278551101685 371
1607608878494 0.3608566224575043 372
1607608878617 0.3608884811401367 373
1607608878739 0.36093226075172424 374
1607608878864 0.360713928937912 375
1607608878984 0.36075466871261597 376
1607608879122 0.36009690165519714 377
1607608879247 0.36031827330589294 378
1607608879362 0.3600401282310486 379
1607608879488 0.3598163425922394 380
1607608879605 0.35965368151664734 381
1607608879731 0.3592492341995239 382
1607608879884 0.35948657989501953 383
1607608880026 0.3591994047164917 384
1607608880169 0.359266459941864 385
1607608880312 0.3589761555194855 386
1607608880455 0.3594633936882019 387
1607608880597 0.3593532145023346 388
1607608880750 0.35915037989616394 389
1607608880908 0.35912397503852844 390
1607608881033 0.3589547276496887 391
1607608881155 0.35909852385520935 392
1607608881276 0.3587697744369507 393
1607608881392 0.3589490056037903 394
1607608881517 0.3589654564857483 395
1607608881636 0.36023303866386414 396
1607608881755 0.35974016785621643 397
1607608881877 0.360366553068161 398
1607608881998 0.3601652979850769 399
1607608882121 0.3604740500450134 400
1607608882242 0.3604462444782257 401
1607608882369 0.35962533950805664 402
1607608882486 0.35945549607276917 403
1607608882606 0.3586011528968811 404
1607608882722 0.35813066363334656 405
1607608882838 0.3575536906719208 406
1607608882961 0.35753026604652405 407
1607608883079 0.3575321137905121 408
1607608883195 0.35735324025154114 409
1607608883315 0.3579555153846741 410
1607608883432 0.35755258798599243 411
1607608883549 0.3583461344242096 412
1607608883667 0.3581758141517639 413
1607608883783 0.3586660921573639 414
1607608883901 0.35889020562171936 415
1607608884029 0.35887160897254944 416
1607608884149 0.3596462905406952 417
1607608884270 0.3594251573085785 418
1607608884397 0.3604874610900879 419
1607608884521 0.36002302169799805 420
1607608884645 0.36022502183914185 421
1607608884766 0.35900649428367615 422
1607608884880 0.35910481214523315 423
1607608884998 0.3583715260028839 424
1607608885120 0.3585493862628937 425
1607608885246 0.3577847480773926 426
1607608885392 0.35778671503067017 427
1607608885519 0.35812559723854065 428
1607608885635 0.3578874170780182 429
1607608885754 0.35862305760383606 430
1607608885883 0.3583530783653259 431
1607608886021 0.35888463258743286 432
1607608886157 0.35857826471328735 433
1607608886284 0.3585345149040222 434
1607608886412 0.35827454924583435 435
1607608886534 0.35757920145988464 436
1607608886678 0.3578025698661804 437
1607608886805 0.35748231410980225 438
1607608886925 0.35784319043159485 439
1607608887048 0.3578934371471405 440
1607608887162 0.3584243059158325 441
1607608887305 0.3585735857486725 442
1607608887434 0.36004719138145447 443
1607608887553 0.35932260751724243 444
1607608887671 0.3596450388431549 445
1607608887790 0.35876742005348206 446
1607608887938 0.3586941063404083 447
1607608888065 0.3590796887874603 448
1607608888184 0.35840585827827454 449
1607608888299 0.35849106311798096 450
1607608888414 0.35749638080596924 451
1607608888562 0.3578985929489136 452
1607608888684 0.3575206696987152 453
1607608888804 0.3573334217071533 454
1607608888922 0.35725417733192444 455
1607608889036 0.3567476272583008 456
1607608889179 0.35750946402549744 457
1607608889306 0.35761570930480957 458
1607608889420 0.35822904109954834 459
1607608889542 0.3579535484313965 460
1607608889671 0.358386754989624 461
1607608889815 0.3585766851902008 462
1607608889942 0.3585808575153351 463
1607608890061 0.3580862581729889 464
1607608890180 0.3577782213687897 465
1607608890298 0.3570226728916168 466
1607608890437 0.35668113827705383 467
1607608890564 0.35612553358078003 468
1607608890689 0.3562332093715668 469
1607608890846 0.35559844970703125 470
1607608890978 0.3559612035751343 471
1607608891135 0.35559606552124023 472
1607608891270 0.3557913899421692 473
1607608891394 0.35567814111709595 474
1607608891519 0.3555867373943329 475
1607608891649 0.3560304343700409 476
1607608891777 0.35613343119621277 477
1607608891898 0.3567088842391968 478
1607608892025 0.35734090209007263 479
1607608892153 0.3580985367298126 480
1607608892273 0.3586856722831726 481
1607608892388 0.3587417006492615 482
1607608892507 0.35927248001098633 483
1607608892629 0.35867586731910706 484
1607608892756 0.3584211468696594 485
1607608892873 0.3575972020626068 486
1607608892990 0.3576717674732208 487
1607608893114 0.35735711455345154 488
1607608893237 0.3575051426887512 489
1607608893362 0.3572250306606293 490
1607608893479 0.35726621747016907 491
1607608893600 0.3569786548614502 492
1607608893717 0.3571482002735138 493
1607608893830 0.35662537813186646 494
1607608893946 0.356151819229126 495
1607608894063 0.3556433916091919 496
1607608894187 0.35541287064552307 497
1607608894307 0.35530662536621094 498
1607608894429 0.3552876114845276 499
1607608894550 0.35538020730018616 500
1607608894670 0.3556550443172455 501
1607608894794 0.3561698794364929 502
1607608894912 0.35676509141921997 503
1607608895032 0.3577592074871063 504
1607608895147 0.3578934073448181 505
1607608895271 0.3579726815223694 506
1607608895389 0.3579212725162506 507
1607608895506 0.35749921202659607 508
1607608895623 0.3573085069656372 509
1607608895739 0.35688260197639465 510
1607608895857 0.35628005862236023 511
1607608895986 0.35639968514442444 512
1607608896107 0.3566172122955322 513
1607608896224 0.3566616177558899 514
1607608896354 0.35726991295814514 515
1607608896471 0.356576144695282 516
1607608896615 0.3571571409702301 517
1607608896741 0.3567342460155487 518
1607608896868 0.3568919003009796 519
1607608896988 0.35613662004470825 520
1607608897109 0.3555559515953064 521
1607608897254 0.35501933097839355 522
1607608897384 0.3547701835632324 523
1607608897510 0.3542589545249939 524
1607608897634 0.35405880212783813 525
1607608897751 0.3536365330219269 526
1607608897900 0.35399213433265686 527
1607608898022 0.3538028597831726 528
1607608898138 0.35459762811660767 529
1607608898254 0.35516881942749023 530
1607608898374 0.3557679355144501 531
1607608898515 0.35676437616348267 532
1607608898648 0.35757994651794434 533
1607608898763 0.35799160599708557 534
1607608898885 0.3590041995048523 535
1607608899011 0.35777315497398376 536
1607608899146 0.3576866388320923 537
1607608899273 0.3565446734428406 538
1607608899388 0.3566778302192688 539
1607608899501 0.35583436489105225 540
1607608899617 0.35600361227989197 541
1607608899762 0.3555384576320648 542
1607608899885 0.355966180562973 543
1607608900006 0.3563416302204132 544
1607608900126 0.35655897855758667 545
1607608900245 0.356437087059021 546
1607608900382 0.3572504222393036 547
1607608900511 0.35675203800201416 548
1607608900634 0.3570888638496399 549
1607608900760 0.3564758598804474 550
1607608900887 0.35657861828804016 551
1607608901036 0.3562845289707184 552
1607608901193 0.35631754994392395 553
1607608901346 0.35585522651672363 554
1607608901470 0.356014221906662 555
1607608901595 0.35577985644340515 556
1607608901728 0.3553992509841919 557
1607608901854 0.35518941283226013 558
1607608901979 0.35519447922706604 559
1607608902137 0.3548945188522339 560
1607608902292 0.3547269105911255 561
1607608902422 0.3544185757637024 562
1607608902541 0.35473084449768066 563
1607608902660 0.3547400236129761 564
1607608902785 0.35521388053894043 565
1607608902904 0.35566937923431396 566
1607608903020 0.35604047775268555 567
1607608903134 0.35682663321495056 568
1607608903264 0.35727760195732117 569
1607608903391 0.35761260986328125 570
1607608903511 0.35719332098960876 571
1607608903629 0.35679903626441956 572
1607608903745 0.3564527928829193 573
1607608903864 0.3558478355407715 574
1607608903984 0.3550869822502136 575
1607608904108 0.35502925515174866 576
1607608904223 0.3542916178703308 577
1607608904352 0.35443198680877686 578
1607608904639 0.3538872301578522 579
1607608904764 0.3539429306983948 580
1607608904879 0.35382789373397827 581
1607608905002 0.3537418246269226 582
1607608905123 0.3541523218154907 583
1607608905238 0.35462021827697754 584
1607608905354 0.3550375699996948 585
1607608905471 0.3558977246284485 586
1607608905591 0.3565059304237366 587
1607608905703 0.3566192090511322 588
1607608905818 0.35666537284851074 589
1607608905934 0.3552243113517761 590
1607608906050 0.3551040291786194 591
1607608906164 0.35460370779037476 592
1607608906280 0.3543342649936676 593
1607608906395 0.3540586233139038 594
1607608906515 0.35404643416404724 595
1607608906633 0.3541470766067505 596
1607608906771 0.3544910252094269 597
1607608906898 0.35431092977523804 598
1607608907017 0.3543240427970886 599
1607608907132 0.35433974862098694 600
1607608907250 0.3541892468929291 601
1607608907389 0.3544221818447113 602
1607608907516 0.3544488847255707 603
1607608907637 0.3545990288257599 604
1607608907758 0.35423311591148376 605
1607608907876 0.35481157898902893 606
1607608908010 0.3549017012119293 607
1607608908132 0.3553585112094879 608
1607608908251 0.3555799126625061 609
1607608908368 0.3566855788230896 610
1607608908491 0.355879008769989 611
1607608908635 0.3566667437553406 612
1607608908761 0.3553859293460846 613
1607608908878 0.3562507629394531 614
1607608909001 0.35557040572166443 615
1607608909119 0.35589855909347534 616
1607608909258 0.35591211915016174 617
1607608909383 0.3557470440864563 618
1607608909500 0.35556700825691223 619
1607608909626 0.35560616850852966 620
1607608909758 0.35533368587493896 621
1607608909907 0.354741632938385 622
1607608910037 0.3541659116744995 623
1607608910165 0.3537308871746063 624
1607608910294 0.3538275361061096 625
1607608910412 0.3534284830093384 626
1607608910548 0.35348132252693176 627
1607608910687 0.35305559635162354 628
1607608910812 0.35355573892593384 629
1607608910927 0.35333529114723206 630
1607608911046 0.35345080494880676 631
1607608911182 0.3531006872653961 632
1607608911341 0.3534809648990631 633
1607608911454 0.35326457023620605 634
1607608911567 0.35353654623031616 635
1607608911682 0.3533173203468323 636
1607608911818 0.3539022207260132 637
1607608911967 0.353986531496048 638
1607608912124 0.35452723503112793 639
1607608912279 0.35486212372779846 640
1607608912431 0.35475555062294006 641
1607608912588 0.35472264885902405 642
1607608912721 0.3542979955673218 643
1607608912849 0.3542385399341583 644
1607608912970 0.35409417748451233 645
1607608913097 0.353833943605423 646
1607608913235 0.353776752948761 647
1607608913356 0.35395219922065735 648
1607608913482 0.3538723886013031 649
1607608913604 0.3544785678386688 650
1607608913731 0.3542972505092621 651
1607608913847 0.35444846749305725 652
1607608913961 0.35457339882850647 653
1607608914076 0.3542737662792206 654
1607608914199 0.35445231199264526 655
1607608914330 0.3543640673160553 656
1607608914448 0.35453125834465027 657
1607608914570 0.3544048070907593 658
1607608914688 0.35430794954299927 659
1607608914808 0.35441604256629944 660
1607608914936 0.35445910692214966 661
1607608915051 0.3549276292324066 662
1607608915174 0.35468557476997375 663
1607608915288 0.35472339391708374 664
1607608915417 0.35471829771995544 665
1607608915536 0.355241596698761 666
1607608915655 0.3552418351173401 667
1607608915774 0.3547487258911133 668
1607608915894 0.3548249304294586 669
1607608916012 0.35369306802749634 670
1607608916129 0.3534189462661743 671
1607608916244 0.35307425260543823 672
1607608916363 0.35267654061317444 673
1607608916491 0.3526730239391327 674
1607608916612 0.3524596691131592 675
1607608916732 0.3524787425994873 676
1607608916847 0.3532825708389282 677
1607608916970 0.35344383120536804 678
1607608917102 0.35406529903411865 679
1607608917233 0.3539934754371643 680
1607608917394 0.3540535867214203 681
1607608917548 0.35408565402030945 682
1607608917705 0.35411161184310913 683
1607608917862 0.35339123010635376 684
1607608917994 0.3534940481185913 685
1607608918119 0.3534046411514282 686
1607608918247 0.35350677371025085 687
1607608918377 0.35416004061698914 688
1607608918504 0.3536420464515686 689
1607608918662 0.3542913794517517 690
1607608918792 0.3535148501396179 691
1607608918951 0.35405609011650085 692
1607608919109 0.35357993841171265 693
1607608919266 0.35384422540664673 694
1607608919393 0.353569895029068 695
1607608919523 0.35356104373931885 696
1607608919652 0.35339608788490295 697
1607608919770 0.3530815839767456 698
1607608919898 0.35321125388145447 699
1607608920029 0.3528330624103546 700
1607608920156 0.3529154360294342 701
1607608920280 0.3526650667190552 702
1607608920412 0.35278502106666565 703
1607608920534 0.35310715436935425 704
1607608920654 0.35365381836891174 705
1607608920773 0.35381367802619934 706
1607608920893 0.35433366894721985 707
1607608921019 0.3542882800102234 708
1607608921140 0.3551648259162903 709
1607608921264 0.35440048575401306 710
1607608921398 0.3543147146701813 711
1607608921521 0.35350796580314636 712
1607608921640 0.3536667227745056 713
1607608921756 0.3528493046760559 714
1607608921877 0.3522089421749115 715
1607608921995 0.35164594650268555 716
1607608922113 0.3516775071620941 717
1607608922237 0.3515896797180176 718
1607608922391 0.35147932171821594 719
1607608922527 0.351491242647171 720
1607608922682 0.35172000527381897 721
1607608922806 0.3521571755409241 722
1607608922931 0.3520280718803406 723
1607608923057 0.3529612421989441 724
1607608923181 0.35270562767982483 725
1607608923298 0.3532301187515259 726
1607608923419 0.3536199629306793 727
1607608923546 0.35417410731315613 728
1607608923673 0.35501164197921753 729
1607608923791 0.35588550567626953 730
1607608923916 0.3561127185821533 731
1607608924035 0.3559000790119171 732
1607608924156 0.3559705913066864 733
1607608924274 0.35542312264442444 734
1607608924389 0.35442879796028137 735
1607608924503 0.3534901738166809 736
1607608924630 0.35251331329345703 737
1607608924748 0.35225221514701843 738
1607608924868 0.3519347310066223 739
1607608924987 0.35135307908058167 740
1607608925106 0.3517291843891144 741
1607608925220 0.35211074352264404 742
1607608925339 0.3527706265449524 743
1607608925454 0.3534151315689087 744
1607608925569 0.3541398048400879 745
1607608925692 0.35474592447280884 746
1607608925812 0.35513249039649963 747
1607608925927 0.35469797253608704 748
1607608926050 0.3538777828216553 749
1607608926188 0.3529587984085083 750
1607608926302 0.3522169888019562 751
1607608926416 0.35165631771087646 752
1607608926530 0.3510245978832245 753
1607608926649 0.35085126757621765 754
1607608926777 0.35064974427223206 755
1607608926916 0.35092100501060486 756
1607608927040 0.35113003849983215 757
1607608927166 0.35196760296821594 758
1607608927296 0.3522356152534485 759
1607608927420 0.3532366156578064 760
1607608927545 0.3529565930366516 761
1607608927681 0.3539496958255768 762
1607608927804 0.3534061312675476 763
1607608927930 0.35317692160606384 764
1607608928056 0.3526511490345001 765
1607608928180 0.3524327576160431 766
1607608928297 0.35259783267974854 767
1607608928423 0.3521435260772705 768
1607608928542 0.352461040019989 769
1607608928663 0.35276710987091064 770
1607608928776 0.3528931140899658 771
1607608928897 0.35394611954689026 772
1607608929030 0.35394513607025146 773
1607608929148 0.3550664484500885 774
1607608929268 0.3541018068790436 775
1607608929386 0.35403621196746826 776
1607608929502 0.35269302129745483 777
1607608929626 0.35230404138565063 778
1607608929742 0.351339191198349 779
1607608929859 0.35107892751693726 780
1607608929975 0.3508642613887787 781
1607608930100 0.3509889841079712 782
1607608930218 0.35096919536590576 783
1607608930338 0.3513532280921936 784
1607608930459 0.3516966998577118 785
1607608930573 0.3523770272731781 786
1607608930692 0.35287806391716003 787
1607608930808 0.35301151871681213 788
1607608930926 0.353433758020401 789
1607608931039 0.35347869992256165 790
1607608931163 0.3538696765899658 791
1607608931285 0.3533780574798584 792
1607608931404 0.35362717509269714 793
1607608931519 0.3526410460472107 794
1607608931638 0.3524501621723175 795
1607608931755 0.3512134253978729 796
1607608931869 0.350896954536438 797
1607608932010 0.3501608073711395 798
1607608932150 0.3500175178050995 799
1607608932304 0.3497934341430664 800
1607608932460 0.3501424193382263 801
1607608932616 0.3505396544933319 802
1607608932771 0.3518260419368744 803
1607608932935 0.3524605333805084 804
1607608933061 0.35450100898742676 805
1607608933187 0.3547685146331787 806
1607608933308 0.3557569980621338 807
1607608933429 0.3553743064403534 808
1607608933553 0.35501858592033386 809
1607608933673 0.3540953993797302 810
1607608933793 0.3528083860874176 811
1607608933913 0.3523578941822052 812
1607608934031 0.3515489995479584 813
1607608934147 0.3511130213737488 814
1607608934266 0.3512013852596283 815
1607608934384 0.3508097529411316 816
1607608934498 0.3513706624507904 817
1607608934623 0.3514768183231354 818
1607608934742 0.3515705168247223 819
1607608934861 0.35203173756599426 820
1607608934981 0.35215699672698975 821
1607608935096 0.35255372524261475 822
1607608935216 0.35241594910621643 823
1607608935333 0.3522343337535858 824
1607608935449 0.3522992730140686 825
1607608935565 0.3526534140110016 826
1607608935688 0.35232439637184143 827
1607608935808 0.3526272475719452 828
1607608935926 0.3521396517753601 829
1607608936043 0.3522973358631134 830
1607608936158 0.3519400358200073 831
1607608936270 0.35223615169525146 832
1607608936384 0.3519570231437683 833
1607608936501 0.35185399651527405 834
1607608936618 0.35206466913223267 835
1607608936739 0.35206618905067444 836
1607608936858 0.3528505265712738 837
1607608936978 0.3525247573852539 838
1607608937094 0.3526535928249359 839
1607608937233 0.35218188166618347 840
1607608937377 0.35193389654159546 841
1607608937514 0.3513072729110718 842
1607608937666 0.35071301460266113 843
1607608937816 0.3501186668872833 844
1607608937959 0.34961026906967163 845
1607608938086 0.3494429886341095 846
1607608938218 0.34941378235816956 847
1607608938368 0.3495487570762634 848
1607608938520 0.34968316555023193 849
1607608938649 0.3504987061023712 850
1607608938766 0.3506354093551636 851
1607608938886 0.3515337109565735 852
1607608939003 0.3517938554286957 853
1607608939134 0.3527737557888031 854
1607608939258 0.35308417677879333 855
1607608939384 0.3535045385360718 856
1607608939512 0.35305142402648926 857
1607608939629 0.3530530333518982 858
1607608939746 0.3525591492652893 859
1607608939869 0.35170823335647583 860
1607608940000 0.35094231367111206 861
1607608940123 0.3505973219871521 862
1607608940254 0.3504401445388794 863
1607608940380 0.3508749306201935 864
1607608940511 0.35099852085113525 865
1607608940631 0.35223299264907837 866
1607608940755 0.3520391881465912 867
1607608940879 0.3526463806629181 868
1607608941002 0.35273194313049316 869
1607608941117 0.35286927223205566 870
1607608941235 0.3523221015930176 871
1607608941357 0.3522108197212219 872
1607608941475 0.35179829597473145 873
1607608941591 0.35196441411972046 874
1607608941709 0.3517943322658539 875
1607608941826 0.3517284691333771 876
1607608941943 0.35176360607147217 877
1607608942065 0.35184189677238464 878
1607608942190 0.351953387260437 879
1607608942314 0.3519861400127411 880
1607608942446 0.3522333800792694 881
1607608942570 0.35190242528915405 882
1607608942729 0.35173967480659485 883
1607608942858 0.3508908748626709 884
1607608943016 0.3505934476852417 885
1607608943141 0.3500295579433441 886
1607608943295 0.34953808784484863 887
1607608943425 0.3492989242076874 888
1607608943556 0.34927940368652344 889
1607608943684 0.3495754301548004 890
1607608943802 0.3503432273864746 891
1607608943922 0.3515476584434509 892
1607608944040 0.3529902994632721 893
1607608944159 0.3545803129673004 894
1607608944275 0.3557416796684265 895
1607608944391 0.3569653630256653 896
1607608944514 0.3560381531715393 897
1607608944627 0.3551217317581177 898
1607608944752 0.3539312183856964 899
1607608944869 0.3527200222015381 900
1607608944988 0.3515951335430145 901
1607608945106 0.3510880172252655 902
1607608945223 0.3502013683319092 903
1607608945341 0.3501144349575043 904
1607608945456 0.34990134835243225 905
1607608945578 0.3501664698123932 906
1607608945695 0.35031750798225403 907
1607608945819 0.3505765199661255 908
1607608945943 0.35085371136665344 909
1607608946063 0.35130733251571655 910
1607608946179 0.3512016236782074 911
1607608946300 0.351579874753952 912
1607608946415 0.3512650728225708 913
1607608946530 0.35141557455062866 914
1607608946647 0.35154998302459717 915
1607608946761 0.3514614701271057 916
1607608946882 0.3510785400867462 917
1607608947001 0.35068342089653015 918
1607608947119 0.3505551815032959 919
1607608947243 0.3507471978664398 920
1607608947359 0.35085901618003845 921
1607608947478 0.3508157730102539 922
1607608947592 0.3514917492866516 923
1607608947723 0.3513171076774597 924
1607608947851 0.35247039794921875 925
1607608948003 0.3528185188770294 926
1607608948136 0.3530220687389374 927
1607608948269 0.3529593348503113 928
1607608948427 0.35213544964790344 929
1607608948550 0.3524331748485565 930
1607608948681 0.35211557149887085 931
1607608948810 0.3525192439556122 932
1607608948942 0.3516234755516052 933
1607608949068 0.3520025610923767 934
1607608949193 0.3518592119216919 935
1607608949319 0.35226351022720337 936
1607608949438 0.351266086101532 937
1607608949556 0.351336270570755 938
1607608949685 0.3503333032131195 939
1607608949808 0.35032641887664795 940
1607608949937 0.3492285907268524 941
1607608950056 0.3493698835372925 942
1607608950176 0.3485863208770752 943
1607608950303 0.34875476360321045 944
1607608950426 0.3486785292625427 945
1607608950555 0.3491392731666565 946
1607608950675 0.34956440329551697 947
1607608950794 0.3501337468624115 948
1607608950914 0.35049399733543396 949
1607608951041 0.3514622449874878 950
1607608951161 0.3515265882015228 951
1607608951276 0.35238009691238403 952
1607608951404 0.3517029583454132 953
1607608951523 0.35210925340652466 954
1607608951642 0.3515164852142334 955
1607608951761 0.3514842092990875 956
1607608951880 0.35080257058143616 957
1607608951994 0.3508395850658417 958
1607608952109 0.35112854838371277 959
1607608952224 0.3507351279258728 960
1607608952339 0.3513985574245453 961
1607608952463 0.3506476581096649 962
1607608952579 0.3512158989906311 963
1607608952701 0.351102352142334 964
1607608952822 0.3511231243610382 965
1607608952943 0.35145848989486694 966
1607608953068 0.35100257396698 967
1607608953189 0.35116830468177795 968
1607608953306 0.35090628266334534 969
1607608953423 0.3508719503879547 970
1607608953545 0.3507869839668274 971
1607608953661 0.35065415501594543 972
1607608953776 0.35039350390434265 973
1607608953904 0.35019317269325256 974
1607608954028 0.35038065910339355 975
1607608954150 0.35057854652404785 976
1607608954275 0.350972980260849 977
1607608954394 0.3511075973510742 978
1607608954513 0.3513834476470947 979
1607608954634 0.3512014150619507 980
1607608954756 0.3515194058418274 981
1607608954885 0.3509627878665924 982
1607608955012 0.3507292568683624 983
1607608955138 0.3498270809650421 984
1607608955262 0.34960365295410156 985
1607608955380 0.3493713438510895 986
1607608955504 0.34942665696144104 987
1607608955624 0.34913912415504456 988
1607608955754 0.34944215416908264 989
1607608955876 0.3496566116809845 990
1607608956011 0.3499036729335785 991
1607608956129 0.3505200743675232 992
1607608956247 0.3506074547767639 993
1607608956363 0.3509346842765808 994
1607608956479 0.35076770186424255 995
1607608956601 0.3511849045753479 996
1607608956721 0.3512735366821289 997
1607608956847 0.35132983326911926 998
1607608956968 0.35150498151779175 999
