1607612231357 0.4740822911262512 0
1607612231483 0.4677034616470337 1
1607612231608 0.455657958984375 2
1607612231733 0.44907352328300476 3
1607612231859 0.44510334730148315 4
1607612231975 0.4419446289539337 5
1607612232095 0.44057416915893555 6
1607612232236 0.43996500968933105 7
1607612232354 0.44021421670913696 8
1607612232476 0.43960079550743103 9
1607612232590 0.4387805759906769 10
1607612232710 0.4377845525741577 11
1607612232831 0.4371737241744995 12
1607612232952 0.4348091781139374 13
1607612233079 0.43327420949935913 14
1607612233202 0.4321192800998688 15
1607612233319 0.4313582479953766 16
1607612233450 0.4308551251888275 17
1607612233572 0.43054112792015076 18
1607612233695 0.4299358129501343 19
1607612233813 0.42891329526901245 20
1607612233954 0.4282868206501007 21
1607612234086 0.428331583738327 22
1607612234211 0.42815962433815 23
1607612234327 0.4275475740432739 24
1607612234448 0.42615148425102234 25
1607612234568 0.42515507340431213 26
1607612234687 0.42511773109436035 27
1607612234805 0.42433544993400574 28
1607612234926 0.4235045909881592 29
1607612235049 0.42227739095687866 30
1607612235162 0.42094025015830994 31
1607612235292 0.4197043180465698 32
1607612235417 0.41887134313583374 33
1607612235533 0.4181836247444153 34
1607612235649 0.41816890239715576 35
1607612235768 0.4182806611061096 36
1607612235888 0.4178977608680725 37
1607612236007 0.4170030355453491 38
1607612236124 0.41603362560272217 39
1607612236244 0.4147299528121948 40
1607612236369 0.4141765236854553 41
1607612236484 0.4133419096469879 42
1607612236609 0.4126961827278137 43
1607612236735 0.41200748085975647 44
1607612236857 0.4107733964920044 45
1607612236985 0.4103764295578003 46
1607612237106 0.4093283414840698 47
1607612237233 0.40945619344711304 48
1607612237351 0.4088677763938904 49
1607612237483 0.40897709131240845 50
1607612237600 0.407812237739563 51
1607612237713 0.4069322943687439 52
1607612237836 0.4062124788761139 53
1607612237962 0.40573522448539734 54
1607612238084 0.405167818069458 55
1607612238203 0.40429484844207764 56
1607612238319 0.40353700518608093 57
1607612238434 0.40296295285224915 58
1607612238561 0.40254896879196167 59
1607612238685 0.40165871381759644 60
1607612238810 0.40127912163734436 61
1607612238926 0.40095147490501404 62
1607612239052 0.40068748593330383 63
1607612239166 0.4009372293949127 64
1607612239282 0.4000913202762604 65
1607612239416 0.3991221785545349 66
1607612239540 0.3974701464176178 67
1607612239675 0.39624959230422974 68
1607612239810 0.3952125310897827 69
1607612239926 0.3946741223335266 70
1607612240045 0.39481833577156067 71
1607612240162 0.3950231373310089 72
1607612240282 0.39408501982688904 73
1607612240407 0.39401277899742126 74
1607612240530 0.39370569586753845 75
1607612240652 0.3931322395801544 76
1607612240780 0.3924804627895355 77
1607612240899 0.3915439248085022 78
1607612241020 0.3909240663051605 79
1607612241138 0.3913642466068268 80
1607612241264 0.39171698689460754 81
1607612241388 0.3913908898830414 82
1607612241511 0.390921950340271 83
1607612241630 0.3888888955116272 84
1607612241750 0.3881646990776062 85
1607612241870 0.38740211725234985 86
1607612241990 0.38692206144332886 87
1607612242108 0.3871540129184723 88
1607612242231 0.38704413175582886 89
1607612242353 0.3871588408946991 90
1607612242477 0.3874075412750244 91
1607612242596 0.388084352016449 92
1607612242718 0.3878766596317291 93
1607612242845 0.3874088525772095 94
1607612242973 0.38526442646980286 95
1607612243099 0.38458338379859924 96
1607612243222 0.38328811526298523 97
1607612243344 0.38257622718811035 98
1607612243465 0.3818901479244232 99
1607612243586 0.381500780582428 100
1607612243707 0.3816140294075012 101
1607612243829 0.38178589940071106 102
1607612243962 0.38177505135536194 103
1607612244107 0.382129043340683 104
1607612244230 0.3816567659378052 105
1607612244351 0.38150033354759216 106
1607612244479 0.38108766078948975 107
1607612244607 0.3812544643878937 108
1607612244756 0.38188543915748596 109
1607612244905 0.38185009360313416 110
1607612245035 0.38230377435684204 111
1607612245157 0.3814030885696411 112
1607612245285 0.3807285726070404 113
1607612245439 0.38027456402778625 114
1607612245590 0.3792537450790405 115
1607612245749 0.3792547285556793 116
1607612245887 0.37965530157089233 117
1607612246014 0.3797227740287781 118
1607612246163 0.3793889284133911 119
1607612246320 0.37936726212501526 120
1607612246446 0.37900733947753906 121
1607612246574 0.3786890208721161 122
1607612246732 0.3785410523414612 123
1607612246888 0.377860963344574 124
1607612247040 0.3776722848415375 125
1607612247169 0.3773527145385742 126
1607612247288 0.37714341282844543 127
1607612247404 0.37734511494636536 128
1607612247530 0.37819090485572815 129
1607612247646 0.3779163360595703 130
1607612247779 0.37745052576065063 131
1607612247903 0.3767610192298889 132
1607612248020 0.37598079442977905 133
1607612248140 0.3753458261489868 134
1607612248264 0.3750186264514923 135
1607612248387 0.37487417459487915 136
1607612248505 0.3748505413532257 137
1607612248621 0.3749394714832306 138
1607612248742 0.37454724311828613 139
1607612248876 0.37453562021255493 140
1607612249138 0.37387537956237793 141
1607612249263 0.37376371026039124 142
1607612249380 0.373273640871048 143
1607612249504 0.37345436215400696 144
1607612249620 0.3730449676513672 145
1607612249743 0.3724634647369385 146
1607612249872 0.3722285330295563 147
1607612249992 0.37195587158203125 148
1607612250115 0.37156301736831665 149
1607612250237 0.37154895067214966 150
1607612250357 0.3718535602092743 151
1607612250474 0.3723680377006531 152
1607612250591 0.372958242893219 153
1607612250718 0.3739081621170044 154
1607612250840 0.37450340390205383 155
1607612250956 0.37501999735832214 156
1607612251089 0.3750670254230499 157
1607612251207 0.3739919662475586 158
1607612251328 0.3735138475894928 159
1607612251447 0.37296369671821594 160
1607612251571 0.37248820066452026 161
1607612251690 0.37173670530319214 162
1607612251809 0.37141263484954834 163
1607612251934 0.3708614408969879 164
1607612252057 0.37069499492645264 165
1607612252183 0.3700506091117859 166
1607612252307 0.36962631344795227 167
1607612252424 0.3694186210632324 168
1607612252542 0.3693801462650299 169
1607612252659 0.3695007562637329 170
1607612252772 0.3697582483291626 171
1607612252897 0.3698391020298004 172
1607612253020 0.37027227878570557 173
1607612253142 0.3707151710987091 174
1607612253262 0.37060749530792236 175
1607612253378 0.3713288903236389 176
1607612253498 0.3708975613117218 177
1607612253614 0.3708716332912445 178
1607612253731 0.3700162172317505 179
1607612253850 0.36943554878234863 180
1607612253967 0.3691062331199646 181
1607612254090 0.3688451647758484 182
1607612254210 0.3688470721244812 183
1607612254332 0.36909884214401245 184
1607612254452 0.3694041669368744 185
1607612254594 0.3696296215057373 186
1607612254717 0.370119571685791 187
1607612254843 0.3697446584701538 188
1607612254960 0.36984020471572876 189
1607612255090 0.3693123459815979 190
1607612255238 0.3693898618221283 191
1607612255364 0.36911454796791077 192
1607612255482 0.369104266166687 193
1607612255610 0.3689088523387909 194
1607612255727 0.3691309094429016 195
1607612255867 0.3690214157104492 196
1607612255990 0.3684973120689392 197
1607612256116 0.36846038699150085 198
1607612256237 0.368284672498703 199
1607612256366 0.3688639998435974 200
1607612256510 0.3681216239929199 201
1607612256645 0.36836788058280945 202
1607612256764 0.36771297454833984 203
1607612256888 0.3675549626350403 204
1607612257017 0.36746513843536377 205
1607612257169 0.3672812879085541 206
1607612257296 0.36742955446243286 207
1607612257422 0.36774876713752747 208
1607612257550 0.3674234449863434 209
1607612257679 0.36760610342025757 210
1607612257804 0.3672572076320648 211
1607612257946 0.3670457899570465 212
1607612258070 0.36672234535217285 213
1607612258187 0.36608490347862244 214
1607612258347 0.3656631112098694 215
1607612258475 0.36528971791267395 216
1607612258635 0.3651725947856903 217
1607612258778 0.365184485912323 218
1607612258912 0.3652202785015106 219
1607612259042 0.3656441271305084 220
1607612259204 0.366006076335907 221
1607612259352 0.36677196621894836 222
1607612259508 0.3665686845779419 223
1607612259634 0.3667949438095093 224
1607612259757 0.36616629362106323 225
1607612259876 0.3661990165710449 226
1607612260011 0.3654937148094177 227
1607612260147 0.3658353090286255 228
1607612260271 0.36542314291000366 229
1607612260390 0.36577433347702026 230
1607612260516 0.36586523056030273 231
1607612260654 0.3660556375980377 232
1607612260778 0.36641258001327515 233
1607612260906 0.36609402298927307 234
1607612261026 0.3655856251716614 235
1607612261169 0.3653414845466614 236
1607612261335 0.36496809124946594 237
1607612261462 0.3645382821559906 238
1607612261590 0.36471813917160034 239
1607612261715 0.3645719587802887 240
1607612261832 0.3654215633869171 241
1607612261951 0.36577486991882324 242
1607612262068 0.36652275919914246 243
1607612262188 0.36657997965812683 244
1607612262316 0.3665180206298828 245
1607612262443 0.3656117916107178 246
1607612262567 0.3648981750011444 247
1607612262695 0.36446166038513184 248
1607612262817 0.3639715611934662 249
1607612262945 0.3638043701648712 250
1607612263095 0.3640315532684326 251
1607612263237 0.3641356825828552 252
1607612263394 0.36482396721839905 253
1607612263534 0.3646465241909027 254
1607612263673 0.36537155508995056 255
1607612263804 0.3648265600204468 256
1607612263936 0.36517733335494995 257
1607612264070 0.3643230199813843 258
1607612264190 0.3642507493495941 259
1607612264313 0.36332353949546814 260
1607612264437 0.3632679283618927 261
1607612264565 0.36313769221305847 262
1607612264691 0.36324426531791687 263
1607612264817 0.36312371492385864 264
1607612264954 0.36350637674331665 265
1607612265071 0.36352309584617615 266
1607612265190 0.3640512526035309 267
1607612265323 0.3636147379875183 268
1607612265454 0.3637318015098572 269
1607612265574 0.36360234022140503 270
1607612265697 0.36337709426879883 271
1607612265826 0.36295199394226074 272
1607612265968 0.36246564984321594 273
1607612266096 0.36218535900115967 274
1607612266219 0.36228662729263306 275
1607612266337 0.3626475930213928 276
1607612266470 0.36272957921028137 277
1607612266620 0.3632572293281555 278
1607612266757 0.36370518803596497 279
1607612266900 0.36382874846458435 280
1607612267044 0.36424219608306885 281
1607612267175 0.3640461266040802 282
1607612267317 0.36435720324516296 283
1607612267468 0.3639248013496399 284
1607612267599 0.3639010190963745 285
1607612267730 0.363528311252594 286
1607612267862 0.36345237493515015 287
1607612268009 0.3627898395061493 288
1607612268140 0.36247530579566956 289
1607612268274 0.3623392879962921 290
1607612268398 0.3621559739112854 291
1607612268563 0.3623164892196655 292
1607612268716 0.3622635304927826 293
1607612268858 0.36238718032836914 294
1607612268985 0.36209186911582947 295
1607612269113 0.3621837794780731 296
1607612269256 0.3618274927139282 297
1607612269388 0.3621341586112976 298
1607612269533 0.36163583397865295 299
1607612269659 0.3616085350513458 300
1607612269803 0.3614231050014496 301
1607612269955 0.36148881912231445 302
1607612270088 0.36135992407798767 303
1607612270236 0.3612169027328491 304
1607612270402 0.3611189126968384 305
1607612270538 0.36115607619285583 306
1607612270671 0.3609895706176758 307
1607612270805 0.36082765460014343 308
1607612270936 0.36034950613975525 309
1607612271066 0.36052167415618896 310
1607612271190 0.3608019948005676 311
1607612271318 0.3610743284225464 312
1607612271443 0.3617142140865326 313
1607612271583 0.3620260953903198 314
1607612271720 0.3628823161125183 315
1607612271844 0.36298510432243347 316
1607612271981 0.3629765808582306 317
1607612272120 0.362519770860672 318
1607612272248 0.3620483875274658 319
1607612272379 0.36142346262931824 320
1607612272510 0.3607705235481262 321
1607612272654 0.36079221963882446 322
1607612272801 0.360768586397171 323
1607612272941 0.3608691096305847 324
1607612273072 0.36079996824264526 325
1607612273225 0.3610270321369171 326
1607612273381 0.36105257272720337 327
1607612273513 0.3612898886203766 328
1607612273653 0.36108139157295227 329
1607612273782 0.3613848090171814 330
1607612273914 0.36111947894096375 331
1607612274044 0.3611736595630646 332
1607612274170 0.3607262969017029 333
1607612274299 0.3606789708137512 334
1607612274423 0.36021682620048523 335
1607612274542 0.3600422143936157 336
1607612274666 0.36016136407852173 337
1607612274788 0.36049947142601013 338
1607612274909 0.36119261384010315 339
1607612275034 0.3609713912010193 340
1607612275170 0.3615916967391968 341
1607612275307 0.3611467778682709 342
1607612275440 0.3614611029624939 343
1607612275577 0.360605388879776 344
1607612275718 0.3601657748222351 345
1607612275847 0.359639048576355 346
1607612275973 0.3598373830318451 347
1607612276107 0.3594704568386078 348
1607612276233 0.36001190543174744 349
1607612276356 0.3603305518627167 350
1607612276478 0.3610365688800812 351
1607612276627 0.361284077167511 352
1607612276757 0.3618569076061249 353
1607612276881 0.36221691966056824 354
1607612277003 0.36218932271003723 355
1607612277142 0.36150145530700684 356
1607612277271 0.3610903322696686 357
1607612277392 0.36035338044166565 358
1607612277514 0.3598414361476898 359
1607612277665 0.3594765365123749 360
1607612277806 0.35882967710494995 361
1607612277932 0.35896605253219604 362
1607612278066 0.35870611667633057 363
1607612278234 0.35902389883995056 364
1607612278370 0.3590826690196991 365
1607612278499 0.3594086766242981 366
1607612278631 0.35985270142555237 367
1607612278758 0.35964831709861755 368
1607612278904 0.3599133789539337 369
1607612279027 0.35935911536216736 370
1607612279156 0.35983598232269287 371
1607612279274 0.3591649532318115 372
1607612279421 0.35939761996269226 373
1607612279554 0.35910719633102417 374
1607612279669 0.3594851493835449 375
1607612279794 0.3599487841129303 376
1607612279946 0.3600146174430847 377
1607612280084 0.3599854111671448 378
1607612280218 0.35997888445854187 379
1607612280346 0.3591356873512268 380
1607612280470 0.3591875433921814 381
1607612280593 0.3581980764865875 382
1607612280727 0.35850781202316284 383
1607612280859 0.3581402599811554 384
1607612280986 0.3584424555301666 385
1607612281128 0.3590260446071625 386
1607612281274 0.35945236682891846 387
1607612281430 0.360039621591568 388
1607612281609 0.360299676656723 389
1607612281763 0.36118078231811523 390
1607612281908 0.3606397807598114 391
1607612282047 0.36077165603637695 392
1607612282176 0.36022311449050903 393
1607612282325 0.36034059524536133 394
1607612282462 0.3595689535140991 395
1607612282600 0.35927197337150574 396
1607612282718 0.3589891791343689 397
1607612282845 0.35884690284729004 398
1607612282972 0.35860341787338257 399
1607612283096 0.35855624079704285 400
1607612283232 0.35844263434410095 401
1607612283366 0.3584381341934204 402
1607612283507 0.3580440878868103 403
1607612283630 0.3578225374221802 404
1607612283763 0.3576621413230896 405
1607612283887 0.35755524039268494 406
1607612284013 0.3575020432472229 407
1607612284138 0.3573607802391052 408
1607612284260 0.3576633632183075 409
1607612284381 0.3576929271221161 410
1607612284501 0.35824790596961975 411
1607612284619 0.3581060469150543 412
1607612284743 0.35857072472572327 413
1607612284875 0.358599454164505 414
1607612284997 0.3587610423564911 415
1607612285131 0.358628511428833 416
1607612285263 0.3586210012435913 417
1607612285389 0.3585231304168701 418
1607612285520 0.35863223671913147 419
1607612285651 0.3580454885959625 420
1607612285783 0.35784706473350525 421
1607612285909 0.35766172409057617 422
1607612286043 0.3573458790779114 423
1607612286174 0.357591837644577 424
1607612286320 0.3570295572280884 425
1607612286474 0.3575364053249359 426
1607612286598 0.35728296637535095 427
1607612286717 0.35773715376853943 428
1607612286843 0.3577520549297333 429
1607612286990 0.35756435990333557 430
1607612287114 0.35791638493537903 431
1607612287236 0.3574644923210144 432
1607612287354 0.35793137550354004 433
1607612287478 0.35774460434913635 434
1607612287623 0.35786372423171997 435
1607612287751 0.35829463601112366 436
1607612287876 0.3583220839500427 437
1607612288008 0.3590744733810425 438
1607612288142 0.3590264618396759 439
1607612288284 0.3594467341899872 440
1607612288409 0.35912156105041504 441
1607612288529 0.35942763090133667 442
1607612288662 0.3591535687446594 443
1607612288793 0.3592468798160553 444
1607612288951 0.3590126633644104 445
1607612289085 0.3590298593044281 446
1607612289205 0.3589664399623871 447
1607612289338 0.35806307196617126 448
1607612289462 0.3584286570549011 449
1607612289602 0.35767504572868347 450
1607612289731 0.3575298488140106 451
1607612289861 0.3566338121891022 452
1607612289989 0.3562077283859253 453
1607612290112 0.3557908236980438 454
1607612290262 0.35569503903388977 455
1607612290391 0.35529476404190063 456
1607612290514 0.35538727045059204 457
1607612290636 0.3551531434059143 458
1607612290754 0.35575026273727417 459
1607612290901 0.35593825578689575 460
1607612291035 0.3563518822193146 461
1607612291166 0.3569171726703644 462
1607612291301 0.35751694440841675 463
1607612291433 0.35806509852409363 464
1607612291574 0.35805976390838623 465
1607612291721 0.358017235994339 466
1607612291860 0.35763704776763916 467
1607612292009 0.35802769660949707 468
1607612292136 0.3572118282318115 469
1607612292291 0.35716313123703003 470
1607612292443 0.35660937428474426 471
1607612292575 0.3567686975002289 472
1607612292701 0.35657092928886414 473
1607612292828 0.3565565347671509 474
1607612292951 0.35690057277679443 475
1607612293079 0.3570607006549835 476
1607612293196 0.3574772775173187 477
1607612293322 0.35751211643218994 478
1607612293450 0.35770663619041443 479
1607612293577 0.357666552066803 480
1607612293700 0.3574429750442505 481
1607612293820 0.35787537693977356 482
1607612293946 0.35764047503471375 483
1607612294069 0.3575841784477234 484
1607612294187 0.3571160137653351 485
1607612294305 0.35673996806144714 486
1607612294434 0.3563629388809204 487
1607612294559 0.3559072017669678 488
1607612294684 0.355257511138916 489
1607612294810 0.35527029633522034 490
1607612294943 0.35474708676338196 491
1607612295076 0.3549320101737976 492
1607612295225 0.3546515107154846 493
1607612295363 0.3548353314399719 494
1607612295489 0.35504239797592163 495
1607612295621 0.35519447922706604 496
1607612295756 0.35552841424942017 497
1607612295897 0.3556858003139496 498
1607612296067 0.35594603419303894 499
1607612296238 0.35616856813430786 500
1607612296388 0.3565240204334259 501
1607612296551 0.3562932312488556 502
1607612296706 0.3564572036266327 503
1607612296839 0.35628360509872437 504
1607612296989 0.35651761293411255 505
1607612297166 0.35619887709617615 506
1607612297301 0.3560084104537964 507
1607612297453 0.3559342622756958 508
1607612297607 0.3556831479072571 509
1607612297761 0.3559957444667816 510
1607612297944 0.3560032546520233 511
1607612298091 0.3560158610343933 512
1607612298234 0.3560488522052765 513
1607612298384 0.35601741075515747 514
1607612298536 0.3560860753059387 515
1607612298694 0.3562029004096985 516
1607612298856 0.3562169075012207 517
1607612299001 0.35632455348968506 518
1607612299128 0.3562687635421753 519
1607612299249 0.3562981188297272 520
1607612299376 0.3559383153915405 521
1607612299504 0.35584643483161926 522
1607612299624 0.3554481267929077 523
1607612299764 0.35572174191474915 524
1607612299895 0.3557097613811493 525
1607612300025 0.355655699968338 526
1607612300159 0.3560361862182617 527
1607612300285 0.35656726360321045 528
1607612300408 0.3562612235546112 529
1607612300533 0.35630521178245544 530
1607612300649 0.3561652898788452 531
1607612300778 0.3561624586582184 532
1607612300911 0.3564384877681732 533
1607612301039 0.3561118245124817 534
1607612301173 0.3561636805534363 535
1607612301302 0.3566454350948334 536
1607612301425 0.35655897855758667 537
1607612301553 0.3568863272666931 538
1607612301682 0.3563867211341858 539
1607612301810 0.35623180866241455 540
1607612301940 0.35560932755470276 541
1607612302078 0.35511288046836853 542
1607612302203 0.35474395751953125 543
1607612302332 0.3545132875442505 544
1607612302458 0.3547971546649933 545
1607612302587 0.3545617163181305 546
1607612302725 0.3549586534500122 547
1607612302859 0.3550831079483032 548
1607612302989 0.35564517974853516 549
1607612303106 0.35595351457595825 550
1607612303236 0.35577392578125 551
1607612303361 0.35587966442108154 552
1607612303488 0.35536620020866394 553
1607612303612 0.35512685775756836 554
1607612303737 0.35470858216285706 555
1607612303858 0.35431089997291565 556
1607612303986 0.3538525402545929 557
1607612304116 0.35374173521995544 558
1607612304241 0.3535873293876648 559
1607612304364 0.35403016209602356 560
1607612304481 0.3536825180053711 561
1607612304605 0.3546367585659027 562
1607612304735 0.3546510934829712 563
1607612304870 0.35579362511634827 564
1607612304990 0.3566851019859314 565
1607612305110 0.3583911955356598 566
1607612305232 0.3585416078567505 567
1607612305348 0.35903698205947876 568
1607612305473 0.3576233685016632 569
1607612305597 0.35691606998443604 570
1607612305721 0.3557654023170471 571
1607612305849 0.3548443019390106 572
1607612305972 0.3542666435241699 573
1607612306094 0.35406115651130676 574
1607612306221 0.35377684235572815 575
1607612306352 0.35440459847450256 576
1607612306481 0.35416287183761597 577
1607612306613 0.35504958033561707 578
1607612306947 0.35499441623687744 579
1607612307097 0.3556038439273834 580
1607612307221 0.3561954200267792 581
1607612307348 0.3561544418334961 582
1607612307472 0.3564789891242981 583
1607612307608 0.35575056076049805 584
1607612307758 0.3555850684642792 585
1607612307899 0.3548869490623474 586
1607612308024 0.35439199209213257 587
1607612308153 0.3541300594806671 588
1607612308274 0.353419691324234 589
1607612308415 0.3534517288208008 590
1607612308547 0.35318607091903687 591
1607612308676 0.35338616371154785 592
1607612308803 0.3535836935043335 593
1607612308930 0.35373473167419434 594
1607612309077 0.3544578552246094 595
1607612309210 0.3548247218132019 596
1607612309336 0.35536056756973267 597
1607612309457 0.3557072579860687 598
1607612309576 0.35623136162757874 599
1607612309716 0.3560054898262024 600
1607612309866 0.3558160066604614 601
1607612309996 0.35536515712738037 602
1607612310153 0.35508161783218384 603
1607612310308 0.3547367453575134 604
1607612310470 0.3542204201221466 605
1607612310625 0.35400673747062683 606
1607612310781 0.3539386987686157 607
1607612310908 0.3540114760398865 608
1607612311034 0.3545151650905609 609
1607612311187 0.35462871193885803 610
1607612311317 0.35462141036987305 611
1607612311436 0.35479891300201416 612
1607612311553 0.3545139729976654 613
1607612311674 0.35461682081222534 614
1607612311797 0.35409021377563477 615
1607612311917 0.35384392738342285 616
1607612312035 0.3535815179347992 617
1607612312160 0.3534983992576599 618
1607612312283 0.35359981656074524 619
1607612312413 0.3536991775035858 620
1607612312535 0.35399237275123596 621
1607612312657 0.3541475236415863 622
1607612312785 0.35451674461364746 623
1607612312902 0.3545075058937073 624
1607612313024 0.3548562824726105 625
1607612313141 0.35444724559783936 626
1607612313261 0.35429567098617554 627
1607612313380 0.35391470789909363 628
1607612313504 0.35337144136428833 629
1607612313627 0.35343948006629944 630
1607612313751 0.3532108962535858 631
1607612313874 0.35328200459480286 632
1607612313995 0.353603333234787 633
1607612314117 0.3535088002681732 634
1607612314237 0.35381627082824707 635
1607612314355 0.3538268208503723 636
1607612314480 0.353956937789917 637
1607612314600 0.35371464490890503 638
1607612314725 0.35326293110847473 639
1607612314854 0.3529473543167114 640
1607612314987 0.3528427183628082 641
1607612315109 0.35285475850105286 642
1607612315231 0.3530643582344055 643
1607612315356 0.3534306585788727 644
1607612315476 0.354428768157959 645
1607612315598 0.3547632694244385 646
1607612315730 0.3552442193031311 647
1607612315864 0.355103075504303 648
1607612315988 0.3547270894050598 649
1607612316129 0.35430988669395447 650
1607612316261 0.35358768701553345 651
1607612316390 0.35300272703170776 652
1607612316513 0.3529224097728729 653
1607612316644 0.3526521623134613 654
1607612316786 0.35311537981033325 655
1607612316919 0.35346779227256775 656
1607612317040 0.3538615107536316 657
1607612317162 0.35450980067253113 658
1607612317279 0.3543489873409271 659
1607612317421 0.3546793460845947 660
1607612317557 0.35406720638275146 661
1607612317678 0.35387128591537476 662
1607612317799 0.3532503545284271 663
1607612317918 0.3534204661846161 664
1607612318073 0.3532285690307617 665
1607612318203 0.3536916673183441 666
1607612318327 0.35397467017173767 667
1607612318455 0.3546684980392456 668
1607612318586 0.35510221123695374 669
1607612318730 0.3557259440422058 670
1607612318858 0.3560302257537842 671
1607612318979 0.35557350516319275 672
1607612319103 0.3552757203578949 673
1607612319269 0.3542485535144806 674
1607612319396 0.3537972867488861 675
1607612319526 0.35301706194877625 676
1607612319656 0.35254862904548645 677
1607612319811 0.3521224558353424 678
1607612319950 0.3518126308917999 679
1607612320075 0.3519517779350281 680
1607612320198 0.3520899713039398 681
1607612320319 0.3524162471294403 682
1607612320464 0.352491170167923 683
1607612320595 0.3527917265892029 684
1607612320713 0.3534497618675232 685
1607612320835 0.3533822000026703 686
1607612320956 0.35389697551727295 687
1607612321101 0.3533751964569092 688
1607612321222 0.3539659380912781 689
1607612321341 0.3534141480922699 690
1607612321477 0.3533020615577698 691
1607612321614 0.35296136140823364 692
1607612321756 0.35283270478248596 693
1607612321909 0.3523828685283661 694
1607612322045 0.35236692428588867 695
1607612322177 0.3521570563316345 696
1607612322309 0.3524438142776489 697
1607612322453 0.35271912813186646 698
1607612322605 0.3530597686767578 699
1607612322734 0.35384780168533325 700
1607612322861 0.3540399372577667 701
1607612322987 0.3545086681842804 702
1607612323112 0.3545949459075928 703
1607612323236 0.3545781373977661 704
1607612323360 0.35422658920288086 705
1607612323486 0.35368165373802185 706
1607612323619 0.3532271981239319 707
1607612323737 0.35230761766433716 708
1607612323856 0.35186684131622314 709
1607612323980 0.35190409421920776 710
1607612324099 0.35159268975257874 711
1607612324216 0.35193806886672974 712
1607612324334 0.35198599100112915 713
1607612324457 0.3525964021682739 714
1607612324577 0.35311606526374817 715
1607612324708 0.3539009392261505 716
1607612324824 0.35412612557411194 717
1607612324945 0.3544286787509918 718
1607612325069 0.35405656695365906 719
1607612325189 0.3542660176753998 720
1607612325333 0.3537830710411072 721
1607612325488 0.3533848822116852 722
1607612325634 0.35277417302131653 723
1607612325792 0.3524133861064911 724
1607612325928 0.35223132371902466 725
1607612326070 0.35187217593193054 726
1607612326220 0.3516932427883148 727
1607612326377 0.3515969216823578 728
1607612326521 0.35150814056396484 729
1607612326666 0.3513771891593933 730
1607612326819 0.3514581620693207 731
1607612326966 0.35147538781166077 732
1607612327111 0.3521480858325958 733
1607612327271 0.3519688844680786 734
1607612327400 0.35296598076820374 735
1607612327524 0.3527832627296448 736
1607612327651 0.3537534177303314 737
1607612327773 0.3534619212150574 738
1607612327897 0.3533519208431244 739
1607612328020 0.35286974906921387 740
1607612328138 0.3523259460926056 741
1607612328258 0.3522040843963623 742
1607612328380 0.351780503988266 743
1607612328509 0.3516160249710083 744
1607612328640 0.351198673248291 745
1607612328769 0.35113173723220825 746
1607612328893 0.35124096274375916 747
1607612329018 0.3513246774673462 748
1607612329146 0.35168176889419556 749
1607612329282 0.35181283950805664 750
1607612329404 0.35226741433143616 751
1607612329524 0.3531792163848877 752
1607612329643 0.3533778786659241 753
1607612329763 0.354402631521225 754
1607612329897 0.3541317880153656 755
1607612330021 0.35465168952941895 756
1607612330144 0.3541296422481537 757
1607612330268 0.3539172410964966 758
1607612330389 0.3533693552017212 759
1607612330519 0.3528832197189331 760
1607612330641 0.3522016406059265 761
1607612330763 0.3518214225769043 762
1607612330888 0.3513326346874237 763
1607612331015 0.3511955440044403 764
1607612331140 0.35173094272613525 765
1607612331261 0.35180211067199707 766
1607612331384 0.3524470329284668 767
1607612331502 0.35229337215423584 768
1607612331623 0.3528467118740082 769
1607612331744 0.35309553146362305 770
1607612331866 0.3532971739768982 771
1607612331981 0.35312044620513916 772
1607612332115 0.3531472682952881 773
1607612332233 0.3527567386627197 774
1607612332357 0.3528346121311188 775
1607612332483 0.3525852560997009 776
1607612332608 0.35243847966194153 777
1607612332730 0.35228967666625977 778
1607612332867 0.3518194854259491 779
1607612333001 0.35175248980522156 780
1607612333122 0.3510565757751465 781
1607612333253 0.3514418303966522 782
1607612333376 0.35102471709251404 783
1607612333509 0.3510403037071228 784
1607612333647 0.35111287236213684 785
1607612333775 0.3507627844810486 786
1607612333899 0.3515471816062927 787
1607612334025 0.35145115852355957 788
1607612334142 0.35180342197418213 789
1607612334274 0.3522343337535858 790
1607612334400 0.352364718914032 791
1607612334522 0.3530992567539215 792
1607612334645 0.3531431257724762 793
1607612334774 0.3535991609096527 794
1607612334903 0.35331234335899353 795
1607612335041 0.35320404171943665 796
1607612335176 0.35269176959991455 797
1607612335317 0.3527575433254242 798
1607612335475 0.35229820013046265 799
1607612335611 0.35221773386001587 800
1607612335757 0.35185790061950684 801
1607612335882 0.3517364263534546 802
1607612336036 0.35171034932136536 803
1607612336166 0.3516261577606201 804
1607612336321 0.3516078591346741 805
1607612336478 0.3515051305294037 806
1607612336634 0.35161393880844116 807
1607612336789 0.35143887996673584 808
1607612336949 0.35161635279655457 809
1607612337116 0.3515535593032837 810
1607612337270 0.3513360321521759 811
1607612337421 0.35122445225715637 812
1607612337556 0.35141444206237793 813
1607612337688 0.3513631522655487 814
1607612337812 0.3515065908432007 815
1607612337942 0.35118919610977173 816
1607612338067 0.3512260317802429 817
1607612338194 0.3511121869087219 818
1607612338316 0.35094740986824036 819
1607612338451 0.3509313762187958 820
1607612338581 0.350612998008728 821
1607612338706 0.35106584429740906 822
1607612338824 0.3508799374103546 823
1607612338945 0.3513171970844269 824
1607612339062 0.3514847159385681 825
1607612339189 0.3516780436038971 826
1607612339319 0.3523117005825043 827
1607612339443 0.35225456953048706 828
1607612339573 0.3524603843688965 829
1607612339693 0.3521464169025421 830
1607612339812 0.35248884558677673 831
1607612339945 0.3520277142524719 832
1607612340082 0.35188084840774536 833
1607612340208 0.35174867510795593 834
1607612340338 0.3516162037849426 835
1607612340474 0.3522062301635742 836
1607612340608 0.35214731097221375 837
1607612340744 0.3520314395427704 838
1607612340868 0.35251739621162415 839
1607612340991 0.3523709774017334 840
1607612341114 0.35287851095199585 841
1607612341233 0.3520745038986206 842
1607612341356 0.3520543873310089 843
1607612341480 0.3517414331436157 844
1607612341630 0.35152336955070496 845
1607612341760 0.3513563573360443 846
1607612341889 0.3511922061443329 847
1607612342026 0.3513670861721039 848
1607612342158 0.3512844145298004 849
1607612342285 0.35179853439331055 850
1607612342415 0.35175764560699463 851
1607612342540 0.3522185683250427 852
1607612342659 0.3521663546562195 853
1607612342786 0.3522650897502899 854
1607612342910 0.35193341970443726 855
1607612343035 0.35246890783309937 856
1607612343169 0.3520573377609253 857
1607612343298 0.35232967138290405 858
1607612343425 0.351662814617157 859
1607612343548 0.3517540693283081 860
1607612343675 0.35135990381240845 861
1607612343796 0.35117799043655396 862
1607612343931 0.3508329391479492 863
1607612344059 0.3506925106048584 864
1607612344182 0.35083121061325073 865
1607612344312 0.35078758001327515 866
1607612344439 0.3511713445186615 867
1607612344565 0.3510894179344177 868
1607612344697 0.35184940695762634 869
1607612344817 0.35158172249794006 870
1607612344966 0.35201263427734375 871
1607612345120 0.3515741527080536 872
1607612345277 0.351368248462677 873
1607612345431 0.35120564699172974 874
1607612345584 0.3506968319416046 875
1607612345720 0.3505772650241852 876
1607612345879 0.3504135012626648 877
1607612346021 0.3502046465873718 878
1607612346162 0.3503621220588684 879
1607612346315 0.3499975800514221 880
1607612346476 0.3502669334411621 881
1607612346633 0.3502326011657715 882
1607612346768 0.3505284786224365 883
1607612346895 0.3508571982383728 884
1607612347049 0.3513302206993103 885
1607612347210 0.3516346514225006 886
1607612347335 0.351866215467453 887
1607612347467 0.3516704738140106 888
1607612347604 0.35152608156204224 889
1607612347737 0.351296603679657 890
1607612347863 0.35080990195274353 891
1607612347991 0.3504076600074768 892
1607612348115 0.3501870930194855 893
1607612348238 0.3500651717185974 894
1607612348364 0.34998953342437744 895
1607612348488 0.35022953152656555 896
1607612348621 0.35019630193710327 897
1607612348753 0.3506118357181549 898
1607612348881 0.3506283760070801 899
1607612349007 0.35085928440093994 900
1607612349127 0.3511222302913666 901
1607612349251 0.3510878086090088 902
1607612349387 0.35161811113357544 903
1607612349503 0.3515864610671997 904
1607612349632 0.3523608148097992 905
1607612349754 0.3518095314502716 906
1607612349881 0.3524957299232483 907
1607612350043 0.3513237535953522 908
1607612350187 0.3519415557384491 909
1607612350335 0.3506850302219391 910
1607612350500 0.35062137246131897 911
1607612350637 0.3498747944831848 912
1607612350784 0.3497433066368103 913
1607612350934 0.3496653437614441 914
1607612351087 0.3497551381587982 915
1607612351215 0.35013410449028015 916
1607612351338 0.35102391242980957 917
1607612351472 0.3517201244831085 918
1607612351601 0.3530087471008301 919
1607612351727 0.35306689143180847 920
1607612351849 0.35378211736679077 921
1607612351967 0.3529874086380005 922
1607612352096 0.3530653417110443 923
1607612352232 0.3520459234714508 924
1607612352361 0.3510271906852722 925
1607612352501 0.35009142756462097 926
1607612352623 0.3495177924633026 927
1607612352746 0.34908372163772583 928
1607612352870 0.3486989140510559 929
1607612352990 0.3486217260360718 930
1607612353111 0.34880030155181885 931
1607612353238 0.34878256916999817 932
1607612353365 0.3494876027107239 933
1607612353488 0.34972238540649414 934
1607612353616 0.35067909955978394 935
1607612353741 0.35112375020980835 936
1607612353864 0.3516218364238739 937
1607612353988 0.351709246635437 938
1607612354127 0.35141894221305847 939
1607612354267 0.35184022784233093 940
1607612354396 0.3512845039367676 941
1607612354536 0.35132208466529846 942
1607612354656 0.35079747438430786 943
1607612354791 0.35083603858947754 944
1607612354920 0.3511526882648468 945
1607612355048 0.35129421949386597 946
1607612355168 0.3515910804271698 947
1607612355298 0.3513554036617279 948
1607612355457 0.3517723083496094 949
1607612355605 0.3513798713684082 950
1607612355748 0.3518439531326294 951
1607612355904 0.351113498210907 952
1607612356051 0.3511553406715393 953
1607612356213 0.3506183624267578 954
1607612356361 0.35062211751937866 955
1607612356502 0.3502747714519501 956
1607612356642 0.3501598536968231 957
1607612356779 0.3498440384864807 958
1607612356905 0.349993497133255 959
1607612357031 0.3496854305267334 960
1607612357160 0.34992706775665283 961
1607612357309 0.35029467940330505 962
1607612357460 0.3501088321208954 963
1607612357592 0.3505721688270569 964
1607612357734 0.3504994213581085 965
1607612357863 0.35057592391967773 966
1607612357999 0.3508216440677643 967
1607612358134 0.3503340482711792 968
1607612358271 0.3506256639957428 969
1607612358404 0.3509567081928253 970
1607612358539 0.3508925139904022 971
1607612358660 0.3512462377548218 972
1607612358784 0.3513489365577698 973
1607612358930 0.35170575976371765 974
1607612359070 0.351826548576355 975
1607612359203 0.35172566771507263 976
1607612359323 0.35132351517677307 977
1607612359443 0.35119736194610596 978
1607612359559 0.35041528940200806 979
1607612359688 0.3499201238155365 980
1607612359810 0.3495763838291168 981
1607612359935 0.34912723302841187 982
1607612360062 0.34903252124786377 983
1607612360189 0.34897488355636597 984
1607612360324 0.3491555154323578 985
1607612360453 0.3490561544895172 986
1607612360581 0.3493168354034424 987
1607612360710 0.34972044825553894 988
1607612360843 0.3499774932861328 989
1607612360963 0.3504590392112732 990
1607612361083 0.35051366686820984 991
1607612361205 0.3509393036365509 992
1607612361327 0.3511778712272644 993
1607612361446 0.3509809374809265 994
1607612361571 0.35082656145095825 995
1607612361687 0.35045337677001953 996
1607612361803 0.35013386607170105 997
1607612361927 0.3498467206954956 998
1607612362054 0.3499453663825989 999
