1607665924343 0.4739919602870941 0
1607665924477 0.46464046835899353 1
1607665924608 0.45681387186050415 2
1607665924742 0.4524569511413574 3
1607665924877 0.4463596045970917 4
1607665925006 0.44233977794647217 5
1607665925137 0.44022461771965027 6
1607665925264 0.43900173902511597 7
1607665925393 0.4384081959724426 8
1607665925525 0.43803131580352783 9
1607665925659 0.4371831715106964 10
1607665925787 0.4355834126472473 11
1607665925917 0.43470558524131775 12
1607665926044 0.43416449427604675 13
1607665926185 0.43378761410713196 14
1607665926322 0.4333224892616272 15
1607665926468 0.4313921332359314 16
1607665926608 0.4304007589817047 17
1607665926752 0.42987847328186035 18
1607665926891 0.42999204993247986 19
1607665927026 0.43001481890678406 20
1607665927149 0.4294317960739136 21
1607665927286 0.4283199608325958 22
1607665927422 0.42786529660224915 23
1607665927567 0.4265957772731781 24
1607665927713 0.4252777695655823 25
1607665927853 0.42419344186782837 26
1607665927987 0.4236017167568207 27
1607665928124 0.4229130446910858 28
1607665928262 0.4224432110786438 29
1607665928391 0.4216514825820923 30
1607665928522 0.4204723536968231 31
1607665928649 0.4193142354488373 32
1607665928779 0.41843387484550476 33
1607665928908 0.4176819324493408 34
1607665929047 0.41650283336639404 35
1607665929183 0.41583114862442017 36
1607665929316 0.4155508577823639 37
1607665929456 0.4153967797756195 38
1607665929601 0.4143858551979065 39
1607665929729 0.4136006236076355 40
1607665929859 0.41293078660964966 41
1607665930000 0.41329246759414673 42
1607665930144 0.4121408462524414 43
1607665930276 0.410766065120697 44
1607665930412 0.40933412313461304 45
1607665930541 0.40807509422302246 46
1607665930679 0.4068916440010071 47
1607665930806 0.40683701634407043 48
1607665930938 0.40657731890678406 49
1607665931074 0.40683847665786743 50
1607665931203 0.40535807609558105 51
1607665931332 0.40512874722480774 52
1607665931462 0.40385234355926514 53
1607665931596 0.40300384163856506 54
1607665931725 0.4023679792881012 55
1607665931870 0.40254050493240356 56
1607665932018 0.4022367000579834 57
1607665932148 0.4019654095172882 58
1607665932277 0.3997609317302704 59
1607665932409 0.39832717180252075 60
1607665932537 0.3976493775844574 61
1607665932674 0.3973647356033325 62
1607665932812 0.3982110917568207 63
1607665932953 0.3996296226978302 64
1607665933084 0.400721937417984 65
1607665933215 0.4008145332336426 66
1607665933358 0.3984266519546509 67
1607665933491 0.3963639438152313 68
1607665933622 0.39477646350860596 69
1607665933758 0.3937344551086426 70
1607665933889 0.39398708939552307 71
1607665934028 0.3932877480983734 72
1607665934286 0.3928123116493225 73
1607665934418 0.3922477066516876 74
1607665934546 0.392228901386261 75
1607665934677 0.3918241858482361 76
1607665934815 0.39148545265197754 77
1607665934952 0.3912075161933899 78
1607665935084 0.39112919569015503 79
1607665935212 0.38987666368484497 80
1607665935346 0.388516902923584 81
1607665935481 0.3885798156261444 82
1607665935610 0.3891230821609497 83
1607665935738 0.389282763004303 84
1607665935871 0.38961535692214966 85
1607665936017 0.3891585171222687 86
1607665936148 0.3883707821369171 87
1607665936288 0.3871856927871704 88
1607665936426 0.386665940284729 89
1607665936559 0.38650137186050415 90
1607665936692 0.3859563171863556 91
1607665936822 0.3853453993797302 92
1607665936957 0.38473543524742126 93
1607665937109 0.3840194642543793 94
1607665937262 0.3842785954475403 95
1607665937420 0.38441333174705505 96
1607665937570 0.38388654589653015 97
1607665937721 0.3837626576423645 98
1607665937877 0.3829624056816101 99
1607665938016 0.38302409648895264 100
1607665938149 0.3825663626194 101
1607665938283 0.3824784755706787 102
1607665938429 0.3823390603065491 103
1607665938582 0.3822108209133148 104
1607665938736 0.38185709714889526 105
1607665938874 0.3810443878173828 106
1607665939025 0.38042572140693665 107
1607665939176 0.3801518976688385 108
1607665939330 0.3790699243545532 109
1607665939485 0.3789519965648651 110
1607665939643 0.3794151544570923 111
1607665939804 0.37900662422180176 112
1607665939958 0.3791391849517822 113
1607665940119 0.3792151212692261 114
1607665940309 0.37917497754096985 115
1607665940494 0.37936434149742126 116
1607665940661 0.37870749831199646 117
1607665940824 0.3786465525627136 118
1607665940963 0.37870749831199646 119
1607665941113 0.37882325053215027 120
1607665941251 0.3789011836051941 121
1607665941391 0.37859809398651123 122
1607665941533 0.37917065620422363 123
1607665941676 0.37958478927612305 124
1607665941819 0.3793075382709503 125
1607665941972 0.37844815850257874 126
1607665942115 0.37754756212234497 127
1607665942250 0.37704843282699585 128
1607665942381 0.37561070919036865 129
1607665942515 0.37529081106185913 130
1607665942671 0.3746044933795929 131
1607665942836 0.3742024600505829 132
1607665942975 0.3746088445186615 133
1607665943114 0.37457284331321716 134
1607665943253 0.3746717572212219 135
1607665943385 0.3752128481864929 136
1607665943514 0.375191867351532 137
1607665943654 0.3752083480358124 138
1607665943788 0.3743688464164734 139
1607665943928 0.3740085959434509 140
1607665944071 0.3736930191516876 141
1607665944217 0.37329497933387756 142
1607665944359 0.37338578701019287 143
1607665944491 0.3727644085884094 144
1607665944640 0.37346571683883667 145
1607665944780 0.3733033239841461 146
1607665944913 0.373970627784729 147
1607665945050 0.37464645504951477 148
1607665945181 0.3745831549167633 149
1607665945319 0.3746272921562195 150
1607665945453 0.37340855598449707 151
1607665945595 0.3729434311389923 152
1607665945738 0.3723981976509094 153
1607665945870 0.37246960401535034 154
1607665946011 0.37286803126335144 155
1607665946142 0.37323567271232605 156
1607665946273 0.37389087677001953 157
1607665946407 0.37365251779556274 158
1607665946548 0.374006450176239 159
1607665946684 0.37353262305259705 160
1607665946821 0.3728314936161041 161
1607665946953 0.371703565120697 162
1607665947094 0.3705560863018036 163
1607665947230 0.37070149183273315 164
1607665947361 0.370518296957016 165
1607665947494 0.36991825699806213 166
1607665947625 0.3705374598503113 167
1607665947761 0.3700864315032959 168
1607665947918 0.37105125188827515 169
1607665948057 0.37031811475753784 170
1607665948192 0.3710637390613556 171
1607665948330 0.37062138319015503 172
1607665948461 0.37172454595565796 173
1607665948592 0.37072664499282837 174
1607665948748 0.37070566415786743 175
1607665948899 0.37033310532569885 176
1607665949045 0.3701266050338745 177
1607665949185 0.37012478709220886 178
1607665949319 0.369438111782074 179
1607665949474 0.3698175251483917 180
1607665949615 0.36942562460899353 181
1607665949756 0.3699558675289154 182
1607665949900 0.3681667745113373 183
1607665950034 0.3679228127002716 184
1607665950182 0.3680342137813568 185
1607665950335 0.36906376481056213 186
1607665950486 0.36968857049942017 187
1607665950638 0.370307981967926 188
1607665950773 0.3703034520149231 189
1607665950919 0.3695183992385864 190
1607665951055 0.36969709396362305 191
1607665951190 0.36888888478279114 192
1607665951323 0.3684552311897278 193
1607665951457 0.36857330799102783 194
1607665951614 0.3683772683143616 195
1607665951760 0.3687794804573059 196
1607665951927 0.3689120411872864 197
1607665952090 0.36880677938461304 198
1607665952240 0.36843839287757874 199
1607665952394 0.36761319637298584 200
1607665952552 0.36723217368125916 201
1607665952714 0.366802841424942 202
1607665952870 0.36637967824935913 203
1607665953033 0.36628925800323486 204
1607665953172 0.3663923144340515 205
1607665953332 0.36691442131996155 206
1607665953490 0.3675607740879059 207
1607665953645 0.3682825267314911 208
1607665953786 0.3689606785774231 209
1607665953918 0.36911603808403015 210
1607665954048 0.3690129518508911 211
1607665954177 0.3685375154018402 212
1607665954320 0.368025541305542 213
1607665954448 0.367849200963974 214
1607665954582 0.36768266558647156 215
1607665954732 0.3674068748950958 216
1607665954870 0.36753129959106445 217
1607665955002 0.36730578541755676 218
1607665955134 0.3678955137729645 219
1607665955272 0.36747413873672485 220
1607665955405 0.36768481135368347 221
1607665955544 0.3662659227848053 222
1607665955684 0.3664241433143616 223
1607665955832 0.3656154274940491 224
1607665955966 0.365759015083313 225
1607665956098 0.36494195461273193 226
1607665956230 0.3648558557033539 227
1607665956369 0.3647104799747467 228
1607665956503 0.36453160643577576 229
1607665956642 0.36470213532447815 230
1607665956799 0.3650515377521515 231
1607665956932 0.36560511589050293 232
1607665957073 0.3665986657142639 233
1607665957211 0.36758607625961304 234
1607665957349 0.3682740032672882 235
1607665957479 0.36926376819610596 236
1607665957619 0.3684297204017639 237
1607665957758 0.36760905385017395 238
1607665957893 0.36614203453063965 239
1607665958034 0.3650808334350586 240
1607665958167 0.36474213004112244 241
1607665958300 0.3642706573009491 242
1607665958434 0.3643842339515686 243
1607665958570 0.365007609128952 244
1607665958704 0.36531883478164673 245
1607665958838 0.3661125600337982 246
1607665958971 0.3668912649154663 247
1607665959102 0.366369366645813 248
1607665959242 0.3659439980983734 249
1607665959378 0.3651336431503296 250
1607665959511 0.3645947277545929 251
1607665959644 0.36387693881988525 252
1607665959775 0.36335068941116333 253
1607665959910 0.36281394958496094 254
1607665960041 0.3628792464733124 255
1607665960176 0.36327728629112244 256
1607665960305 0.36305373907089233 257
1607665960451 0.36377424001693726 258
1607665960590 0.36382630467414856 259
1607665960724 0.3644014000892639 260
1607665960857 0.36462637782096863 261
1607665960994 0.36437806487083435 262
1607665961148 0.3642136752605438 263
1607665961288 0.36479926109313965 264
1607665961432 0.36440521478652954 265
1607665961581 0.3646497130393982 266
1607665961743 0.36428114771842957 267
1607665961888 0.364186555147171 268
1607665962041 0.36342665553092957 269
1607665962185 0.3628687560558319 270
1607665962319 0.3629741668701172 271
1607665962470 0.36240142583847046 272
1607665962612 0.3622584044933319 273
1607665962755 0.3618900179862976 274
1607665962907 0.36212384700775146 275
1607665963047 0.3622983694076538 276
1607665963189 0.3630584478378296 277
1607665963328 0.3634856045246124 278
1607665963462 0.3643129765987396 279
1607665963606 0.364361435174942 280
1607665963751 0.3648665249347687 281
1607665963905 0.36440539360046387 282
1607665964066 0.3645591139793396 283
1607665964211 0.3638225197792053 284
1607665964351 0.36345812678337097 285
1607665964512 0.3634141683578491 286
1607665964682 0.36293402314186096 287
1607665964827 0.3630857467651367 288
1607665964992 0.36282262206077576 289
1607665965132 0.36256781220436096 290
1607665965295 0.3626817464828491 291
1607665965444 0.3625108599662781 292
1607665965600 0.3631300628185272 293
1607665965779 0.36240777373313904 294
1607665965931 0.3631405532360077 295
1607665966114 0.3627530038356781 296
1607665966293 0.3636183440685272 297
1607665966458 0.36270472407341003 298
1607665966641 0.3627931475639343 299
1607665966779 0.3626795709133148 300
1607665966920 0.3626265823841095 301
1607665967056 0.36221861839294434 302
1607665967194 0.3616015613079071 303
1607665967325 0.3615407943725586 304
1607665967462 0.36134061217308044 305
1607665967599 0.36158275604248047 306
1607665967737 0.36167553067207336 307
1607665967872 0.3621026873588562 308
1607665968010 0.36226072907447815 309
1607665968146 0.3629719913005829 310
1607665968278 0.36365848779678345 311
1607665968414 0.3635275661945343 312
1607665968546 0.36307743191719055 313
1607665968693 0.3624902367591858 314
1607665968842 0.36215314269065857 315
1607665968975 0.36146917939186096 316
1607665969106 0.3605387508869171 317
1607665969239 0.36037886142730713 318
1607665969371 0.359846293926239 319
1607665969501 0.35995569825172424 320
1607665969642 0.3601011037826538 321
1607665969773 0.36028608679771423 322
1607665969909 0.36082735657691956 323
1607665970037 0.3613261282444 324
1607665970170 0.3617892861366272 325
1607665970302 0.3628206253051758 326
1607665970433 0.3630521297454834 327
1607665970560 0.36251121759414673 328
1607665970700 0.3621048629283905 329
1607665970853 0.36177030205726624 330
1607665970985 0.3619891107082367 331
1607665971120 0.3614272177219391 332
1607665971260 0.36123770475387573 333
1607665971394 0.3610398471355438 334
1607665971525 0.36126935482025146 335
1607665971665 0.36050310730934143 336
1607665971814 0.36050528287887573 337
1607665971941 0.3603473901748657 338
1607665972081 0.3604671359062195 339
1607665972221 0.3610948324203491 340
1607665972356 0.36111345887184143 341
1607665972495 0.3622484505176544 342
1607665972628 0.36277416348457336 343
1607665972759 0.36245641112327576 344
1607665972890 0.36153048276901245 345
1607665973033 0.36152616143226624 346
1607665973169 0.3611304759979248 347
1607665973314 0.36040419340133667 348
1607665973448 0.3599538803100586 349
1607665973581 0.35973289608955383 350
1607665973733 0.36004212498664856 351
1607665973868 0.360038161277771 352
1607665974015 0.3599768579006195 353
1607665974154 0.3601539134979248 354
1607665974291 0.35997268557548523 355
1607665974438 0.36046549677848816 356
1607665974584 0.3601515591144562 357
1607665974726 0.36061903834342957 358
1607665974862 0.3604465126991272 359
1607665974997 0.36094942688941956 360
1607665975152 0.36084237694740295 361
1607665975294 0.36073675751686096 362
1607665975428 0.360890656709671 363
1607665975560 0.3601871728897095 364
1607665975701 0.35873913764953613 365
1607665975858 0.35849934816360474 366
1607665975998 0.3587876260280609 367
1607665976129 0.3590024709701538 368
1607665976262 0.35956236720085144 369
1607665976422 0.360160231590271 370
1607665976559 0.3605642318725586 371
1607665976693 0.3605622351169586 372
1607665976823 0.36054542660713196 373
1607665976956 0.36041051149368286 374
1607665977126 0.360002338886261 375
1607665977271 0.35950738191604614 376
1607665977437 0.35907426476478577 377
1607665977588 0.35922127962112427 378
1607665977745 0.35911187529563904 379
1607665977900 0.3595477044582367 380
1607665978055 0.3599875271320343 381
1607665978191 0.36072447896003723 382
1607665978341 0.3608083724975586 383
1607665978498 0.3611454665660858 384
1607665978657 0.36139360070228577 385
1607665978818 0.36129483580589294 386
1607665978974 0.36070728302001953 387
1607665979112 0.36018121242523193 388
1607665979244 0.3592928946018219 389
1607665979381 0.3589666485786438 390
1607665979510 0.35842573642730713 391
1607665979637 0.35845521092414856 392
1607665979781 0.35849103331565857 393
1607665979925 0.35883209109306335 394
1607665980062 0.3594151437282562 395
1607665980199 0.3600088655948639 396
1607665980336 0.36088433861732483 397
1607665980467 0.3610382378101349 398
1607665980607 0.36050528287887573 399
1607665980739 0.36006999015808105 400
1607665980874 0.3592149615287781 401
1607665981016 0.35854998230934143 402
1607665981149 0.3576511740684509 403
1607665981297 0.35771846771240234 404
1607665981438 0.3574196994304657 405
1607665981570 0.35796278715133667 406
1607665981710 0.3581121563911438 407
1607665981843 0.35883843898773193 408
1607665981985 0.3593205511569977 409
1607665982115 0.3597099184989929 410
1607665982254 0.35965296626091003 411
1607665982387 0.3596278131008148 412
1607665982522 0.3589773178100586 413
1607665982658 0.35883843898773193 414
1607665982798 0.3579900860786438 415
1607665982930 0.35767433047294617 416
1607665983065 0.3577587902545929 417
1607665983204 0.35759222507476807 418
1607665983340 0.3580071032047272 419
1607665983477 0.35806170105934143 420
1607665983612 0.3584071099758148 421
1607665983750 0.35835015773773193 422
1607665983887 0.3583564758300781 423
1607665984022 0.35793349146842957 424
1607665984159 0.3575839102268219 425
1607665984295 0.3574768602848053 426
1607665984430 0.35720503330230713 427
1607665984559 0.3574220538139343 428
1607665984697 0.35732296109199524 429
1607665984843 0.3577651083469391 430
1607665984980 0.35842809081077576 431
1607665985118 0.3592216372489929 432
1607665985255 0.35995227098464966 433
1607665985392 0.3602423369884491 434
1607665985524 0.3602975010871887 435
1607665985656 0.36044034361839294 436
1607665985787 0.36068448424339294 437
1607665985943 0.3599562346935272 438
1607665986097 0.3590109646320343 439
1607665986241 0.35836082696914673 440
1607665986381 0.3578765094280243 441
1607665986516 0.3577103316783905 442
1607665986669 0.3572998046875 443
1607665986804 0.35694625973701477 444
1607665986937 0.3567715585231781 445
1607665987070 0.3570705056190491 446
1607665987212 0.35695675015449524 447
1607665987372 0.3572999835014343 448
1607665987518 0.35695040225982666 449
1607665987659 0.3576452136039734 450
1607665987798 0.3576030731201172 451
1607665987930 0.3577609658241272 452
1607665988083 0.3579714596271515 453
1607665988225 0.35770201683044434 454
1607665988351 0.3576030731201172 455
1607665988498 0.3571232855319977 456
1607665988633 0.3568030297756195 457
1607665988790 0.3567507565021515 458
1607665988930 0.35601362586021423 459
1607665989072 0.3560561239719391 460
1607665989212 0.3555801510810852 461
1607665989347 0.3558498024940491 462
1607665989500 0.35588541626930237 463
1607665989645 0.3564896285533905 464
1607665989804 0.35692745447158813 465
1607665989983 0.3573169708251953 466
1607665990145 0.35754629969596863 467
1607665990300 0.35857367515563965 468
1607665990449 0.35797128081321716 469
1607665990609 0.35865578055381775 470
1607665990769 0.35781359672546387 471
1607665990928 0.3587905168533325 472
1607665991062 0.35867658257484436 473
1607665991209 0.35835468769073486 474
1607665991367 0.35852304100990295 475
1607665991517 0.3576851785182953 476
1607665991652 0.35726219415664673 477
1607665991787 0.35655489563941956 478
1607665991919 0.35597601532936096 479
1607665992054 0.35556352138519287 480
1607665992186 0.3554351031780243 481
1607665992318 0.3555466830730438 482
1607665992462 0.3554307818412781 483
1607665992608 0.35618671774864197 484
1607665992742 0.35633590817451477 485
1607665992876 0.3571571111679077 486
1607665993008 0.35748517513275146 487
1607665993149 0.35762858390808105 488
1607665993287 0.3577146530151367 489
1607665993421 0.3573632836341858 490
1607665993552 0.3568684756755829 491
1607665993698 0.35668763518333435 492
1607665993839 0.35642650723457336 493
1607665993984 0.35684967041015625 494
1607665994121 0.3564918041229248 495
1607665994269 0.3569865822792053 496
1607665994401 0.35705801844596863 497
1607665994538 0.35770851373672485 498
1607665994671 0.3568916320800781 499
1607665994806 0.357003390789032 500
1607665994947 0.35641801357269287 501
1607665995089 0.3567614257335663 502
1607665995223 0.35633590817451477 503
1607665995360 0.3563908636569977 504
1607665995496 0.3558771014213562 505
1607665995631 0.35557636618614197 506
1607665995764 0.3558456301689148 507
1607665995898 0.35586678981781006 508
1607665996030 0.3560013473033905 509
1607665996165 0.35627731680870056 510
1607665996297 0.3567317724227905 511
1607665996433 0.3573571443557739 512
1607665996570 0.35746219754219055 513
1607665996705 0.3578622341156006 514
1607665996842 0.3574705123901367 515
1607665996980 0.35755932331085205 516
1607665997113 0.35687699913978577 517
1607665997244 0.3567024767398834 518
1607665997387 0.3565129339694977 519
1607665997529 0.3562982976436615 520
1607665997661 0.35594257712364197 521
1607665997796 0.3555909991264343 522
1607665997939 0.35537001490592957 523
1607665998074 0.35512369871139526 524
1607665998218 0.35479962825775146 525
1607665998350 0.3545279800891876 526
1607665998483 0.35468605160713196 527
1607665998624 0.3548247516155243 528
1607665998971 0.35517850518226624 529
1607665999141 0.35591110587120056 530
1607665999283 0.3568267226219177 531
1607665999415 0.3575676381587982 532
1607665999558 0.35847076773643494 533
1607665999701 0.3588747978210449 534
1607665999861 0.35928747057914734 535
1607666000006 0.3591021001338959 536
1607666000140 0.3581779897212982 537
1607666000268 0.3574075996875763 538
1607666000402 0.3570413887500763 539
1607666000559 0.35651928186416626 540
1607666000696 0.3565972149372101 541
1607666000827 0.35586047172546387 542
1607666000962 0.3558036684989929 543
1607666001102 0.35541847348213196 544
1607666001262 0.3551868200302124 545
1607666001402 0.3542815148830414 546
1607666001533 0.35303983092308044 547
1607666001667 0.352730393409729 548
1607666001801 0.35300835967063904 549
1607666001955 0.3531009554862976 550
1607666002106 0.3533599078655243 551
1607666002256 0.35429254174232483 552
1607666002416 0.35463324189186096 553
1607666002572 0.3556566536426544 554
1607666002729 0.35575321316719055 555
1607666002882 0.3563196361064911 556
1607666003038 0.3563382625579834 557
1607666003193 0.3561912178993225 558
1607666003351 0.35586047172546387 559
1607666003507 0.3560291826725006 560
1607666003666 0.35553836822509766 561
1607666003821 0.3556564748287201 562
1607666003955 0.3550206124782562 563
1607666004094 0.3550417721271515 564
1607666004232 0.3543345034122467 565
1607666004361 0.3543766140937805 566
1607666004499 0.35461243987083435 567
1607666004627 0.3547028601169586 568
1607666004756 0.3550797402858734 569
1607666004896 0.3555407226085663 570
1607666005034 0.3563259541988373 571
1607666005166 0.3569594621658325 572
1607666005298 0.3572477102279663 573
1607666005432 0.3575595021247864 574
1607666005563 0.3570686876773834 575
1607666005694 0.35696396231651306 576
1607666005831 0.35570240020751953 577
1607666005963 0.355364054441452 578
1607666006108 0.35414713621139526 579
1607666006242 0.35424622893333435 580
1607666006375 0.35400626063346863 581
1607666006505 0.3542145788669586 582
1607666006636 0.3543851375579834 583
1607666006772 0.354841947555542 584
1607666006907 0.3549113869667053 585
1607666007044 0.35551756620407104 586
1607666007182 0.35551342368125916 587
1607666007324 0.3556523025035858 588
1607666007462 0.355416476726532 589
1607666007595 0.3555450737476349 590
1607666007733 0.3551112115383148 591
1607666007875 0.35539352893829346 592
1607666008005 0.35530924797058105 593
1607666008137 0.3550417721271515 594
1607666008269 0.3549283742904663 595
1607666008397 0.3546207547187805 596
1607666008541 0.3546001613140106 597
1607666008672 0.3550839126110077 598
1607666008802 0.35556820034980774 599
1607666008935 0.3554143011569977 600
1607666009067 0.35600602626800537 601
1607666009194 0.3556313216686249 602
1607666009331 0.3565152883529663 603
1607666009465 0.3556986153125763 604
1607666009596 0.3553786873817444 605
1607666009742 0.3549934923648834 606
1607666009877 0.35490506887435913 607
1607666010011 0.35452619194984436 608
1607666010150 0.35432833433151245 609
1607666010287 0.35408836603164673 610
1607666010420 0.3544124364852905 611
1607666010562 0.35425475239753723 612
1607666010703 0.3543829619884491 613
1607666010837 0.3547390401363373 614
1607666010973 0.3546712100505829 615
1607666011100 0.3554779589176178 616
1607666011251 0.35562482476234436 617
1607666011387 0.35630714893341064 618
1607666011525 0.35559752583503723 619
1607666011662 0.355591356754303 620
1607666011811 0.3551660180091858 621
1607666011962 0.35523149371147156 622
1607666012105 0.3543829619884491 623
1607666012243 0.3544106185436249 624
1607666012373 0.35428836941719055 625
1607666012504 0.35415780544281006 626
1607666012655 0.3544274568557739 627
1607666012791 0.35436829924583435 628
1607666012924 0.3545178771018982 629
1607666013055 0.35448622703552246 630
1607666013186 0.35404008626937866 631
1607666013334 0.35424622893333435 632
1607666013479 0.3539201617240906 633
1607666013618 0.3536926805973053 634
1607666013753 0.3536760210990906 635
1607666013887 0.35378527641296387 636
1607666014046 0.3545580208301544 637
1607666014193 0.35486093163490295 638
1607666014349 0.35570114850997925 639
1607666014507 0.3556165099143982 640
1607666014658 0.35640209913253784 641
1607666014813 0.35576170682907104 642
1607666014972 0.3556906580924988 643
1607666015122 0.35428205132484436 644
1607666015275 0.354021281003952 645
1607666015426 0.35281702876091003 646
1607666015575 0.3525499105453491 647
1607666015730 0.35212674736976624 648
1607666015889 0.3523435592651367 649
1607666016033 0.3521730303764343 650
1607666016175 0.3524341583251953 651
1607666016316 0.3526066839694977 652
1607666016466 0.3534235656261444 653
1607666016612 0.3532991409301758 654
1607666016750 0.3536004424095154 655
1607666016885 0.3536107540130615 656
1607666017034 0.3539666533470154 657
1607666017175 0.35372233390808105 658
1607666017312 0.3536129295825958 659
1607666017451 0.3533962666988373 660
1607666017584 0.35391801595687866 661
1607666017722 0.35369718074798584 662
1607666017858 0.3536970019340515 663
1607666017988 0.35419613122940063 664
1607666018124 0.3543916344642639 665
1607666018264 0.3548820912837982 666
1607666018397 0.354526549577713 667
1607666018530 0.35453903675079346 668
1607666018670 0.3541097044944763 669
1607666018805 0.35377079248428345 670
1607666018942 0.35326769948005676 671
1607666019077 0.35311830043792725 672
1607666019209 0.3532993197441101 673
1607666019341 0.3536234200000763 674
1607666019474 0.3542972505092621 675
1607666019608 0.35432636737823486 676
1607666019740 0.35479599237442017 677
1607666019877 0.35471805930137634 678
1607666020010 0.3544759154319763 679
1607666020142 0.35485079884529114 680
1607666020272 0.35379594564437866 681
1607666020402 0.35402777791023254 682
1607666020540 0.3531772494316101 683
1607666020674 0.3534846901893616 684
1607666020811 0.3528783321380615 685
1607666020944 0.3528636693954468 686
1607666021081 0.35262370109558105 687
1607666021215 0.35271012783050537 688
1607666021346 0.3528805077075958 689
1607666021479 0.35286152362823486 690
1607666021611 0.3530595302581787 691
1607666021741 0.3529815971851349 692
1607666021881 0.3538655638694763 693
1607666022015 0.35426992177963257 694
1607666022144 0.35486742854118347 695
1607666022284 0.35591182112693787 696
1607666022423 0.3558250069618225 697
1607666022562 0.3554465174674988 698
1607666022712 0.35466960072517395 699
1607666022858 0.354368656873703 700
1607666022990 0.3533772826194763 701
1607666023127 0.35295626521110535 702
1607666023259 0.35242170095443726 703
1607666023409 0.35266998410224915 704
1607666023568 0.3527332842350006 705
1607666023719 0.35261738300323486 706
1607666023853 0.3524806499481201 707
1607666023985 0.3524489998817444 708
1607666024147 0.3525332808494568 709
1607666024284 0.3524321913719177 710
1607666024415 0.35221752524375916 711
1607666024551 0.35188278555870056 712
1607666024685 0.35190609097480774 713
1607666024840 0.3519057333469391 714
1607666024976 0.35255661606788635 715
1607666025112 0.35306766629219055 716
1607666025248 0.353971004486084 717
1607666025382 0.354581356048584 718
1607666025534 0.3548043370246887 719
1607666025673 0.35485079884529114 720
1607666025805 0.3544612526893616 721
1607666025940 0.354215145111084 722
1607666026083 0.35345321893692017 723
1607666026238 0.3528173863887787 724
1607666026391 0.35238173604011536 725
1607666026533 0.3520659804344177 726
1607666026684 0.35237738490104675 727
1607666026838 0.35163211822509766 728
1607666026983 0.3511311709880829 729
1607666027117 0.35139015316963196 730
1607666027263 0.35247015953063965 731
1607666027413 0.3531392812728882 732
1607666027565 0.35460466146469116 733
1607666027721 0.35503581166267395 734
1607666027872 0.35599175095558167 735
1607666028025 0.35567185282707214 736
1607666028172 0.3555557429790497 737
1607666028320 0.35434770584106445 738
1607666028458 0.35307615995407104 739
1607666028590 0.3522891402244568 740
1607666028732 0.351266086101532 741
1607666028873 0.35094401240348816 742
1607666029010 0.3505273461341858 743
1607666029152 0.35036730766296387 744
1607666029293 0.35046422481536865 745
1607666029430 0.3505273461341858 746
1607666029560 0.3509841561317444 747
1607666029695 0.35158202052116394 748
1607666029825 0.35206180810928345 749
1607666029965 0.352939635515213 750
1607666030098 0.3532449007034302 751
1607666030234 0.3539290428161621 752
1607666030365 0.3540111482143402 753
1607666030499 0.3542087972164154 754
1607666030635 0.35350802540779114 755
1607666030771 0.35279422998428345 756
1607666030907 0.3521672487258911 757
1607666031052 0.352087140083313 758
1607666031189 0.35177138447761536 759
1607666031324 0.35189759731292725 760
1607666031454 0.3526640236377716 761
1607666031587 0.3531606197357178 762
1607666031723 0.3540511131286621 763
1607666031857 0.35420680046081543 764
1607666031990 0.35464879870414734 765
1607666032124 0.3547140955924988 766
1607666032260 0.35481101274490356 767
1607666032400 0.3542972505092621 768
1607666032538 0.3542109727859497 769
1607666032674 0.35337114334106445 770
1607666032811 0.35309118032455444 771
1607666032950 0.3522386848926544 772
1607666033085 0.35197770595550537 773
1607666033221 0.3517903685569763 774
1607666033355 0.35170426964759827 775
1607666033486 0.3516766130924225 776
1607666033621 0.35203051567077637 777
1607666033762 0.3523227572441101 778
1607666033899 0.3527631163597107 779
1607666034034 0.3525942265987396 780
1607666034167 0.3526766896247864 781
1607666034301 0.3524027168750763 782
1607666034431 0.3525819182395935 783
1607666034565 0.35209763050079346 784
1607666034696 0.3521650731563568 785
1607666034840 0.3518451750278473 786
1607666034977 0.3520744740962982 787
1607666035111 0.35187047719955444 788
1607666035244 0.3517419099807739 789
1607666035401 0.35190844535827637 790
1607666035540 0.3517860174179077 791
1607666035677 0.35162001848220825 792
1607666035817 0.3517228960990906 793
1607666035958 0.3518093526363373 794
1607666036128 0.3523775637149811 795
1607666036267 0.35257142782211304 796
1607666036404 0.3531079888343811 797
1607666036537 0.35359013080596924 798
1607666036674 0.35342592000961304 799
1607666036832 0.35357946157455444 800
1607666036971 0.35309770703315735 801
1607666037102 0.352958619594574 802
1607666037233 0.3526577055454254 803
1607666037380 0.35247451066970825 804
1607666037546 0.35215458273887634 805
1607666037687 0.3517608940601349 806
1607666037824 0.35145580768585205 807
1607666037955 0.3513125777244568 808
1607666038088 0.3513632118701935 809
1607666038220 0.35158005356788635 810
1607666038374 0.35161566734313965 811
1607666038532 0.35239890217781067 812
1607666038681 0.35205981135368347 813
1607666038837 0.3527882695198059 814
1607666038991 0.3529103398323059 815
1607666039166 0.3531416356563568 816
1607666039323 0.35305139422416687 817
1607666039475 0.35238173604011536 818
1607666039608 0.3522936701774597 819
1607666039747 0.351544052362442 820
1607666039905 0.3515652120113373 821
1607666040070 0.35108110308647156 822
1607666040224 0.3511863350868225 823
1607666040363 0.35091906785964966 824
1607666040497 0.3513505458831787 825
1607666040634 0.351091593503952 826
1607666040765 0.3516538143157959 827
1607666040900 0.3511420488357544 828
1607666041035 0.3518453538417816 829
1607666041170 0.3515147566795349 830
1607666041308 0.3518916368484497 831
1607666041450 0.3521820604801178 832
1607666041585 0.3523526191711426 833
1607666041722 0.3526976704597473 834
1607666041853 0.35291051864624023 835
1607666041987 0.3524934947490692 836
1607666042122 0.3530072569847107 837
1607666042254 0.35272297263145447 838
1607666042389 0.35314199328422546 839
1607666042530 0.35279858112335205 840
1607666042677 0.3533485233783722 841
1607666042811 0.35333532094955444 842
1607666042948 0.35460522770881653 843
1607666043084 0.35389938950538635 844
1607666043217 0.35417354106903076 845
1607666043355 0.35280925035476685 846
1607666043486 0.3527398109436035 847
1607666043618 0.35208332538604736 848
1607666043756 0.351423978805542 849
1607666043891 0.35121816396713257 850
1607666044028 0.3507232069969177 851
1607666044165 0.35073187947273254 852
1607666044297 0.3504475951194763 853
1607666044437 0.3503318428993225 854
1607666044575 0.35015714168548584 855
1607666044708 0.34994250535964966 856
1607666044841 0.35002875328063965 857
1607666044990 0.3501235246658325 858
1607666045125 0.35053402185440063 859
1607666045259 0.35043710470199585 860
1607666045392 0.35122451186180115 861
1607666045527 0.3515780568122864 862
1607666045662 0.35240721702575684 863
1607666045795 0.35298430919647217 864
1607666045928 0.35309135913848877 865
1607666046056 0.3541460633277893 866
1607666046190 0.35359862446784973 867
1607666046324 0.35321125388145447 868
1607666046458 0.35241591930389404 869
1607666046593 0.3515230715274811 870
1607666046733 0.35092756152153015 871
1607666046891 0.349835067987442 872
1607666047037 0.3496815264225006 873
1607666047166 0.3491109609603882 874
1607666047298 0.3491932451725006 875
1607666047464 0.34911730885505676 876
1607666047609 0.3495742976665497 877
1607666047742 0.34986671805381775 878
1607666047887 0.35044559836387634 879
1607666048019 0.3513782322406769 880
1607666048149 0.35207048058509827 881
1607666048295 0.3530515730381012 882
1607666048430 0.35302409529685974 883
1607666048561 0.353009432554245 884
1607666048712 0.35240089893341064 885
1607666048849 0.3519822359085083 886
1607666049005 0.3510179817676544 887
1607666049149 0.3512140214443207 888
1607666049284 0.35063278675079346 889
1607666049417 0.3508855998516083 890
1607666049549 0.35053619742393494 891
1607666049695 0.35080766677856445 892
1607666049831 0.35098233819007874 893
1607666049968 0.3512054979801178 894
1607666050106 0.35142233967781067 895
1607666050239 0.35134658217430115 896
1607666050389 0.3513612151145935 897
1607666050530 0.35102230310440063 898
1607666050663 0.35109391808509827 899
1607666050794 0.3506707549095154 900
1607666050928 0.3504730761051178 901
1607666051086 0.3503888249397278 902
1607666051245 0.3505930006504059 903
1607666051393 0.35072556138038635 904
1607666051550 0.35156774520874023 905
1607666051704 0.3514896333217621 906
1607666051863 0.35271501541137695 907
1607666052015 0.35326623916625977 908
1607666052175 0.35367873311042786 909
1607666052324 0.35249149799346924 910
1607666052476 0.3506539463996887 911
1607666052631 0.35078033804893494 912
1607666052787 0.3503803312778473 913
1607666052919 0.35018664598464966 914
1607666053056 0.3502331078052521 915
1607666053194 0.3504772484302521 916
1607666053329 0.3508181571960449 917
1607666053461 0.35151293873786926 918
1607666053589 0.3517317771911621 919
1607666053723 0.3520706593990326 920
1607666053864 0.3525969386100769 921
1607666054010 0.3520663380622864 922
1607666054146 0.3523171544075012 923
1607666054281 0.3514769673347473 924
1607666054421 0.3516896367073059 925
1607666054557 0.35101181268692017 926
1607666054693 0.3509508967399597 927
1607666054822 0.35086461901664734 928
1607666054949 0.351249635219574 929
1607666055086 0.35098037123680115 930
1607666055217 0.3505951464176178 931
1607666055351 0.3503047227859497 932
1607666055490 0.350254088640213 933
1607666055623 0.35003525018692017 934
1607666055758 0.34991952776908875 935
1607666055891 0.3496142625808716 936
1607666056025 0.34995099902153015 937
1607666056163 0.35009223222732544 938
1607666056314 0.3504582643508911 939
1607666056457 0.3511764109134674 940
1607666056592 0.3512433171272278 941
1607666056726 0.35214880108833313 942
1607666056864 0.3520285487174988 943
1607666056998 0.3527698218822479 944
1607666057135 0.35256943106651306 945
1607666057268 0.3523191511631012 946
1607666057406 0.35178422927856445 947
1607666057545 0.351666659116745 948
1607666057676 0.3510749340057373 949
1607666057807 0.3507993221282959 950
1607666057943 0.3508371412754059 951
1607666058079 0.3508266508579254 952
1607666058213 0.35123714804649353 953
1607666058346 0.35094672441482544 954
1607666058482 0.3512140214443207 955
1607666058613 0.35144567489624023 956
1607666058769 0.351371705532074 957
1607666058913 0.3512519896030426 958
1607666059064 0.35092756152153015 959
1607666059203 0.3511469066143036 960
1607666059334 0.3507760167121887 961
1607666059469 0.3507615327835083 962
1607666059603 0.3502582609653473 963
1607666059751 0.35008591413497925 964
1607666059885 0.34987956285476685 965
1607666060034 0.349485844373703 966
1607666060174 0.349418580532074 967
1607666060328 0.3493238091468811 968
1607666060472 0.34947752952575684 969
1607666060604 0.34972384572029114 970
1607666060742 0.3501027226448059 971
1607666060875 0.35032352805137634 972
1607666061022 0.35112592577934265 973
1607666061158 0.351005494594574 974
1607666061304 0.35172560811042786 975
1607666061441 0.35184553265571594 976
1607666061578 0.3513782322406769 977
1607666061744 0.35144567489624023 978
1607666061892 0.35080766677856445 979
1607666062032 0.35048574209213257 980
1607666062169 0.34971752762794495 981
1607666062305 0.3495638072490692 982
1607666062463 0.34946489334106445 983
1607666062618 0.34993019700050354 984
1607666062942 0.3498562276363373 985
1607666063083 0.3509765565395355 986
1607666063230 0.35114654898643494 987
1607666063361 0.351999431848526 988
1607666063510 0.35196325182914734 989
1607666063704 0.35234683752059937 990
1607666063861 0.35143500566482544 991
1607666064011 0.35123950242996216 992
1607666064156 0.3503531813621521 993
1607666064307 0.35062065720558167 994
1607666064447 0.34997016191482544 995
1607666064612 0.34995967149734497 996
1607666064757 0.3495279848575592 997
1607666064907 0.34989455342292786 998
1607666065061 0.35008373856544495 999
