1607665924343 0.47393736243247986 0
1607665924477 0.46462905406951904 1
1607665924608 0.45680326223373413 2
1607665924742 0.45246294140815735 3
1607665924877 0.44634363055229187 4
1607665925006 0.44236040115356445 5
1607665925137 0.44024938344955444 6
1607665925264 0.4390215277671814 7
1607665925393 0.43839290738105774 8
1607665925525 0.4380425214767456 9
1607665925659 0.43718862533569336 10
1607665925787 0.4355602562427521 11
1607665925917 0.43472856283187866 12
1607665926044 0.4341472387313843 13
1607665926185 0.43374547362327576 14
1607665926322 0.43330711126327515 15
1607665926468 0.43139925599098206 16
1607665926608 0.43035513162612915 17
1607665926752 0.4298245310783386 18
1607665926891 0.43001601099967957 19
1607665927026 0.4300099015235901 20
1607665927149 0.42941147089004517 21
1607665927286 0.4283117651939392 22
1607665927422 0.4278503358364105 23
1607665927567 0.42659011483192444 24
1607665927713 0.425245463848114 25
1607665927853 0.424186646938324 26
1607665927987 0.42357245087623596 27
1607665928124 0.4229137599468231 28
1607665928262 0.4224534332752228 29
1607665928391 0.4216534197330475 30
1607665928522 0.42047715187072754 31
1607665928649 0.4193233549594879 32
1607665928779 0.4184512794017792 33
1607665928908 0.41764527559280396 34
1607665929047 0.41647854447364807 35
1607665929183 0.4158497452735901 36
1607665929316 0.41554534435272217 37
1607665929456 0.4153936207294464 38
1607665929601 0.4143615663051605 39
1607665929729 0.4135832190513611 40
1607665929859 0.4129428565502167 41
1607665930000 0.4133056700229645 42
1607665930144 0.4121561646461487 43
1607665930276 0.4107651114463806 44
1607665930412 0.40932998061180115 45
1607665930541 0.4080356955528259 46
1607665930679 0.40690362453460693 47
1607665930806 0.4068755507469177 48
1607665930938 0.4066311717033386 49
1607665931074 0.4068376421928406 50
1607665931203 0.4053803086280823 51
1607665931332 0.40507686138153076 52
1607665931462 0.4038253724575043 53
1607665931596 0.4029698371887207 54
1607665931725 0.40236973762512207 55
1607665931870 0.40252920985221863 56
1607665932018 0.4022294580936432 57
1607665932148 0.4019588530063629 58
1607665932277 0.39971598982810974 59
1607665932409 0.39832741022109985 60
1607665932537 0.39765164256095886 61
1607665932674 0.39735352993011475 62
1607665932812 0.3981860280036926 63
1607665932953 0.3996088206768036 64
1607665933084 0.40071672201156616 65
1607665933215 0.4008239209651947 66
1607665933358 0.39844563603401184 67
1607665933491 0.3963594436645508 68
1607665933622 0.39475536346435547 69
1607665933758 0.3937097191810608 70
1607665933889 0.3939836025238037 71
1607665934028 0.3932846784591675 72
1607665934286 0.3928051292896271 73
1607665934418 0.39220765233039856 74
1607665934546 0.3922644555568695 75
1607665934677 0.39181292057037354 76
1607665934815 0.3914508819580078 77
1607665934952 0.391207218170166 78
1607665935084 0.3911297917366028 79
1607665935212 0.3898298740386963 80
1607665935346 0.3884803056716919 81
1607665935481 0.3885716497898102 82
1607665935610 0.38912948966026306 83
1607665935738 0.38923919200897217 84
1607665935871 0.38960009813308716 85
1607665936017 0.3891884982585907 86
1607665936148 0.3883589804172516 87
1607665936288 0.38716429471969604 88
1607665936426 0.386678546667099 89
1607665936559 0.38646256923675537 90
1607665936692 0.385903000831604 91
1607665936822 0.38533511757850647 92
1607665936957 0.3847079277038574 93
1607665937109 0.3840058445930481 94
1607665937262 0.3843083679676056 95
1607665937420 0.38443028926849365 96
1607665937570 0.3838837444782257 97
1607665937721 0.3837677538394928 98
1607665937877 0.3829742670059204 99
1607665938016 0.383066862821579 100
1607665938149 0.3825610876083374 101
1607665938283 0.3824865221977234 102
1607665938429 0.38232511281967163 103
1607665938582 0.38217663764953613 104
1607665938736 0.3818604350090027 105
1607665938874 0.3810335695743561 106
1607665939025 0.3804152309894562 107
1607665939176 0.38015371561050415 108
1607665939330 0.37909600138664246 109
1607665939485 0.3789408206939697 110
1607665939643 0.37939077615737915 111
1607665939804 0.37899860739707947 112
1607665939958 0.37913385033607483 113
1607665940119 0.37917113304138184 114
1607665940309 0.37919795513153076 115
1607665940494 0.3793266713619232 116
1607665940661 0.3786885440349579 117
1607665940824 0.3786661624908447 118
1607665940963 0.37874913215637207 119
1607665941113 0.3788067698478699 120
1607665941251 0.37887972593307495 121
1607665941391 0.3785916566848755 122
1607665941533 0.379148006439209 123
1607665941676 0.37956348061561584 124
1607665941819 0.37930864095687866 125
1607665941972 0.3784577250480652 126
1607665942115 0.3775670528411865 127
1607665942250 0.37703296542167664 128
1607665942381 0.3755871057510376 129
1607665942515 0.37529128789901733 130
1607665942671 0.3745845556259155 131
1607665942836 0.3742139935493469 132
1607665942975 0.3745880424976349 133
1607665943114 0.374584823846817 134
1607665943253 0.37468716502189636 135
1607665943385 0.37519440054893494 136
1607665943514 0.3752089738845825 137
1607665943654 0.37519755959510803 138
1607665943788 0.3743637502193451 139
1607665943928 0.37395718693733215 140
1607665944071 0.373684823513031 141
1607665944217 0.3732813000679016 142
1607665944359 0.3734089136123657 143
1607665944491 0.37275949120521545 144
1607665944640 0.3734554350376129 145
1607665944780 0.3732897937297821 146
1607665944913 0.3739585280418396 147
1607665945050 0.37466660141944885 148
1607665945181 0.374539852142334 149
1607665945319 0.3745858073234558 150
1607665945453 0.3734314739704132 151
1607665945595 0.37292563915252686 152
1607665945738 0.37240323424339294 153
1607665945870 0.372467964887619 154
1607665946011 0.37285134196281433 155
1607665946142 0.3731890618801117 156
1607665946273 0.3738919496536255 157
1607665946407 0.3735995888710022 158
1607665946548 0.3739667534828186 159
1607665946684 0.37349653244018555 160
1607665946821 0.3727996051311493 161
1607665946953 0.37169888615608215 162
1607665947094 0.3705917000770569 163
1607665947230 0.37073975801467896 164
1607665947361 0.37048065662384033 165
1607665947494 0.369928777217865 166
1607665947625 0.37053167819976807 167
1607665947761 0.37009739875793457 168
1607665947918 0.37104663252830505 169
1607665948057 0.37036576867103577 170
1607665948192 0.3710240423679352 171
1607665948330 0.3706531524658203 172
1607665948461 0.3717052638530731 173
1607665948592 0.37071532011032104 174
1607665948748 0.3707108199596405 175
1607665948899 0.37034183740615845 176
1607665949045 0.37010446190834045 177
1607665949185 0.3701087236404419 178
1607665949319 0.36941438913345337 179
1607665949474 0.3698192536830902 180
1607665949615 0.3694086968898773 181
1607665949756 0.3699474334716797 182
1607665949900 0.36814674735069275 183
1607665950034 0.36792391538619995 184
1607665950182 0.36800655722618103 185
1607665950335 0.36908724904060364 186
1607665950486 0.3696763515472412 187
1607665950638 0.37030258774757385 188
1607665950773 0.37029528617858887 189
1607665950919 0.36954185366630554 190
1607665951055 0.3696996867656708 191
1607665951190 0.3688780963420868 192
1607665951323 0.36845073103904724 193
1607665951457 0.3685702085494995 194
1607665951614 0.3683752119541168 195
1607665951760 0.3687562644481659 196
1607665951927 0.3689514696598053 197
1607665952090 0.3688026964664459 198
1607665952240 0.36844074726104736 199
1607665952394 0.36759889125823975 200
1607665952552 0.3672519028186798 201
1607665952714 0.36683452129364014 202
1607665952870 0.36637136340141296 203
1607665953033 0.36627107858657837 204
1607665953172 0.366423100233078 205
1607665953332 0.3669174909591675 206
1607665953490 0.36754634976387024 207
1607665953645 0.3682706952095032 208
1607665953786 0.3689681589603424 209
1607665953918 0.36907392740249634 210
1607665954048 0.369019478559494 211
1607665954177 0.36851897835731506 212
1607665954320 0.3679755926132202 213
1607665954448 0.36782994866371155 214
1607665954582 0.36767151951789856 215
1607665954732 0.36738377809524536 216
1607665954870 0.367512971162796 217
1607665955002 0.3672938942909241 218
1607665955134 0.36789900064468384 219
1607665955272 0.3674539029598236 220
1607665955405 0.3676760196685791 221
1607665955544 0.36625757813453674 222
1607665955684 0.36641785502433777 223
1607665955832 0.3656122088432312 224
1607665955966 0.3657556474208832 225
1607665956098 0.36495012044906616 226
1607665956230 0.36482805013656616 227
1607665956369 0.36470887064933777 228
1607665956503 0.36447209119796753 229
1607665956642 0.3647107481956482 230
1607665956799 0.36502471566200256 231
1607665956932 0.3655707836151123 232
1607665957073 0.3666086196899414 233
1607665957211 0.36754459142684937 234
1607665957349 0.368257999420166 235
1607665957479 0.36928072571754456 236
1607665957619 0.36838775873184204 237
1607665957758 0.3675687313079834 238
1607665957893 0.36607909202575684 239
1607665958034 0.3650299906730652 240
1607665958167 0.3647664785385132 241
1607665958300 0.36424899101257324 242
1607665958434 0.364387571811676 243
1607665958570 0.36497464776039124 244
1607665958704 0.36530041694641113 245
1607665958838 0.36611053347587585 246
1607665958971 0.3668808341026306 247
1607665959102 0.3663504719734192 248
1607665959242 0.36595335602760315 249
1607665959378 0.3651438057422638 250
1607665959511 0.3645976185798645 251
1607665959644 0.3639052212238312 252
1607665959775 0.3633221387863159 253
1607665959910 0.3627685606479645 254
1607665960041 0.3629162311553955 255
1607665960176 0.3632704019546509 256
1607665960305 0.3630465865135193 257
1607665960451 0.36373913288116455 258
1607665960590 0.36385011672973633 259
1607665960724 0.3643982708454132 260
1607665960857 0.36462727189064026 261
1607665960994 0.36435526609420776 262
1607665961148 0.36424314975738525 263
1607665961288 0.36476996541023254 264
1607665961432 0.3643909692764282 265
1607665961581 0.3646443784236908 266
1607665961743 0.364326149225235 267
1607665961888 0.3641389310359955 268
1607665962041 0.3634409010410309 269
1607665962185 0.36285263299942017 270
1607665962319 0.36294257640838623 271
1607665962470 0.362407922744751 272
1607665962612 0.36226439476013184 273
1607665962755 0.3619053363800049 274
1607665962907 0.36212781071662903 275
1607665963047 0.36230483651161194 276
1607665963189 0.36305561661720276 277
1607665963328 0.3634856939315796 278
1607665963462 0.3643262982368469 279
1607665963606 0.3643907606601715 280
1607665963751 0.3648873269557953 281
1607665963905 0.36440935730934143 282
1607665964066 0.3645598590373993 283
1607665964211 0.36383575201034546 284
1607665964351 0.3634544312953949 285
1607665964512 0.3634267747402191 286
1607665964682 0.3629526197910309 287
1607665964827 0.36312586069107056 288
1607665964992 0.36282697319984436 289
1607665965132 0.36253517866134644 290
1607665965295 0.36268776655197144 291
1607665965444 0.36252090334892273 292
1607665965600 0.36311596632003784 293
1607665965779 0.3624250590801239 294
1607665965931 0.3631020486354828 295
1607665966114 0.3627605438232422 296
1607665966293 0.3636135458946228 297
1607665966458 0.3627142906188965 298
1607665966641 0.362770140171051 299
1607665966779 0.3626604676246643 300
1607665966920 0.36263516545295715 301
1607665967056 0.36220383644104004 302
1607665967194 0.3615927994251251 303
1607665967325 0.3615148365497589 304
1607665967462 0.3613591194152832 305
1607665967599 0.3615903854370117 306
1607665967737 0.36168649792671204 307
1607665967872 0.362087607383728 308
1607665968010 0.3622511923313141 309
1607665968146 0.3629870116710663 310
1607665968278 0.36365216970443726 311
1607665968414 0.3635216951370239 312
1607665968546 0.3630993664264679 313
1607665968693 0.36248186230659485 314
1607665968842 0.36213839054107666 315
1607665968975 0.36146652698516846 316
1607665969106 0.36055219173431396 317
1607665969239 0.3603939712047577 318
1607665969371 0.3598373532295227 319
1607665969501 0.3599244952201843 320
1607665969642 0.3601062595844269 321
1607665969773 0.3603097200393677 322
1607665969909 0.3608575761318207 323
1607665970037 0.36135146021842957 324
1607665970170 0.36178040504455566 325
1607665970302 0.36283329129219055 326
1607665970433 0.36304980516433716 327
1607665970560 0.36251726746559143 328
1607665970700 0.3620898723602295 329
1607665970853 0.3617798089981079 330
1607665970985 0.36198702454566956 331
1607665971120 0.36143505573272705 332
1607665971260 0.3612227737903595 333
1607665971394 0.36100339889526367 334
1607665971525 0.361246258020401 335
1607665971665 0.36050981283187866 336
1607665971814 0.36051711440086365 337
1607665971941 0.36032912135124207 338
1607665972081 0.36042773723602295 339
1607665972221 0.3610512614250183 340
1607665972356 0.36112481355667114 341
1607665972495 0.36223092675209045 342
1607665972628 0.36274880170822144 343
1607665972759 0.36246541142463684 344
1607665972890 0.3615114390850067 345
1607665973033 0.3615427315235138 346
1607665973169 0.3610963523387909 347
1607665973314 0.3603616952896118 348
1607665973448 0.3599679172039032 349
1607665973581 0.3596857190132141 350
1607665973733 0.3600327670574188 351
1607665973868 0.3600258231163025 352
1607665974015 0.35996881127357483 353
1607665974154 0.36020392179489136 354
1607665974291 0.35997724533081055 355
1607665974438 0.36048248410224915 356
1607665974584 0.36018937826156616 357
1607665974726 0.3606410026550293 358
1607665974862 0.3604697287082672 359
1607665974997 0.3609267473220825 360
1607665975152 0.36088016629219055 361
1607665975294 0.3607286810874939 362
1607665975428 0.3608703315258026 363
1607665975560 0.3601916432380676 364
1607665975701 0.3587237000465393 365
1607665975858 0.35852405428886414 366
1607665975998 0.3588119447231293 367
1607665976129 0.35898417234420776 368
1607665976262 0.3595573306083679 369
1607665976422 0.3601868152618408 370
1607665976559 0.3605518341064453 371
1607665976693 0.36054861545562744 372
1607665976823 0.3605272173881531 373
1607665976956 0.3604241609573364 374
1607665977126 0.3600096106529236 375
1607665977271 0.35948115587234497 376
1607665977437 0.35910388827323914 377
1607665977588 0.3592010736465454 378
1607665977745 0.35911816358566284 379
1607665977900 0.3595617413520813 380
1607665978055 0.3599843680858612 381
1607665978191 0.3607892692089081 382
1607665978341 0.3608279824256897 383
1607665978498 0.361115038394928 384
1607665978657 0.36139339208602905 385
1607665978818 0.3612605035305023 386
1607665978974 0.3607138991355896 387
1607665979112 0.3601747751235962 388
1607665979244 0.3592689037322998 389
1607665979381 0.35895514488220215 390
1607665979510 0.3583783507347107 391
1607665979637 0.358429878950119 392
1607665979781 0.35849639773368835 393
1607665979925 0.358835369348526 394
1607665980062 0.35938888788223267 395
1607665980199 0.3600274920463562 396
1607665980336 0.3608648180961609 397
1607665980467 0.36103421449661255 398
1607665980607 0.3605055510997772 399
1607665980739 0.3600442707538605 400
1607665980874 0.3591938316822052 401
1607665981016 0.35849878191947937 402
1607665981149 0.3576398491859436 403
1607665981297 0.3577333390712738 404
1607665981438 0.3573612868785858 405
1607665981570 0.3579660952091217 406
1607665981710 0.3581244945526123 407
1607665981843 0.3588443994522095 408
1607665981985 0.35934725403785706 409
1607665982115 0.3596801459789276 410
1607665982254 0.35964295268058777 411
1607665982387 0.35962727665901184 412
1607665982522 0.3589583933353424 413
1607665982658 0.35882696509361267 414
1607665982798 0.35797423124313354 415
1607665982930 0.35767698287963867 416
1607665983065 0.35775887966156006 417
1607665983204 0.3575733006000519 418
1607665983340 0.35803699493408203 419
1607665983477 0.3580453395843506 420
1607665983612 0.3584323525428772 421
1607665983750 0.3583712577819824 422
1607665983887 0.35831570625305176 423
1607665984022 0.35797151923179626 424
1607665984159 0.35755524039268494 425
1607665984295 0.35747045278549194 426
1607665984430 0.3571997880935669 427
1607665984559 0.35738933086395264 428
1607665984697 0.35731109976768494 429
1607665984843 0.3577580749988556 430
1607665984980 0.358410507440567 431
1607665985118 0.35922232270240784 432
1607665985255 0.3599518835544586 433
1607665985392 0.3602353036403656 434
1607665985524 0.3602973222732544 435
1607665985656 0.3604523241519928 436
1607665985787 0.36069029569625854 437
1607665985943 0.3599458932876587 438
1607665986097 0.35900601744651794 439
1607665986241 0.3583762049674988 440
1607665986381 0.3578738868236542 441
1607665986516 0.3576975166797638 442
1607665986669 0.3572775423526764 443
1607665986804 0.35694488883018494 444
1607665986937 0.35680076479911804 445
1607665987070 0.3570558428764343 446
1607665987212 0.3569360673427582 447
1607665987372 0.3573113679885864 448
1607665987518 0.35694968700408936 449
1607665987659 0.35763683915138245 450
1607665987798 0.35760390758514404 451
1607665987930 0.3577827513217926 452
1607665988083 0.35799604654312134 453
1607665988225 0.357709676027298 454
1607665988351 0.3576006293296814 455
1607665988498 0.3571346402168274 456
1607665988633 0.35683220624923706 457
1607665988790 0.35674333572387695 458
1607665988930 0.35602331161499023 459
1607665989072 0.3560521900653839 460
1607665989212 0.35557860136032104 461
1607665989347 0.35582390427589417 462
1607665989500 0.3558375835418701 463
1607665989645 0.35645171999931335 464
1607665989804 0.35689544677734375 465
1607665989983 0.3572959899902344 466
1607665990145 0.35752078890800476 467
1607665990300 0.3585537374019623 468
1607665990449 0.35798805952072144 469
1607665990609 0.3586207330226898 470
1607665990769 0.35782334208488464 471
1607665990928 0.35878533124923706 472
1607665991062 0.3586944341659546 473
1607665991209 0.3583373427391052 474
1607665991367 0.3584952652454376 475
1607665991517 0.3576466739177704 476
1607665991652 0.3572899401187897 477
1607665991787 0.35656827688217163 478
1607665991919 0.3559606373310089 479
1607665992054 0.35554924607276917 480
1607665992186 0.3554282486438751 481
1607665992318 0.3555401861667633 482
1607665992462 0.3554375171661377 483
1607665992608 0.35614997148513794 484
1607665992742 0.35629332065582275 485
1607665992876 0.35715025663375854 486
1607665993008 0.35745155811309814 487
1607665993149 0.35760176181793213 488
1607665993287 0.35771530866622925 489
1607665993421 0.3573613166809082 490
1607665993552 0.3568699061870575 491
1607665993698 0.35671356320381165 492
1607665993839 0.35641661286354065 493
1607665993984 0.3568453788757324 494
1607665994121 0.3564980924129486 495
1607665994269 0.35696688294410706 496
1607665994401 0.357028067111969 497
1607665994538 0.35768625140190125 498
1607665994671 0.35691365599632263 499
1607665994806 0.35702064633369446 500
1607665994947 0.35640305280685425 501
1607665995089 0.3567502796649933 502
1607665995223 0.35633790493011475 503
1607665995360 0.35635578632354736 504
1607665995496 0.35587626695632935 505
1607665995631 0.3555469512939453 506
1607665995764 0.35585951805114746 507
1607665995898 0.35585999488830566 508
1607665996030 0.3559945523738861 509
1607665996165 0.3563019335269928 510
1607665996297 0.35672712326049805 511
1607665996433 0.35739269852638245 512
1607665996570 0.3574513792991638 513
1607665996705 0.3578624725341797 514
1607665996842 0.35744279623031616 515
1607665996980 0.3575250804424286 516
1607665997113 0.3568485975265503 517
1607665997244 0.3566799461841583 518
1607665997387 0.35652127861976624 519
1607665997529 0.3562772870063782 520
1607665997661 0.3559243083000183 521
1607665997796 0.3555871248245239 522
1607665997939 0.3553702235221863 523
1607665998074 0.35512974858283997 524
1607665998218 0.35481706261634827 525
1607665998350 0.35451504588127136 526
1607665998483 0.35466623306274414 527
1607665998624 0.35480356216430664 528
1607665998971 0.35514333844184875 529
1607665999141 0.35589784383773804 530
1607665999283 0.3567921221256256 531
1607665999415 0.357552707195282 532
1607665999558 0.3584716320037842 533
1607665999701 0.3588324785232544 534
1607665999861 0.35926976799964905 535
1607666000006 0.3591007590293884 536
1607666000140 0.3581627607345581 537
1607666000268 0.3573721647262573 538
1607666000402 0.3569979667663574 539
1607666000559 0.35655003786087036 540
1607666000696 0.3565828800201416 541
1607666000827 0.3558710515499115 542
1607666000962 0.3558088541030884 543
1607666001102 0.3554386794567108 544
1607666001262 0.3552079498767853 545
1607666001402 0.35429370403289795 546
1607666001533 0.3530283570289612 547
1607666001667 0.3527276813983917 548
1607666001801 0.3529788851737976 549
1607666001955 0.35308119654655457 550
1607666002106 0.35334476828575134 551
1607666002256 0.35428184270858765 552
1607666002416 0.3546196520328522 553
1607666002572 0.35567593574523926 554
1607666002729 0.3557620346546173 555
1607666002882 0.35632187128067017 556
1607666003038 0.35630783438682556 557
1607666003193 0.35619401931762695 558
1607666003351 0.35584473609924316 559
1607666003507 0.35601556301116943 560
1607666003666 0.35555580258369446 561
1607666003821 0.35567501187324524 562
1607666003955 0.3550296723842621 563
1607666004094 0.3550271987915039 564
1607666004232 0.3543410003185272 565
1607666004361 0.3543756604194641 566
1607666004499 0.35461029410362244 567
1607666004627 0.3546806871891022 568
1607666004756 0.35508808493614197 569
1607666004896 0.3555384874343872 570
1607666005034 0.35628265142440796 571
1607666005166 0.35692381858825684 572
1607666005298 0.35727015137672424 573
1607666005432 0.35755226016044617 574
1607666005563 0.3570293188095093 575
1607666005694 0.3569873869419098 576
1607666005831 0.355673611164093 577
1607666005963 0.355349063873291 578
1607666006108 0.35417044162750244 579
1607666006242 0.3542410433292389 580
1607666006375 0.3539559543132782 581
1607666006505 0.3542388379573822 582
1607666006636 0.35442328453063965 583
1607666006772 0.35483720898628235 584
1607666006907 0.35491567850112915 585
1607666007044 0.3555240333080292 586
1607666007182 0.3554900884628296 587
1607666007324 0.35564476251602173 588
1607666007462 0.35541656613349915 589
1607666007595 0.3555634319782257 590
1607666007733 0.35511085391044617 591
1607666007875 0.35537394881248474 592
1607666008005 0.3553023636341095 593
1607666008137 0.35506924986839294 594
1607666008269 0.3549196720123291 595
1607666008397 0.3545723259449005 596
1607666008541 0.35459670424461365 597
1607666008672 0.3551424443721771 598
1607666008802 0.35558170080184937 599
1607666008935 0.35541749000549316 600
1607666009067 0.3559558689594269 601
1607666009194 0.3556295335292816 602
1607666009331 0.3564765751361847 603
1607666009465 0.35570356249809265 604
1607666009596 0.35538747906684875 605
1607666009742 0.35498353838920593 606
1607666009877 0.3548874258995056 607
1607666010011 0.3545195162296295 608
1607666010150 0.3543022572994232 609
1607666010287 0.3540727496147156 610
1607666010420 0.3543586730957031 611
1607666010562 0.3542160987854004 612
1607666010703 0.35435163974761963 613
1607666010837 0.35471561551094055 614
1607666010973 0.3546692430973053 615
1607666011100 0.35545411705970764 616
1607666011251 0.3556373715400696 617
1607666011387 0.35632848739624023 618
1607666011525 0.3555835783481598 619
1607666011662 0.3555847704410553 620
1607666011811 0.35513120889663696 621
1607666011962 0.3552241027355194 622
1607666012105 0.3543826937675476 623
1607666012243 0.35444149374961853 624
1607666012373 0.3542945683002472 625
1607666012504 0.35413792729377747 626
1607666012655 0.354426771402359 627
1607666012791 0.3543888032436371 628
1607666012924 0.3545025885105133 629
1607666013055 0.35446619987487793 630
1607666013186 0.3540513515472412 631
1607666013334 0.35418927669525146 632
1607666013479 0.35393279790878296 633
1607666013618 0.3536677360534668 634
1607666013753 0.3536810278892517 635
1607666013887 0.35377731919288635 636
1607666014046 0.35458865761756897 637
1607666014193 0.35485538840293884 638
1607666014349 0.3556535542011261 639
1607666014507 0.3555780351161957 640
1607666014658 0.3564143478870392 641
1607666014813 0.35576367378234863 642
1607666014972 0.35568681359291077 643
1607666015122 0.35424941778182983 644
1607666015275 0.3539990186691284 645
1607666015426 0.3528112471103668 646
1607666015575 0.35256344079971313 647
1607666015730 0.3520990014076233 648
1607666015889 0.3523280918598175 649
1607666016033 0.3521815538406372 650
1607666016175 0.3524628281593323 651
1607666016316 0.35259753465652466 652
1607666016466 0.35339677333831787 653
1607666016612 0.35329169034957886 654
1607666016750 0.3535970449447632 655
1607666016885 0.3536321222782135 656
1607666017034 0.35395950078964233 657
1607666017175 0.35373231768608093 658
1607666017312 0.3535641133785248 659
1607666017451 0.3533955514431 660
1607666017584 0.3538719117641449 661
1607666017722 0.35374030470848083 662
1607666017858 0.35369986295700073 663
1607666017988 0.35416772961616516 664
1607666018124 0.35441285371780396 665
1607666018264 0.3548769950866699 666
1607666018397 0.35453125834465027 667
1607666018530 0.35455939173698425 668
1607666018670 0.3541248142719269 669
1607666018805 0.3538082242012024 670
1607666018942 0.35327231884002686 671
1607666019077 0.3530929982662201 672
1607666019209 0.35329902172088623 673
1607666019341 0.3536176085472107 674
1607666019474 0.3542642295360565 675
1607666019608 0.3543369174003601 676
1607666019740 0.3547760248184204 677
1607666019877 0.35469406843185425 678
1607666020010 0.35444551706314087 679
1607666020142 0.35487502813339233 680
1607666020272 0.35379934310913086 681
1607666020402 0.3540516793727875 682
1607666020540 0.35315650701522827 683
1607666020674 0.3534865081310272 684
1607666020811 0.35288605093955994 685
1607666020944 0.3528328239917755 686
1607666021081 0.35259565711021423 687
1607666021215 0.35273227095603943 688
1607666021346 0.3528563380241394 689
1607666021479 0.3528757095336914 690
1607666021611 0.3530803918838501 691
1607666021741 0.3529946804046631 692
1607666021881 0.3538763225078583 693
1607666022015 0.3542580306529999 694
1607666022144 0.3548808991909027 695
1607666022284 0.3559163212776184 696
1607666022423 0.35581356287002563 697
1607666022562 0.3554270267486572 698
1607666022712 0.35467830300331116 699
1607666022858 0.3543552756309509 700
1607666022990 0.35338836908340454 701
1607666023127 0.3529823124408722 702
1607666023259 0.3524439036846161 703
1607666023409 0.3526558578014374 704
1607666023568 0.35266390442848206 705
1607666023719 0.3525969088077545 706
1607666023853 0.35244765877723694 707
1607666023985 0.35246744751930237 708
1607666024147 0.35253387689590454 709
1607666024284 0.35241079330444336 710
1607666024415 0.3522379398345947 711
1607666024551 0.35189372301101685 712
1607666024685 0.3519376516342163 713
1607666024840 0.3519224226474762 714
1607666024976 0.35255298018455505 715
1607666025112 0.35306960344314575 716
1607666025248 0.35397961735725403 717
1607666025382 0.3545590937137604 718
1607666025534 0.35484570264816284 719
1607666025673 0.354854017496109 720
1607666025805 0.3544464707374573 721
1607666025940 0.354208379983902 722
1607666026083 0.35345959663391113 723
1607666026238 0.352777898311615 724
1607666026391 0.3523661196231842 725
1607666026533 0.3520970344543457 726
1607666026684 0.3523237705230713 727
1607666026838 0.351676881313324 728
1607666026983 0.3511010408401489 729
1607666027117 0.35137003660202026 730
1607666027263 0.3524424433708191 731
1607666027413 0.3531063199043274 732
1607666027565 0.3546006381511688 733
1607666027721 0.35504287481307983 734
1607666027872 0.35599270462989807 735
1607666028025 0.35569673776626587 736
1607666028172 0.3555779755115509 737
1607666028320 0.35436373949050903 738
1607666028458 0.35304367542266846 739
1607666028590 0.35228511691093445 740
1607666028732 0.35130080580711365 741
1607666028873 0.35094770789146423 742
1607666029010 0.35049718618392944 743
1607666029152 0.350351482629776 744
1607666029293 0.3504531681537628 745
1607666029430 0.35053351521492004 746
1607666029560 0.3509635329246521 747
1607666029695 0.35159748792648315 748
1607666029825 0.3520504832267761 749
1607666029965 0.35296007990837097 750
1607666030098 0.3532189130783081 751
1607666030234 0.35392138361930847 752
1607666030365 0.35401907563209534 753
1607666030499 0.3542206585407257 754
1607666030635 0.35346290469169617 755
1607666030771 0.35279807448387146 756
1607666030907 0.35219696164131165 757
1607666031052 0.3520585000514984 758
1607666031189 0.35176753997802734 759
1607666031324 0.3519035577774048 760
1607666031454 0.35264599323272705 761
1607666031587 0.35317176580429077 762
1607666031723 0.3540295958518982 763
1607666031857 0.35418805480003357 764
1607666031990 0.35464563965797424 765
1607666032124 0.3547171652317047 766
1607666032260 0.35481494665145874 767
1607666032400 0.3543013036251068 768
1607666032538 0.35418009757995605 769
1607666032674 0.35339951515197754 770
1607666032811 0.3530997633934021 771
1607666032950 0.3522118330001831 772
1607666033085 0.3519616425037384 773
1607666033221 0.35176801681518555 774
1607666033355 0.35173192620277405 775
1607666033486 0.3516736626625061 776
1607666033621 0.3520366847515106 777
1607666033762 0.3523024022579193 778
1607666033899 0.3527350425720215 779
1607666034034 0.35258403420448303 780
1607666034167 0.3526783287525177 781
1607666034301 0.35241952538490295 782
1607666034431 0.35258015990257263 783
1607666034565 0.35211771726608276 784
1607666034696 0.35213255882263184 785
1607666034840 0.35183900594711304 786
1607666034977 0.35206684470176697 787
1607666035111 0.3518492877483368 788
1607666035244 0.3517276346683502 789
1607666035401 0.3518885374069214 790
1607666035540 0.3517651855945587 791
1607666035677 0.3516073524951935 792
1607666035817 0.3517145812511444 793
1607666035958 0.3518140912055969 794
1607666036128 0.35235631465911865 795
1607666036267 0.35256636142730713 796
1607666036404 0.35312774777412415 797
1607666036537 0.3535803556442261 798
1607666036674 0.3534110486507416 799
1607666036832 0.3536032438278198 800
1607666036971 0.3531380295753479 801
1607666037102 0.3529559075832367 802
1607666037233 0.35268983244895935 803
1607666037380 0.3524760603904724 804
1607666037546 0.35216888785362244 805
1607666037687 0.351694256067276 806
1607666037824 0.3514406979084015 807
1607666037955 0.3513387143611908 808
1607666038088 0.3513731062412262 809
1607666038220 0.35159894824028015 810
1607666038374 0.3516206443309784 811
1607666038532 0.35239410400390625 812
1607666038681 0.35204553604125977 813
1607666038837 0.3527604937553406 814
1607666038991 0.35288187861442566 815
1607666039166 0.3531300723552704 816
1607666039323 0.353050172328949 817
1607666039475 0.35237443447113037 818
1607666039608 0.3522985279560089 819
1607666039747 0.35155248641967773 820
1607666039905 0.3515961170196533 821
1607666040070 0.3511011302471161 822
1607666040224 0.35115373134613037 823
1607666040363 0.35088178515434265 824
1607666040497 0.35134339332580566 825
1607666040634 0.35108599066734314 826
1607666040765 0.3516716957092285 827
1607666040900 0.3511545658111572 828
1607666041035 0.3518322706222534 829
1607666041170 0.35150909423828125 830
1607666041308 0.3518792390823364 831
1607666041450 0.3521859347820282 832
1607666041585 0.3523482382297516 833
1607666041722 0.3527010977268219 834
1607666041853 0.3529101014137268 835
1607666041987 0.3525111675262451 836
1607666042122 0.3530051112174988 837
1607666042254 0.35270217061042786 838
1607666042389 0.35315731167793274 839
1607666042530 0.35276320576667786 840
1607666042677 0.35335832834243774 841
1607666042811 0.3533273935317993 842
1607666042948 0.3545682430267334 843
1607666043084 0.35391107201576233 844
1607666043217 0.35414472222328186 845
1607666043355 0.3527810573577881 846
1607666043486 0.352740615606308 847
1607666043618 0.3520766794681549 848
1607666043756 0.351427286863327 849
1607666043891 0.35124197602272034 850
1607666044028 0.3506983816623688 851
1607666044165 0.35070085525512695 852
1607666044297 0.35042667388916016 853
1607666044437 0.35035964846611023 854
1607666044575 0.35016006231307983 855
1607666044708 0.34995442628860474 856
1607666044841 0.3500491976737976 857
1607666044990 0.35014617443084717 858
1607666045125 0.350498765707016 859
1607666045259 0.35041311383247375 860
1607666045392 0.35123926401138306 861
1607666045527 0.3515828549861908 862
1607666045662 0.35241013765335083 863
1607666045795 0.3529983460903168 864
1607666045928 0.35313478112220764 865
1607666046056 0.3541257977485657 866
1607666046190 0.35358941555023193 867
1607666046324 0.35320398211479187 868
1607666046458 0.35240352153778076 869
1607666046593 0.35154664516448975 870
1607666046733 0.3509134352207184 871
1607666046891 0.3498525321483612 872
1607666047037 0.34967926144599915 873
1607666047166 0.34907403588294983 874
1607666047298 0.34919625520706177 875
1607666047464 0.3490801751613617 876
1607666047609 0.3495752215385437 877
1607666047742 0.3498810827732086 878
1607666047887 0.3504938781261444 879
1607666048019 0.35137468576431274 880
1607666048149 0.35206252336502075 881
1607666048295 0.3530654311180115 882
1607666048430 0.35302695631980896 883
1607666048561 0.3530351519584656 884
1607666048712 0.35236936807632446 885
1607666048849 0.35198163986206055 886
1607666049005 0.35101354122161865 887
1607666049149 0.3512198030948639 888
1607666049284 0.3506336808204651 889
1607666049417 0.35092782974243164 890
1607666049549 0.3505652844905853 891
1607666049695 0.35078537464141846 892
1607666049831 0.3509733974933624 893
1607666049968 0.3512308597564697 894
1607666050106 0.35146769881248474 895
1607666050239 0.3513237535953522 896
1607666050389 0.3513185679912567 897
1607666050530 0.3510027229785919 898
1607666050663 0.35108596086502075 899
1607666050794 0.3506729304790497 900
1607666050928 0.350506991147995 901
1607666051086 0.35036909580230713 902
1607666051245 0.35058319568634033 903
1607666051393 0.3507233262062073 904
1607666051550 0.3515318036079407 905
1607666051704 0.35151413083076477 906
1607666051863 0.352744996547699 907
1607666052015 0.3532133102416992 908
1607666052175 0.3536750078201294 909
1607666052324 0.35250145196914673 910
1607666052476 0.3506445586681366 911
1607666052631 0.3507489562034607 912
1607666052787 0.3503386676311493 913
1607666052919 0.35011810064315796 914
1607666053056 0.3502415120601654 915
1607666053194 0.35042962431907654 916
1607666053329 0.35081496834754944 917
1607666053461 0.3515099883079529 918
1607666053589 0.35171687602996826 919
1607666053723 0.3520946502685547 920
1607666053864 0.3525773882865906 921
1607666054010 0.3520343601703644 922
1607666054146 0.3523227572441101 923
1607666054281 0.3514646291732788 924
1607666054421 0.35167038440704346 925
1607666054557 0.35100093483924866 926
1607666054693 0.35093703866004944 927
1607666054822 0.3509044945240021 928
1607666054949 0.3512624204158783 929
1607666055086 0.35098275542259216 930
1607666055217 0.3506123721599579 931
1607666055351 0.35032594203948975 932
1607666055490 0.3502779006958008 933
1607666055623 0.3500024080276489 934
1607666055758 0.3498689532279968 935
1607666055891 0.3496392071247101 936
1607666056025 0.34997278451919556 937
1607666056163 0.35010844469070435 938
1607666056314 0.3504725992679596 939
1607666056457 0.3511989116668701 940
1607666056592 0.35126161575317383 941
1607666056726 0.35214635729789734 942
1607666056864 0.35204488039016724 943
1607666056998 0.3527621030807495 944
1607666057135 0.3525599241256714 945
1607666057268 0.3523305356502533 946
1607666057406 0.35178372263908386 947
1607666057545 0.35167038440704346 948
1607666057676 0.35110312700271606 949
1607666057807 0.35079583525657654 950
1607666057943 0.3508266806602478 951
1607666058079 0.35083144903182983 952
1607666058213 0.3512399196624756 953
1607666058346 0.3509502410888672 954
1607666058482 0.3512153923511505 955
1607666058613 0.35145142674446106 956
1607666058769 0.3513472080230713 957
1607666058913 0.351239949464798 958
1607666059064 0.3508789837360382 959
1607666059203 0.35115447640419006 960
1607666059334 0.35081419348716736 961
1607666059469 0.3507204055786133 962
1607666059603 0.3502669632434845 963
1607666059751 0.35012364387512207 964
1607666059885 0.34986600279808044 965
1607666060034 0.3494754135608673 966
1607666060174 0.34941771626472473 967
1607666060328 0.3493289351463318 968
1607666060472 0.3494857847690582 969
1607666060604 0.3497030735015869 970
1607666060742 0.35007336735725403 971
1607666060875 0.35030683875083923 972
1607666061022 0.35113370418548584 973
1607666061158 0.35101792216300964 974
1607666061304 0.3517296016216278 975
1607666061441 0.3518241047859192 976
1607666061578 0.3513842225074768 977
1607666061744 0.35144421458244324 978
1607666061892 0.3507953882217407 979
1607666062032 0.35047945380210876 980
1607666062169 0.349736750125885 981
1607666062305 0.34954074025154114 982
1607666062463 0.3494625389575958 983
1607666062618 0.3499227464199066 984
1607666062942 0.34987083077430725 985
1607666063083 0.35095587372779846 986
1607666063230 0.351126104593277 987
1607666063361 0.35196375846862793 988
1607666063510 0.3519919514656067 989
1607666063704 0.35234469175338745 990
1607666063861 0.3514459729194641 991
1607666064011 0.3512248694896698 992
1607666064156 0.35034650564193726 993
1607666064307 0.35059526562690735 994
1607666064447 0.34996888041496277 995
1607666064612 0.3499522805213928 996
1607666064757 0.34955334663391113 997
1607666064907 0.34987547993659973 998
1607666065061 0.350084513425827 999
