1607611896731 0.47390395402908325 0
1607611896862 0.4662834107875824 1
1607611896982 0.45682576298713684 2
1607611897102 0.4516226351261139 3
1607611897227 0.4452398121356964 4
1607611897350 0.441243439912796 5
1607611897468 0.43952691555023193 6
1607611897603 0.43893739581108093 7
1607611897724 0.43876925110816956 8
1607611897848 0.4389161467552185 9
1607611897975 0.43835002183914185 10
1607611898095 0.4375064969062805 11
1607611898214 0.43672552704811096 12
1607611898334 0.43517008423805237 13
1607611898453 0.4330539405345917 14
1607611898582 0.43274614214897156 15
1607611898702 0.43252548575401306 16
1607611898820 0.431810587644577 17
1607611898937 0.4306691586971283 18
1607611899064 0.4295136630535126 19
1607611899186 0.42917919158935547 20
1607611899301 0.4286048710346222 21
1607611899424 0.42876043915748596 22
1607611899547 0.42815104126930237 23
1607611899669 0.42687198519706726 24
1607611899792 0.42542725801467896 25
1607611899912 0.42480650544166565 26
1607611900036 0.4242479205131531 27
1607611900156 0.42343375086784363 28
1607611900278 0.4222202003002167 29
1607611900395 0.4213089048862457 30
1607611900514 0.41987642645835876 31
1607611900642 0.419145792722702 32
1607611900760 0.418813556432724 33
1607611900886 0.4187255799770355 34
1607611901010 0.41799524426460266 35
1607611901129 0.41702035069465637 36
1607611901250 0.41626301407814026 37
1607611901371 0.41546282172203064 38
1607611901491 0.4153814911842346 39
1607611901615 0.41511714458465576 40
1607611901744 0.415006160736084 41
1607611901864 0.41384074091911316 42
1607611901981 0.4128575325012207 43
1607611902102 0.4122461974620819 44
1607611902224 0.4102172255516052 45
1607611902342 0.4090915322303772 46
1607611902464 0.4083063006401062 47
1607611902584 0.4077785909175873 48
1607611902698 0.4076777398586273 49
1607611902824 0.4069859981536865 50
1607611902941 0.4060366451740265 51
1607611903062 0.40589508414268494 52
1607611903181 0.4058234393596649 53
1607611903298 0.40646055340766907 54
1607611903421 0.4060764014720917 55
1607611903539 0.4051873981952667 56
1607611903659 0.4029668867588043 57
1607611903780 0.4016481339931488 58
1607611903901 0.4005659520626068 59
1607611904027 0.4004884660243988 60
1607611904143 0.4013358950614929 61
1607611904264 0.40108397603034973 62
1607611904384 0.4008982181549072 63
1607611904501 0.3996230661869049 64
1607611904629 0.39873531460762024 65
1607611904761 0.3983783721923828 66
1607611904887 0.3976913392543793 67
1607611905020 0.39650240540504456 68
1607611905149 0.39535269141197205 69
1607611905271 0.39426571130752563 70
1607611905398 0.3933901786804199 71
1607611905522 0.39199936389923096 72
1607611905649 0.39167851209640503 73
1607611905770 0.3909837007522583 74
1607611905887 0.3908980190753937 75
1607611906006 0.39123082160949707 76
1607611906131 0.3923545181751251 77
1607611906256 0.3937161862850189 78
1607611906378 0.3924870789051056 79
1607611906498 0.3910786509513855 80
1607611906623 0.38998231291770935 81
1607611906744 0.38976913690567017 82
1607611906866 0.38907042145729065 83
1607611906993 0.38797807693481445 84
1607611907119 0.38762953877449036 85
1607611907248 0.3870284855365753 86
1607611907370 0.38719528913497925 87
1607611907496 0.38743793964385986 88
1607611907638 0.3871968984603882 89
1607611907763 0.38678014278411865 90
1607611907886 0.38527119159698486 91
1607611908014 0.3845933675765991 92
1607611908150 0.3840259313583374 93
1607611908282 0.38409924507141113 94
1607611908403 0.38412556052207947 95
1607611908522 0.3842019736766815 96
1607611908669 0.38398057222366333 97
1607611908791 0.3836236000061035 98
1607611908916 0.3827127516269684 99
1607611909036 0.38231632113456726 100
1607611909178 0.38200366497039795 101
1607611909306 0.3821549117565155 102
1607611909431 0.38144543766975403 103
1607611909556 0.3810596466064453 104
1607611909699 0.38069793581962585 105
1607611909845 0.3807002902030945 106
1607611909980 0.3809449076652527 107
1607611910107 0.3805428445339203 108
1607611910236 0.3797715902328491 109
1607611910362 0.37893879413604736 110
1607611910515 0.37874314188957214 111
1607611910649 0.37872314453125 112
1607611910788 0.378255695104599 113
1607611910931 0.37888869643211365 114
1607611911058 0.37922579050064087 115
1607611911201 0.37980812788009644 116
1607611911335 0.3802070617675781 117
1607611911490 0.3815142512321472 118
1607611911640 0.38151678442955017 119
1607611911766 0.38047707080841064 120
1607611911886 0.3787599802017212 121
1607611912012 0.37805941700935364 122
1607611912134 0.37764203548431396 123
1607611912253 0.37718507647514343 124
1607611912377 0.37757012248039246 125
1607611912496 0.3778076767921448 126
1607611912614 0.3774946630001068 127
1607611912738 0.3780456781387329 128
1607611912858 0.3772995173931122 129
1607611912977 0.3766237795352936 130
1607611913099 0.3758971095085144 131
1607611913219 0.37637752294540405 132
1607611913345 0.376778781414032 133
1607611913468 0.37694501876831055 134
1607611913588 0.37823665142059326 135
1607611913705 0.3780309855937958 136
1607611913830 0.37711259722709656 137
1607611913952 0.3750864565372467 138
1607611914088 0.374472051858902 139
1607611914218 0.37349238991737366 140
1607611914482 0.3731194734573364 141
1607611914614 0.37270328402519226 142
1607611914744 0.37266436219215393 143
1607611914865 0.3732069432735443 144
1607611915010 0.3733777701854706 145
1607611915133 0.373984158039093 146
1607611915256 0.37336164712905884 147
1607611915386 0.37296026945114136 148
1607611915516 0.3726032078266144 149
1607611915635 0.37231552600860596 150
1607611915757 0.3717958927154541 151
1607611915882 0.3705649673938751 152
1607611916012 0.3703490197658539 153
1607611916135 0.36984118819236755 154
1607611916256 0.3701469898223877 155
1607611916389 0.3697599470615387 156
1607611916526 0.3699145019054413 157
1607611916649 0.37038329243659973 158
1607611916775 0.37089890241622925 159
1607611916891 0.3712534010410309 160
1607611917011 0.37117961049079895 161
1607611917131 0.3712102472782135 162
1607611917250 0.3714550733566284 163
1607611917379 0.37079665064811707 164
1607611917507 0.3709365129470825 165
1607611917631 0.37043121457099915 166
1607611917761 0.3707551956176758 167
1607611917888 0.37118518352508545 168
1607611918039 0.37107059359550476 169
1607611918168 0.3708074390888214 170
1607611918310 0.3703065514564514 171
1607611918447 0.3706829249858856 172
1607611918583 0.37018030881881714 173
1607611918722 0.3707185387611389 174
1607611918853 0.3703685998916626 175
1607611918976 0.37141844630241394 176
1607611919112 0.3707195222377777 177
1607611919267 0.3706534802913666 178
1607611919393 0.37048840522766113 179
1607611919509 0.37091273069381714 180
1607611919628 0.370322048664093 181
1607611919751 0.37046024203300476 182
1607611919899 0.3697333335876465 183
1607611920031 0.3697371482849121 184
1607611920147 0.36916613578796387 185
1607611920268 0.3689137101173401 186
1607611920413 0.3685118854045868 187
1607611920539 0.3683147430419922 188
1607611920656 0.36792853474617004 189
1607611920795 0.36818957328796387 190
1607611920936 0.368094801902771 191
1607611921096 0.3682515323162079 192
1607611921225 0.36873888969421387 193
1607611921345 0.36891043186187744 194
1607611921472 0.3687072992324829 195
1607611921595 0.3685286343097687 196
1607611921719 0.36827993392944336 197
1607611921836 0.3683868944644928 198
1607611921976 0.36759424209594727 199
1607611922135 0.3674449324607849 200
1607611922280 0.36699408292770386 201
1607611922418 0.36724036931991577 202
1607611922541 0.36719298362731934 203
1607611922678 0.36703217029571533 204
1607611922818 0.3676507771015167 205
1607611922952 0.3672311007976532 206
1607611923090 0.3672097623348236 207
1607611923236 0.36681339144706726 208
1607611923380 0.36678436398506165 209
1607611923534 0.3663005828857422 210
1607611923661 0.36623987555503845 211
1607611923777 0.3660889267921448 212
1607611923902 0.36652860045433044 213
1607611924023 0.3665495812892914 214
1607611924143 0.3669254183769226 215
1607611924266 0.36713042855262756 216
1607611924384 0.36786624789237976 217
1607611924510 0.36741456389427185 218
1607611924633 0.36723142862319946 219
1607611924753 0.367240309715271 220
1607611924870 0.36737456917762756 221
1607611924987 0.3672630190849304 222
1607611925105 0.36673033237457275 223
1607611925228 0.3671075105667114 224
1607611925352 0.3667919337749481 225
1607611925468 0.3674308955669403 226
1607611925588 0.36727678775787354 227
1607611925715 0.36703234910964966 228
1607611925838 0.3665502667427063 229
1607611925966 0.3655359447002411 230
1607611926086 0.36480066180229187 231
1607611926205 0.36456066370010376 232
1607611926324 0.3641280233860016 233
1607611926444 0.364675372838974 234
1607611926560 0.36491477489471436 235
1607611926689 0.36514583230018616 236
1607611926822 0.3657727539539337 237
1607611926946 0.3656880557537079 238
1607611927066 0.3662113547325134 239
1607611927187 0.36604762077331543 240
1607611927308 0.3654994070529938 241
1607611927428 0.3654118776321411 242
1607611927559 0.36439383029937744 243
1607611927685 0.3639931380748749 244
1607611927811 0.3635600805282593 245
1607611927937 0.36336246132850647 246
1607611928058 0.3632005751132965 247
1607611928181 0.3627367913722992 248
1607611928306 0.3630778193473816 249
1607611928424 0.363199383020401 250
1607611928543 0.36378252506256104 251
1607611928663 0.36429643630981445 252
1607611928777 0.36466488242149353 253
1607611928896 0.36583733558654785 254
1607611929038 0.36479389667510986 255
1607611929160 0.36471444368362427 256
1607611929278 0.3641386032104492 257
1607611929394 0.3643053472042084 258
1607611929513 0.3634262681007385 259
1607611929655 0.36308619379997253 260
1607611929783 0.36298614740371704 261
1607611929909 0.3635263442993164 262
1607611930034 0.3633246421813965 263
1607611930174 0.36326664686203003 264
1607611930306 0.36334750056266785 265
1607611930432 0.3637370765209198 266
1607611930558 0.36366257071495056 267
1607611930684 0.3643888533115387 268
1607611930821 0.36396560072898865 269
1607611930951 0.36459729075431824 270
1607611931075 0.36386844515800476 271
1607611931208 0.36389923095703125 272
1607611931339 0.3637791574001312 273
1607611931479 0.3629886209964752 274
1607611931612 0.36329329013824463 275
1607611931735 0.36280450224876404 276
1607611931851 0.3627549409866333 277
1607611931972 0.36235204339027405 278
1607611932113 0.3623412549495697 279
1607611932239 0.36240896582603455 280
1607611932366 0.36255311965942383 281
1607611932500 0.36285215616226196 282
1607611932623 0.36282458901405334 283
1607611932762 0.3631262183189392 284
1607611932885 0.3631664216518402 285
1607611933008 0.36320337653160095 286
1607611933129 0.3636171817779541 287
1607611933247 0.36287930607795715 288
1607611933391 0.36307188868522644 289
1607611933527 0.36288437247276306 290
1607611933650 0.3626804053783417 291
1607611933769 0.36271461844444275 292
1607611933909 0.3621436655521393 293
1607611934065 0.36207184195518494 294
1607611934215 0.36159777641296387 295
1607611934342 0.3617541193962097 296
1607611934486 0.3617227375507355 297
1607611934618 0.36219826340675354 298
1607611934772 0.36275750398635864 299
1607611934938 0.36282670497894287 300
1607611935101 0.36390531063079834 301
1607611935236 0.3631359934806824 302
1607611935376 0.36360982060432434 303
1607611935503 0.36228132247924805 304
1607611935621 0.36251506209373474 305
1607611935745 0.3615701496601105 306
1607611935861 0.36166203022003174 307
1607611935986 0.36107775568962097 308
1607611936115 0.36121368408203125 309
1607611936241 0.36131322383880615 310
1607611936358 0.3613070845603943 311
1607611936483 0.36150088906288147 312
1607611936606 0.36172908544540405 313
1607611936728 0.3618389666080475 314
1607611936849 0.36195456981658936 315
1607611936973 0.3616253137588501 316
1607611937101 0.36135363578796387 317
1607611937230 0.360957533121109 318
1607611937347 0.36040669679641724 319
1607611937470 0.360124409198761 320
1607611937594 0.3599487841129303 321
1607611937711 0.35982730984687805 322
1607611937828 0.35995757579803467 323
1607611937945 0.36018234491348267 324
1607611938064 0.3604819178581238 325
1607611938194 0.36081477999687195 326
1607611938315 0.36160507798194885 327
1607611938432 0.3618695139884949 328
1607611938549 0.36226436495780945 329
1607611938668 0.3628416359424591 330
1607611938790 0.3620988428592682 331
1607611938908 0.36238110065460205 332
1607611939031 0.36130064725875854 333
1607611939149 0.3614405393600464 334
1607611939273 0.3608168661594391 335
1607611939405 0.36065417528152466 336
1607611939527 0.3606829047203064 337
1607611939650 0.3608948588371277 338
1607611939768 0.360800176858902 339
1607611939884 0.36057767271995544 340
1607611940022 0.36030879616737366 341
1607611940149 0.3601646423339844 342
1607611940269 0.3598257601261139 343
1607611940397 0.3595896363258362 344
1607611940522 0.35951563715934753 345
1607611940645 0.3594096004962921 346
1607611940765 0.35974234342575073 347
1607611940887 0.35983511805534363 348
1607611941015 0.3601323664188385 349
1607611941146 0.36031731963157654 350
1607611941267 0.3601742088794708 351
1607611941393 0.360126256942749 352
1607611941523 0.3595428168773651 353
1607611941649 0.35932719707489014 354
1607611941791 0.3589494526386261 355
1607611941921 0.358817994594574 356
1607611942045 0.3587002754211426 357
1607611942186 0.35901233553886414 358
1607611942313 0.3592525124549866 359
1607611942429 0.35983243584632874 360
1607611942546 0.35965001583099365 361
1607611942678 0.3597688376903534 362
1607611942829 0.359811007976532 363
1607611942954 0.3600771427154541 364
1607611943075 0.35965344309806824 365
1607611943197 0.35964083671569824 366
1607611943325 0.3594583570957184 367
1607611943465 0.35972338914871216 368
1607611943594 0.35962751507759094 369
1607611943716 0.3596307635307312 370
1607611943848 0.3596406579017639 371
1607611943970 0.35962167382240295 372
1607611944119 0.3601541817188263 373
1607611944249 0.3597741723060608 374
1607611944373 0.36041194200515747 375
1607611944496 0.35982373356819153 376
1607611944638 0.3597906827926636 377
1607611944760 0.3591359555721283 378
1607611944883 0.35932084918022156 379
1607611945020 0.3588699698448181 380
1607611945147 0.3585948050022125 381
1607611945268 0.35850340127944946 382
1607611945415 0.3587433695793152 383
1607611945562 0.35893046855926514 384
1607611945691 0.3590976595878601 385
1607611945823 0.35951757431030273 386
1607611945960 0.3598216772079468 387
1607611946102 0.3596556782722473 388
1607611946246 0.3600757122039795 389
1607611946381 0.35984134674072266 390
1607611946536 0.3594805598258972 391
1607611946691 0.3585762083530426 392
1607611946813 0.3583056330680847 393
1607611946930 0.3583957850933075 394
1607611947048 0.358617901802063 395
1607611947167 0.35952281951904297 396
1607611947288 0.3602612316608429 397
1607611947414 0.36080583930015564 398
1607611947538 0.3603365421295166 399
1607611947661 0.3600684404373169 400
1607611947783 0.3589296340942383 401
1607611947902 0.35804638266563416 402
1607611948022 0.35729357600212097 403
1607611948144 0.35703104734420776 404
1607611948266 0.35665786266326904 405
1607611948399 0.3568069040775299 406
1607611948526 0.3570430874824524 407
1607611948654 0.35776758193969727 408
1607611948778 0.3583657145500183 409
1607611948903 0.3589542508125305 410
1607611949030 0.3591616153717041 411
1607611949155 0.35935091972351074 412
1607611949282 0.3596269488334656 413
1607611949400 0.35897719860076904 414
1607611949522 0.359311044216156 415
1607611949643 0.35805371403694153 416
1607611949765 0.35886451601982117 417
1607611949891 0.3579018712043762 418
1607611950011 0.35840561985969543 419
1607611950130 0.35744690895080566 420
1607611950251 0.35784223675727844 421
1607611950369 0.3578321039676666 422
1607611950488 0.35817670822143555 423
1607611950609 0.3587172031402588 424
1607611950737 0.3581989109516144 425
1607611950879 0.3594683110713959 426
1607611951011 0.35876762866973877 427
1607611951143 0.3588298559188843 428
1607611951261 0.35876941680908203 429
1607611951407 0.3584310710430145 430
1607611951540 0.35800445079803467 431
1607611951658 0.35791563987731934 432
1607611951780 0.3575068414211273 433
1607611951911 0.35763001441955566 434
1607611952063 0.35729455947875977 435
1607611952200 0.357347309589386 436
1607611952316 0.35753297805786133 437
1607611952444 0.3571905195713043 438
1607611952562 0.3571970760822296 439
1607611952707 0.3568912744522095 440
1607611952830 0.3570098280906677 441
1607611952950 0.35694628953933716 442
1607611953090 0.3569304347038269 443
1607611953223 0.3569148778915405 444
1607611953388 0.35696321725845337 445
1607611953511 0.35692209005355835 446
1607611953636 0.3571656346321106 447
1607611953756 0.3567388951778412 448
1607611953900 0.3569437861442566 449
1607611954024 0.3560768961906433 450
1607611954141 0.3563286364078522 451
1607611954269 0.3557763397693634 452
1607611954401 0.35617998242378235 453
1607611954548 0.35630279779434204 454
1607611954672 0.3565838038921356 455
1607611954803 0.35701245069503784 456
1607611954925 0.35763007402420044 457
1607611955045 0.3581913411617279 458
1607611955189 0.3590482473373413 459
1607611955310 0.3590793311595917 460
1607611955443 0.3593144118785858 461
1607611955569 0.3591080904006958 462
1607611955692 0.35882115364074707 463
1607611955831 0.35823091864585876 464
1607611955960 0.35749149322509766 465
1607611956079 0.35679909586906433 466
1607611956199 0.35732904076576233 467
1607611956314 0.3572298288345337 468
1607611956455 0.35804322361946106 469
1607611956600 0.35831066966056824 470
1607611956732 0.3586978614330292 471
1607611956859 0.3586348593235016 472
1607611956986 0.3584190905094147 473
1607611957109 0.3579871952533722 474
1607611957264 0.357446551322937 475
1607611957418 0.3566993176937103 476
1607611957550 0.3562907874584198 477
1607611957677 0.3560127317905426 478
1607611957806 0.35604825615882874 479
1607611957927 0.35599884390830994 480
1607611958048 0.3565444052219391 481
1607611958173 0.3569132685661316 482
1607611958304 0.35728129744529724 483
1607611958432 0.3574524223804474 484
1607611958561 0.3576403260231018 485
1607611958680 0.35764679312705994 486
1607611958799 0.357362300157547 487
1607611958923 0.3567480146884918 488
1607611959047 0.35654181241989136 489
1607611959168 0.35593700408935547 490
1607611959295 0.35564178228378296 491
1607611959414 0.3551277816295624 492
1607611959530 0.35499146580696106 493
1607611959650 0.35480692982673645 494
1607611959767 0.35517144203186035 495
1607611959890 0.35493651032447815 496
1607611960015 0.35554563999176025 497
1607611960135 0.35527676343917847 498
1607611960256 0.3559992015361786 499
1607611960386 0.3558226525783539 500
1607611960508 0.3560587465763092 501
1607611960627 0.3564566969871521 502
1607611960745 0.3567766547203064 503
1607611960867 0.35676074028015137 504
1607611960986 0.3568372130393982 505
1607611961114 0.3567575514316559 506
1607611961238 0.35666441917419434 507
1607611961363 0.35649609565734863 508
1607611961499 0.35573792457580566 509
1607611961618 0.35555750131607056 510
1607611961751 0.35458216071128845 511
1607611961876 0.35460662841796875 512
1607611961998 0.3543330430984497 513
1607611962118 0.3544011414051056 514
1607611962242 0.35518741607666016 515
1607611962380 0.35511985421180725 516
1607611962508 0.356493204832077 517
1607611962626 0.35579821467399597 518
1607611962745 0.35680386424064636 519
1607611962866 0.35646212100982666 520
1607611963006 0.35679733753204346 521
1607611963125 0.3567013442516327 522
1607611963248 0.3568651080131531 523
1607611963380 0.3569362759590149 524
1607611963507 0.3575323820114136 525
1607611963645 0.35717514157295227 526
1607611963776 0.3576452136039734 527
1607611963900 0.3564893901348114 528
1607611964020 0.35645583271980286 529
1607611964141 0.355432391166687 530
1607611964275 0.3550710678100586 531
1607611964400 0.35469502210617065 532
1607611964528 0.35471609234809875 533
1607611964661 0.3548663258552551 534
1607611964779 0.35504984855651855 535
1607611964918 0.35539793968200684 536
1607611965045 0.3555847406387329 537
1607611965168 0.35585156083106995 538
1607611965297 0.3557491898536682 539
1607611965415 0.3562236428260803 540
1607611965548 0.35603415966033936 541
1607611965677 0.3564039468765259 542
1607611965799 0.3561211824417114 543
1607611965924 0.3558429181575775 544
1607611966069 0.3556133210659027 545
1607611966209 0.3551329970359802 546
1607611966329 0.3551519513130188 547
1607611966442 0.3547227680683136 548
1607611966587 0.35469335317611694 549
1607611966718 0.3544137477874756 550
1607611966850 0.3547351360321045 551
1607611966980 0.35469937324523926 552
1607611967103 0.3549748957157135 553
1607611967223 0.3551359176635742 554
1607611967369 0.3552338182926178 555
1607611967516 0.355494886636734 556
1607611967670 0.3552497625350952 557
1607611967808 0.3552216589450836 558
1607611967951 0.3548356890678406 559
1607611968104 0.35460448265075684 560
1607611968256 0.35451313853263855 561
1607611968411 0.3542368710041046 562
1607611968541 0.35425180196762085 563
1607611968668 0.3545454144477844 564
1607611968793 0.3544562757015228 565
1607611968915 0.35477516055107117 566
1607611969038 0.35514095425605774 567
1607611969156 0.3558506965637207 568
1607611969285 0.35656583309173584 569
1607611969416 0.35730528831481934 570
1607611969540 0.3573463559150696 571
1607611969665 0.35801011323928833 572
1607611969786 0.3572227954864502 573
1607611969909 0.3565562963485718 574
1607611970031 0.3556104302406311 575
1607611970149 0.3543679714202881 576
1607611970271 0.35353732109069824 577
1607611970402 0.3526838421821594 578
1607611970698 0.35231199860572815 579
1607611970819 0.3520440459251404 580
1607611970937 0.35204586386680603 581
1607611971060 0.35234180092811584 582
1607611971180 0.35290807485580444 583
1607611971303 0.35343900322914124 584
1607611971427 0.3545379340648651 585
1607611971547 0.3554899990558624 586
1607611971674 0.3562586009502411 587
1607611971792 0.3564688265323639 588
1607611971913 0.35668933391571045 589
1607611972031 0.3564727306365967 590
1607611972154 0.3561219871044159 591
1607611972272 0.3557717800140381 592
1607611972390 0.35510745644569397 593
1607611972507 0.3548543155193329 594
1607611972632 0.35434746742248535 595
1607611972753 0.35431191325187683 596
1607611972877 0.35386422276496887 597
1607611972993 0.3536871671676636 598
1607611973116 0.35327062010765076 599
1607611973263 0.3530535399913788 600
1607611973386 0.3529081344604492 601
1607611973503 0.3530604839324951 602
1607611973627 0.3529982566833496 603
1607611973748 0.35342562198638916 604
1607611973894 0.35364973545074463 605
1607611974021 0.3542909026145935 606
1607611974143 0.3544979989528656 607
1607611974262 0.354669451713562 608
1607611974380 0.3549173176288605 609
1607611974519 0.35462871193885803 610
1607611974647 0.35481497645378113 611
1607611974769 0.3543238639831543 612
1607611974888 0.3548245429992676 613
1607611975011 0.35441234707832336 614
1607611975150 0.35459184646606445 615
1607611975277 0.3542204797267914 616
1607611975394 0.35395902395248413 617
1607611975510 0.3539767563343048 618
1607611975651 0.3537941575050354 619
1607611975775 0.35400840640068054 620
1607611975900 0.35374653339385986 621
1607611976017 0.35394465923309326 622
1607611976140 0.3540617823600769 623
1607611976286 0.35417142510414124 624
1607611976413 0.35499945282936096 625
1607611976529 0.35416027903556824 626
1607611976655 0.35448968410491943 627
1607611976777 0.3539169430732727 628
1607611976928 0.3543882369995117 629
1607611977053 0.3540628254413605 630
1607611977173 0.35414791107177734 631
1607611977291 0.3542949855327606 632
1607611977415 0.3548007905483246 633
1607611977565 0.3548727035522461 634
1607611977686 0.35474780201911926 635
1607611977810 0.3550807535648346 636
1607611977928 0.35488805174827576 637
1607611978076 0.3541213274002075 638
1607611978223 0.35394808650016785 639
1607611978377 0.3535726070404053 640
1607611978507 0.3533509373664856 641
1607611978655 0.35312381386756897 642
1607611978791 0.35294288396835327 643
1607611978918 0.353340208530426 644
1607611979079 0.3535892963409424 645
1607611979229 0.35407528281211853 646
1607611979369 0.3546393811702728 647
1607611979491 0.3552558422088623 648
1607611979609 0.35549435019493103 649
1607611979729 0.35554239153862 650
1607611979849 0.3553483188152313 651
1607611979966 0.3553920388221741 652
1607611980087 0.35540318489074707 653
1607611980213 0.3549712598323822 654
1607611980328 0.3542957305908203 655
1607611980452 0.35366231203079224 656
1607611980574 0.35323843359947205 657
1607611980701 0.3528813421726227 658
1607611980822 0.3525337874889374 659
1607611980946 0.3520633578300476 660
1607611981067 0.3523106873035431 661
1607611981189 0.3525148928165436 662
1607611981316 0.35289278626441956 663
1607611981444 0.35340049862861633 664
1607611981574 0.3538861572742462 665
1607611981691 0.3546687364578247 666
1607611981808 0.3545171618461609 667
1607611981934 0.35452714562416077 668
1607611982059 0.35403457283973694 669
1607611982177 0.35349297523498535 670
1607611982298 0.3530817925930023 671
1607611982416 0.3523728847503662 672
1607611982534 0.3523899018764496 673
1607611982662 0.35246768593788147 674
1607611982784 0.3528923988342285 675
1607611982912 0.35301533341407776 676
1607611983036 0.3536395728588104 677
1607611983157 0.35395482182502747 678
1607611983298 0.3544875979423523 679
1607611983420 0.3538169264793396 680
1607611983540 0.35348355770111084 681
1607611983654 0.35364869236946106 682
1607611983781 0.35318467020988464 683
1607611983917 0.35296428203582764 684
1607611984043 0.35244452953338623 685
1607611984170 0.3524818420410156 686
1607611984291 0.35218721628189087 687
1607611984433 0.3521256744861603 688
1607611984564 0.35181450843811035 689
1607611984678 0.35174277424812317 690
1607611984801 0.35175174474716187 691
1607611984927 0.3519176244735718 692
1607611985074 0.35219836235046387 693
1607611985196 0.3526255488395691 694
1607611985312 0.35316693782806396 695
1607611985431 0.3541768491268158 696
1607611985569 0.3545358180999756 697
1607611985689 0.3558424711227417 698
1607611985806 0.35517868399620056 699
1607611985926 0.3554202914237976 700
1607611986058 0.3541182577610016 701
1607611986200 0.3536723852157593 702
1607611986323 0.3529582917690277 703
1607611986446 0.3526180386543274 704
1607611986567 0.35231009125709534 705
1607611986715 0.35185322165489197 706
1607611986832 0.35184335708618164 707
1607611986954 0.35172030329704285 708
1607611987073 0.3522728681564331 709
1607611987199 0.35220661759376526 710
1607611987344 0.3528490662574768 711
1607611987473 0.3533845543861389 712
1607611987591 0.3541003167629242 713
1607611987708 0.35445207357406616 714
1607611987825 0.35460010170936584 715
1607611987962 0.35451629757881165 716
1607611988083 0.3540525734424591 717
1607611988200 0.3535754084587097 718
1607611988327 0.3533778190612793 719
1607611988473 0.3527844548225403 720
1607611988618 0.3523569405078888 721
1607611988748 0.35186585783958435 722
1607611988874 0.35199061036109924 723
1607611989003 0.35162779688835144 724
1607611989137 0.35174068808555603 725
1607611989273 0.3519642651081085 726
1607611989408 0.35224613547325134 727
1607611989558 0.3525174856185913 728
1607611989694 0.3526933193206787 729
1607611989819 0.3531408905982971 730
1607611989940 0.3531422019004822 731
1607611990062 0.3530495762825012 732
1607611990181 0.35278573632240295 733
1607611990301 0.35279256105422974 734
1607611990426 0.3523537516593933 735
1607611990552 0.35231319069862366 736
1607611990675 0.35196948051452637 737
1607611990793 0.3521072566509247 738
1607611990916 0.35231080651283264 739
1607611991043 0.3524571657180786 740
1607611991162 0.35311615467071533 741
1607611991279 0.3529912233352661 742
1607611991401 0.35301369428634644 743
1607611991523 0.3527115285396576 744
1607611991644 0.3526249825954437 745
1607611991772 0.35233911871910095 746
1607611991902 0.35193341970443726 747
1607611992030 0.3523125648498535 748
1607611992156 0.35194599628448486 749
1607611992276 0.3525308668613434 750
1607611992397 0.35212650895118713 751
1607611992535 0.35243314504623413 752
1607611992661 0.3523113429546356 753
1607611992787 0.3523639738559723 754
1607611992915 0.35222676396369934 755
1607611993043 0.35216450691223145 756
1607611993162 0.3522868752479553 757
1607611993291 0.35224422812461853 758
1607611993419 0.35251203179359436 759
1607611993545 0.35273224115371704 760
1607611993666 0.3526342809200287 761
1607611993784 0.3530062437057495 762
1607611993927 0.3529021143913269 763
1607611994060 0.3531787693500519 764
1607611994180 0.3532527983188629 765
1607611994303 0.35266628861427307 766
1607611994421 0.3527650833129883 767
1607611994556 0.3522406816482544 768
1607611994681 0.35210371017456055 769
1607611994807 0.35226207971572876 770
1607611994941 0.35171353816986084 771
1607611995068 0.3522665202617645 772
1607611995214 0.35185256600379944 773
1607611995344 0.35234159231185913 774
1607611995473 0.35240787267684937 775
1607611995597 0.35237574577331543 776
1607611995724 0.35227882862091064 777
1607611995874 0.3522646427154541 778
1607611995999 0.35198524594306946 779
1607611996117 0.35183921456336975 780
1607611996236 0.35150182247161865 781
1607611996365 0.35134604573249817 782
1607611996512 0.3515011668205261 783
1607611996644 0.35110002756118774 784
1607611996767 0.35119035840034485 785
1607611996895 0.3507518768310547 786
1607611997021 0.3511382043361664 787
1607611997164 0.3509760797023773 788
1607611997289 0.35146406292915344 789
1607611997413 0.35146817564964294 790
1607611997540 0.3524497151374817 791
1607611997692 0.35286378860473633 792
1607611997825 0.3538369834423065 793
1607611997949 0.35361891984939575 794
1607611998067 0.35391363501548767 795
1607611998188 0.3529946506023407 796
1607611998334 0.3526085913181305 797
1607611998476 0.3517242968082428 798
1607611998594 0.35102659463882446 799
1607611998719 0.3505585193634033 800
1607611998862 0.3502192497253418 801
1607611998985 0.3504781723022461 802
1607611999100 0.3506275415420532 803
1607611999220 0.3514033555984497 804
1607611999336 0.35189321637153625 805
1607611999486 0.3527646064758301 806
1607611999639 0.3536542057991028 807
1607611999772 0.3545081913471222 808
1607611999925 0.3546985685825348 809
1607612000059 0.35459181666374207 810
1607612000205 0.3539743721485138 811
1607612000334 0.3537712097167969 812
1607612000465 0.3527972102165222 813
1607612000593 0.35221168398857117 814
1607612000736 0.3515501320362091 815
1607612000863 0.3509666621685028 816
1607612000978 0.35102954506874084 817
1607612001109 0.35063397884368896 818
1607612001235 0.35062897205352783 819
1607612001362 0.3504381477832794 820
1607612001479 0.35045695304870605 821
1607612001597 0.35031646490097046 822
1607612001731 0.350602924823761 823
1607612001859 0.350310742855072 824
1607612001978 0.3504032492637634 825
1607612002098 0.3506069481372833 826
1607612002228 0.3506086468696594 827
1607612002392 0.3508659601211548 828
1607612002542 0.3508746027946472 829
1607612002662 0.3512038290500641 830
1607612002799 0.3511373996734619 831
1607612002928 0.35139143466949463 832
1607612003075 0.35153600573539734 833
1607612003203 0.3521231412887573 834
1607612003349 0.3524232506752014 835
1607612003508 0.3522549271583557 836
1607612003640 0.35328182578086853 837
1607612003794 0.3525138199329376 838
1607612003921 0.3528865873813629 839
1607612004046 0.35215482115745544 840
1607612004196 0.35219576954841614 841
1607612004328 0.3518959879875183 842
1607612004458 0.35118070244789124 843
1607612004577 0.35142821073532104 844
1607612004709 0.35096779465675354 845
1607612004827 0.35067322850227356 846
1607612004948 0.3506583571434021 847
1607612005071 0.3508579134941101 848
1607612005190 0.35125476121902466 849
1607612005317 0.3519667387008667 850
1607612005438 0.3519176244735718 851
1607612005554 0.3525872826576233 852
1607612005677 0.3518775999546051 853
1607612005810 0.3519704043865204 854
1607612005932 0.3509519696235657 855
1607612006057 0.3507121801376343 856
1607612006184 0.3500082194805145 857
1607612006320 0.3500424921512604 858
1607612006442 0.3499169647693634 859
1607612006562 0.3503499925136566 860
1607612006687 0.35063326358795166 861
1607612006817 0.3512800335884094 862
1607612006950 0.35198524594306946 863
1607612007077 0.3519247770309448 864
1607612007197 0.35239437222480774 865
1607612007322 0.3522335886955261 866
1607612007446 0.352265864610672 867
1607612007570 0.3521081209182739 868
1607612007691 0.3518142104148865 869
1607612007808 0.3517213463783264 870
1607612007930 0.35169410705566406 871
1607612008053 0.35161325335502625 872
1607612008175 0.35126420855522156 873
1607612008292 0.35104072093963623 874
1607612008413 0.35091373324394226 875
1607612008533 0.35091713070869446 876
1607612008658 0.35046717524528503 877
1607612008778 0.3500610589981079 878
1607612008900 0.3495842516422272 879
1607612009022 0.3493719696998596 880
1607612009150 0.3490247428417206 881
1607612009269 0.34867358207702637 882
1607612009386 0.3486937880516052 883
1607612009511 0.34892407059669495 884
1607612009628 0.3494340777397156 885
1607612009747 0.34980642795562744 886
1607612009868 0.3503645062446594 887
1607612009984 0.3511427938938141 888
1607612010104 0.35170939564704895 889
1607612010228 0.35196059942245483 890
1607612010350 0.35240012407302856 891
1607612010481 0.3526754081249237 892
1607612010606 0.3526346683502197 893
1607612010727 0.3520340621471405 894
1607612010855 0.3522966802120209 895
1607612010977 0.35234731435775757 896
1607612011095 0.3524574339389801 897
1607612011214 0.3520779013633728 898
1607612011341 0.3518470823764801 899
1607612011463 0.3512251377105713 900
1607612011586 0.35036617517471313 901
1607612011708 0.34995749592781067 902
1607612011833 0.34949377179145813 903
1607612011966 0.3493135869503021 904
1607612012091 0.34901317954063416 905
1607612012210 0.3492020070552826 906
1607612012337 0.34936583042144775 907
1607612012462 0.35025641322135925 908
1607612012580 0.3501781225204468 909
1607612012703 0.35108283162117004 910
1607612012829 0.35153213143348694 911
1607612012956 0.35193389654159546 912
1607612013078 0.35227295756340027 913
1607612013199 0.3522701859474182 914
1607612013320 0.3521968722343445 915
1607612013457 0.3518639802932739 916
1607612013597 0.35145628452301025 917
1607612013721 0.3510834276676178 918
1607612013840 0.3505554795265198 919
1607612013983 0.3503255248069763 920
1607612014109 0.3498322367668152 921
1607612014226 0.34986206889152527 922
1607612014346 0.3496860861778259 923
1607612014461 0.34992948174476624 924
1607612014604 0.3498724699020386 925
1607612014744 0.3501284420490265 926
1607612014883 0.350141316652298 927
1607612015022 0.350711464881897 928
1607612015193 0.3506328761577606 929
1607612015339 0.35050731897354126 930
1607612015493 0.3503322899341583 931
1607612015631 0.3502034842967987 932
1607612015770 0.35036563873291016 933
1607612015900 0.35043883323669434 934
1607612016037 0.35018280148506165 935
1607612016174 0.3507957458496094 936
1607612016308 0.3506253957748413 937
1607612016442 0.35151922702789307 938
1607612016566 0.3514339029788971 939
1607612016697 0.35170412063598633 940
1607612016847 0.3518191874027252 941
1607612016983 0.3518843948841095 942
1607612017110 0.3513111174106598 943
1607612017261 0.3508058190345764 944
1607612017392 0.350434809923172 945
1607612017520 0.3499401807785034 946
1607612017660 0.3499395549297333 947
1607612017783 0.3493174612522125 948
1607612017910 0.3496539890766144 949
1607612018033 0.34994184970855713 950
1607612018157 0.3504628539085388 951
1607612018276 0.3513825833797455 952
1607612018414 0.35137638449668884 953
1607612018534 0.3514907956123352 954
1607612018658 0.35136765241622925 955
1607612018776 0.3508794605731964 956
1607612018900 0.35028499364852905 957
1607612019027 0.3493930697441101 958
1607612019151 0.34891360998153687 959
1607612019271 0.34856921434402466 960
1607612019395 0.34854111075401306 961
1607612019518 0.34849363565444946 962
1607612019640 0.34889718890190125 963
1607612019763 0.3492705225944519 964
1607612019888 0.3501370847225189 965
1607612020006 0.35019606351852417 966
1607612020127 0.35074177384376526 967
1607612020251 0.3505532443523407 968
1607612020404 0.35126420855522156 969
1607612020547 0.35076904296875 970
1607612020685 0.350877583026886 971
1607612020830 0.35029420256614685 972
1607612020976 0.35057532787323 973
1607612021124 0.35038647055625916 974
1607612021253 0.350548654794693 975
1607612021377 0.3505285680294037 976
1607612021499 0.3507890999317169 977
1607612021620 0.35070958733558655 978
1607612021734 0.3511616289615631 979
1607612021861 0.35114482045173645 980
1607612021986 0.35103288292884827 981
1607612022105 0.35126399993896484 982
1607612022224 0.3512379825115204 983
1607612022347 0.35149168968200684 984
1607612022476 0.35117626190185547 985
1607612022598 0.35082364082336426 986
1607612022725 0.35084179043769836 987
1607612022839 0.3500871956348419 988
1607612022967 0.35006967186927795 989
1607612023088 0.34964531660079956 990
1607612023208 0.34982725977897644 991
1607612023337 0.3493669629096985 992
1607612023459 0.3494853675365448 993
1607612023585 0.34931623935699463 994
1607612023705 0.34940430521965027 995
1607612023828 0.34896543622016907 996
1607612023950 0.3494035303592682 997
1607612024072 0.3494953215122223 998
1607612024195 0.35010460019111633 999
