1607610134978 0.47393980622291565 0
1607610135110 0.46467986702919006 1
1607610135228 0.45690733194351196 2
1607610135354 0.45266497135162354 3
1607610135468 0.44612956047058105 4
1607610135585 0.44244322180747986 5
1607610135705 0.4402921497821808 6
1607610135836 0.43903130292892456 7
1607610135959 0.43843546509742737 8
1607610136077 0.438215047121048 9
1607610136196 0.4372372329235077 10
1607610136322 0.4354698657989502 11
1607610136441 0.43467655777931213 12
1607610136567 0.43432608246803284 13
1607610136695 0.4337084889411926 14
1607610136825 0.43341735005378723 15
1607610136950 0.4322553277015686 16
1607610137070 0.43134891986846924 17
1607610137194 0.43183115124702454 18
1607610137318 0.43122541904449463 19
1607610137443 0.4299701750278473 20
1607610137563 0.42901453375816345 21
1607610137682 0.4277520179748535 22
1607610137808 0.42685747146606445 23
1607610137929 0.42603421211242676 24
1607610138044 0.4250584542751312 25
1607610138161 0.42389023303985596 26
1607610138277 0.4232165515422821 27
1607610138405 0.423112154006958 28
1607610138525 0.4230782389640808 29
1607610138650 0.42266950011253357 30
1607610138773 0.42147424817085266 31
1607610138896 0.4198526442050934 32
1607610139010 0.4188759922981262 33
1607610139129 0.4178890287876129 34
1607610139245 0.4168051481246948 35
1607610139362 0.41609710454940796 36
1607610139484 0.415671169757843 37
1607610139602 0.4154181480407715 38
1607610139719 0.4148137867450714 39
1607610139833 0.41319358348846436 40
1607610139954 0.41212964057922363 41
1607610140075 0.41147369146347046 42
1607610140191 0.4115397036075592 43
1607610140309 0.41090789437294006 44
1607610140426 0.41053786873817444 45
1607610140541 0.4099465012550354 46
1607610140653 0.40987032651901245 47
1607610140770 0.40963029861450195 48
1607610140888 0.40954652428627014 49
1607610141019 0.40843966603279114 50
1607610141141 0.4058808982372284 51
1607610141259 0.4039878249168396 52
1607610141376 0.40301233530044556 53
1607610141490 0.4017157256603241 54
1607610141606 0.40077972412109375 55
1607610141723 0.40063387155532837 56
1607610141840 0.4014386534690857 57
1607610141967 0.40184760093688965 58
1607610142091 0.40140119194984436 59
1607610142215 0.4008454382419586 60
1607610142334 0.4008047580718994 61
1607610142454 0.39992228150367737 62
1607610142573 0.40021443367004395 63
1607610142694 0.399989515542984 64
1607610142809 0.3987926244735718 65
1607610142935 0.3963673710823059 66
1607610143053 0.394944429397583 67
1607610143169 0.3949344754219055 68
1607610143288 0.3946487605571747 69
1607610143415 0.39605388045310974 70
1607610143540 0.3952716886997223 71
1607610143659 0.3943141996860504 72
1607610143779 0.39300596714019775 73
1607610143911 0.39269304275512695 74
1607610144031 0.39198699593544006 75
1607610144152 0.3925415873527527 76
1607610144281 0.3930557370185852 77
1607610144406 0.39279693365097046 78
1607610144533 0.39096489548683167 79
1607610144655 0.3903227150440216 80
1607610144774 0.38903895020484924 81
1607610144901 0.387667179107666 82
1607610145028 0.3871937394142151 83
1607610145152 0.3876323401927948 84
1607610145282 0.3883322477340698 85
1607610145417 0.3897033631801605 86
1607610145546 0.38958463072776794 87
1607610145667 0.38981893658638 88
1607610145784 0.38794758915901184 89
1607610145926 0.3865757882595062 90
1607610146054 0.3852532207965851 91
1607610146181 0.3846205770969391 92
1607610146304 0.3842134475708008 93
1607610146421 0.3843855857849121 94
1607610146573 0.3844277262687683 95
1607610146703 0.3841448426246643 96
1607610146827 0.38333508372306824 97
1607610146952 0.383309006690979 98
1607610147071 0.38208097219467163 99
1607610147216 0.3817417621612549 100
1607610147350 0.38108089566230774 101
1607610147465 0.3808300793170929 102
1607610147583 0.3812679350376129 103
1607610147731 0.38181838393211365 104
1607610147856 0.38257184624671936 105
1607610147971 0.38257187604904175 106
1607610148095 0.3826116621494293 107
1607610148217 0.381086528301239 108
1607610148345 0.3805025815963745 109
1607610148465 0.37983933091163635 110
1607610148585 0.37893882393836975 111
1607610148704 0.3788541555404663 112
1607610148828 0.37899237871170044 113
1607610148967 0.37874752283096313 114
1607610149113 0.37875276803970337 115
1607610149280 0.37907272577285767 116
1607610149430 0.379284530878067 117
1607610149586 0.37902379035949707 118
1607610149740 0.37898409366607666 119
1607610149863 0.3787361979484558 120
1607610149992 0.37793034315109253 121
1607610150147 0.3775237202644348 122
1607610150273 0.37700456380844116 123
1607610150397 0.3764527142047882 124
1607610150548 0.3760104477405548 125
1607610150676 0.37564364075660706 126
1607610150798 0.37594038248062134 127
1607610150920 0.376315712928772 128
1607610151036 0.37725841999053955 129
1607610151156 0.3774745762348175 130
1607610151288 0.3770809471607208 131
1607610151406 0.37637248635292053 132
1607610151524 0.3769077658653259 133
1607610151641 0.3757999837398529 134
1607610151756 0.3755980134010315 135
1607610151874 0.3745867908000946 136
1607610151993 0.3741716742515564 137
1607610152129 0.3738324046134949 138
1607610152250 0.3731842041015625 139
1607610152369 0.37388676404953003 140
1607610152622 0.37413322925567627 141
1607610152749 0.37449899315834045 142
1607610152868 0.37520158290863037 143
1607610152986 0.37487009167671204 144
1607610153106 0.3749147355556488 145
1607610153237 0.37417998909950256 146
1607610153357 0.3732064366340637 147
1607610153474 0.37308529019355774 148
1607610153596 0.372448593378067 149
1607610153717 0.37217703461647034 150
1607610153832 0.37235885858535767 151
1607610153955 0.37258294224739075 152
1607610154073 0.3731079399585724 153
1607610154185 0.3743411898612976 154
1607610154301 0.3750327229499817 155
1607610154414 0.37469398975372314 156
1607610154534 0.37364089488983154 157
1607610154655 0.3720623850822449 158
1607610154779 0.37145179510116577 159
1607610154908 0.3705994188785553 160
1607610155029 0.37069153785705566 161
1607610155149 0.37053391337394714 162
1607610155277 0.3707844614982605 163
1607610155404 0.3709513247013092 164
1607610155539 0.37144777178764343 165
1607610155661 0.3720957636833191 166
1607610155779 0.3721967339515686 167
1607610155898 0.37186697125434875 168
1607610156022 0.37201836705207825 169
1607610156140 0.3716353476047516 170
1607610156260 0.37150028347969055 171
1607610156392 0.37072739005088806 172
1607610156523 0.37050366401672363 173
1607610156649 0.3706609606742859 174
1607610156770 0.3703470528125763 175
1607610156910 0.3701643645763397 176
1607610157037 0.3702234923839569 177
1607610157157 0.37010395526885986 178
1607610157278 0.37075623869895935 179
1607610157404 0.3707546591758728 180
1607610157537 0.3701991140842438 181
1607610157668 0.3696328401565552 182
1607610157785 0.3692358136177063 183
1607610157904 0.36895865201950073 184
1607610158022 0.3690517246723175 185
1607610158156 0.36890050768852234 186
1607610158280 0.3692307472229004 187
1607610158399 0.3693799078464508 188
1607610158515 0.36949077248573303 189
1607610158635 0.36914971470832825 190
1607610158775 0.3695622980594635 191
1607610158904 0.36943280696868896 192
1607610159024 0.36874285340309143 193
1607610159138 0.3685690760612488 194
1607610159251 0.3678845167160034 195
1607610159391 0.3681051731109619 196
1607610159520 0.36769571900367737 197
1607610159646 0.36746087670326233 198
1607610159768 0.367801308631897 199
1607610159893 0.36753109097480774 200
1607610160029 0.3677936792373657 201
1607610160158 0.3680207133293152 202
1607610160281 0.36804938316345215 203
1607610160412 0.3677714169025421 204
1607610160526 0.36801207065582275 205
1607610160658 0.3677559494972229 206
1607610160782 0.3676593601703644 207
1607610160907 0.36730772256851196 208
1607610161030 0.3679211735725403 209
1607610161147 0.3680199086666107 210
1607610161281 0.36844608187675476 211
1607610161407 0.3687152862548828 212
1607610161527 0.36927586793899536 213
1607610161654 0.36989983916282654 214
1607610161779 0.36903440952301025 215
1607610161930 0.3683472275733948 216
1607610162057 0.36736536026000977 217
1607610162202 0.36638838052749634 218
1607610162350 0.36612650752067566 219
1607610162503 0.3657039403915405 220
1607610162657 0.36579418182373047 221
1607610162779 0.36605456471443176 222
1607610162893 0.36554455757141113 223
1607610163019 0.36605215072631836 224
1607610163138 0.3660643994808197 225
1607610163268 0.36623096466064453 226
1607610163390 0.3666595220565796 227
1607610163518 0.36634987592697144 228
1607610163641 0.36654311418533325 229
1607610163762 0.36568912863731384 230
1607610163881 0.3653903305530548 231
1607610163999 0.36478692293167114 232
1607610164116 0.36508768796920776 233
1607610164239 0.3649425506591797 234
1607610164358 0.3653098940849304 235
1607610164488 0.36601799726486206 236
1607610164609 0.36623573303222656 237
1607610164730 0.36756935715675354 238
1607610164853 0.36765122413635254 239
1607610164978 0.3671642541885376 240
1607610165105 0.36622223258018494 241
1607610165223 0.3650425672531128 242
1607610165342 0.36501193046569824 243
1607610165460 0.3645091950893402 244
1607610165587 0.36459213495254517 245
1607610165707 0.36395207047462463 246
1607610165829 0.36446183919906616 247
1607610165952 0.364739328622818 248
1607610166072 0.3655024468898773 249
1607610166190 0.36528632044792175 250
1607610166309 0.36561062932014465 251
1607610166429 0.3656875491142273 252
1607610166548 0.36508622765541077 253
1607610166673 0.3646244406700134 254
1607610166794 0.3638165593147278 255
1607610166911 0.3632962107658386 256
1607610167031 0.3637177646160126 257
1607610167171 0.3631792962551117 258
1607610167301 0.36387088894844055 259
1607610167417 0.3644539415836334 260
1607610167533 0.3652525842189789 261
1607610167671 0.36614975333213806 262
1607610167803 0.36675703525543213 263
1607610167927 0.3660011887550354 264
1607610168046 0.3653149902820587 265
1607610168168 0.36422020196914673 266
1607610168287 0.3634631931781769 267
1607610168430 0.36297568678855896 268
1607610168556 0.3623419404029846 269
1607610168670 0.3624134659767151 270
1607610168785 0.36258289217948914 271
1607610168929 0.3629988729953766 272
1607610169064 0.364123672246933 273
1607610169182 0.36471399664878845 274
1607610169299 0.36477527022361755 275
1607610169420 0.36445799469947815 276
1607610169561 0.3642483055591583 277
1607610169691 0.3639759421348572 278
1607610169808 0.36354154348373413 279
1607610169925 0.3636671006679535 280
1607610170046 0.36334145069122314 281
1607610170185 0.3633124828338623 282
1607610170310 0.36314594745635986 283
1607610170428 0.36339545249938965 284
1607610170545 0.3633229434490204 285
1607610170665 0.3635944724082947 286
1607610170810 0.3631185293197632 287
1607610170934 0.3631949722766876 288
1607610171051 0.36237916350364685 289
1607610171174 0.36240559816360474 290
1607610171294 0.36181288957595825 291
1607610171434 0.3615885078907013 292
1607610171563 0.3613044023513794 293
1607610171682 0.36161530017852783 294
1607610171807 0.3619457483291626 295
1607610171928 0.36303743720054626 296
1607610172070 0.3638785779476166 297
1607610172218 0.3646789789199829 298
1607610172339 0.3650088608264923 299
1607610172458 0.36453795433044434 300
1607610172580 0.36438366770744324 301
1607610172721 0.3639667332172394 302
1607610172874 0.36284536123275757 303
1607610173029 0.3623732626438141 304
1607610173188 0.36156052350997925 305
1607610173337 0.361978679895401 306
1607610173465 0.3617302179336548 307
1607610173621 0.3619069755077362 308
1607610173775 0.36247456073760986 309
1607610173934 0.3622584939002991 310
1607610174060 0.36266812682151794 311
1607610174185 0.36195874214172363 312
1607610174306 0.36213427782058716 313
1607610174422 0.36150649189949036 314
1607610174539 0.3620053827762604 315
1607610174661 0.36130496859550476 316
1607610174789 0.3616640865802765 317
1607610174915 0.3613511621952057 318
1607610175044 0.36167892813682556 319
1607610175165 0.36205026507377625 320
1607610175296 0.36207717657089233 321
1607610175423 0.3620615005493164 322
1607610175545 0.3620480000972748 323
1607610175668 0.3621029853820801 324
1607610175784 0.36222103238105774 325
1607610175912 0.3616800308227539 326
1607610176032 0.36112180352211 327
1607610176160 0.36098363995552063 328
1607610176280 0.360760897397995 329
1607610176403 0.36098191142082214 330
1607610176521 0.3610323965549469 331
1607610176640 0.36123722791671753 332
1607610176761 0.36122435331344604 333
1607610176879 0.3612246811389923 334
1607610177003 0.3607665002346039 335
1607610177128 0.3611285984516144 336
1607610177251 0.36089035868644714 337
1607610177371 0.3610175549983978 338
1607610177491 0.3611067533493042 339
1607610177607 0.3612152934074402 340
1607610177725 0.361142098903656 341
1607610177845 0.36179405450820923 342
1607610177969 0.3616495430469513 343
1607610178104 0.36146485805511475 344
1607610178227 0.3611849248409271 345
1607610178351 0.3605823218822479 346
1607610178470 0.36085760593414307 347
1607610178587 0.3606022000312805 348
1607610178724 0.3604751527309418 349
1607610178846 0.35992899537086487 350
1607610178962 0.36007821559906006 351
1607610179076 0.36037683486938477 352
1607610179198 0.3610975742340088 353
1607610179336 0.3611913323402405 354
1607610179467 0.36159664392471313 355
1607610179589 0.36134031414985657 356
1607610179712 0.36107349395751953 357
1607610179828 0.3612010180950165 358
1607610179960 0.36057233810424805 359
1607610180086 0.3602789044380188 360
1607610180203 0.3598637580871582 361
1607610180326 0.3597768247127533 362
1607610180449 0.35972312092781067 363
1607610180588 0.35944685339927673 364
1607610180715 0.3599955141544342 365
1607610180840 0.3598986268043518 366
1607610180953 0.35990291833877563 367
1607610181093 0.36005890369415283 368
1607610181218 0.35987767577171326 369
1607610181337 0.3602483868598938 370
1607610181461 0.3603764474391937 371
1607610181580 0.36026275157928467 372
1607610181721 0.35991084575653076 373
1607610181843 0.35972902178764343 374
1607610181963 0.359475314617157 375
1607610182082 0.3599392771720886 376
1607610182205 0.35981109738349915 377
1607610182340 0.35974302887916565 378
1607610182465 0.36010727286338806 379
1607610182590 0.3601383566856384 380
1607610182715 0.3604053556919098 381
1607610182831 0.359997421503067 382
1607610182967 0.35969552397727966 383
1607610183094 0.3592764139175415 384
1607610183214 0.3589092195034027 385
1607610183331 0.3592023253440857 386
1607610183449 0.35915160179138184 387
1607610183572 0.3594127595424652 388
1607610183712 0.3593250513076782 389
1607610183862 0.35991358757019043 390
1607610183991 0.360089510679245 391
1607610184147 0.3599541187286377 392
1607610184301 0.3599500060081482 393
1607610184424 0.3594873249530792 394
1607610184584 0.35921287536621094 395
1607610184712 0.35881438851356506 396
1607610184835 0.3582736849784851 397
1607610184964 0.35800400376319885 398
1607610185086 0.3578662872314453 399
1607610185214 0.3578120172023773 400
1607610185344 0.35763275623321533 401
1607610185470 0.3578512966632843 402
1607610185590 0.3580707609653473 403
1607610185711 0.3585147559642792 404
1607610185827 0.35937178134918213 405
1607610185950 0.3597777783870697 406
1607610186075 0.36037909984588623 407
1607610186191 0.36078858375549316 408
1607610186310 0.3602065443992615 409
1607610186427 0.35968780517578125 410
1607610186547 0.35854193568229675 411
1607610186667 0.35827386379241943 412
1607610186786 0.3575298488140106 413
1607610186909 0.35749420523643494 414
1607610187031 0.356972873210907 415
1607610187157 0.35770484805107117 416
1607610187278 0.3581935465335846 417
1607610187404 0.359331339597702 418
1607610187528 0.3598750829696655 419
1607610187649 0.3614184260368347 420
1607610187765 0.360868901014328 421
1607610187892 0.3611060082912445 422
1607610188005 0.3594026565551758 423
1607610188119 0.3590298891067505 424
1607610188249 0.35860133171081543 425
1607610188369 0.3580200970172882 426
1607610188497 0.3580748736858368 427
1607610188615 0.35765010118484497 428
1607610188736 0.35816115140914917 429
1607610188878 0.3575516641139984 430
1607610189007 0.35784968733787537 431
1607610189125 0.3583543300628662 432
1607610189240 0.3582330644130707 433
1607610189370 0.3588334321975708 434
1607610189507 0.35885998606681824 435
1607610189634 0.35904744267463684 436
1607610189749 0.35891246795654297 437
1607610189867 0.3589760363101959 438
1607610189989 0.3586660325527191 439
1607610190126 0.35856717824935913 440
1607610190246 0.3582454323768616 441
1607610190362 0.358174204826355 442
1607610190486 0.3575867712497711 443
1607610190604 0.3575153052806854 444
1607610190738 0.35770827531814575 445
1607610190863 0.35817205905914307 446
1607610190982 0.35806775093078613 447
1607610191107 0.35879749059677124 448
1607610191224 0.35876110196113586 449
1607610191361 0.35845404863357544 450
1607610191486 0.35779374837875366 451
1607610191617 0.3572883605957031 452
1607610191736 0.3570760190486908 453
1607610191854 0.3565326929092407 454
1607610191991 0.3566870391368866 455
1607610192116 0.3566409945487976 456
1607610192241 0.35670727491378784 457
1607610192358 0.35723254084587097 458
1607610192476 0.35759517550468445 459
1607610192607 0.358127623796463 460
1607610192737 0.35802027583122253 461
1607610192854 0.3583592176437378 462
1607610192976 0.3579563796520233 463
1607610193098 0.3583304286003113 464
1607610193232 0.3575669229030609 465
1607610193359 0.3571957051753998 466
1607610193484 0.3565758168697357 467
1607610193603 0.3564348518848419 468
1607610193721 0.35602694749832153 469
1607610193865 0.356456995010376 470
1607610193990 0.3566979467868805 471
1607610194109 0.3568648397922516 472
1607610194226 0.35726553201675415 473
1607610194346 0.35720208287239075 474
1607610194478 0.35778698325157166 475
1607610194596 0.3583960235118866 476
1607610194717 0.35795316100120544 477
1607610194845 0.35813480615615845 478
1607610195001 0.35738494992256165 479
1607610195157 0.3574582636356354 480
1607610195282 0.3578373193740845 481
1607610195428 0.3577698767185211 482
1607610195552 0.3579877018928528 483
1607610195680 0.35732173919677734 484
1607610195802 0.3573535978794098 485
1607610195922 0.35707807540893555 486
1607610196041 0.35713836550712585 487
1607610196175 0.3566770851612091 488
1607610196296 0.3566809892654419 489
1607610196417 0.35645791888237 490
1607610196541 0.35681644082069397 491
1607610196663 0.3571385145187378 492
1607610196783 0.3572345972061157 493
1607610196903 0.35719648003578186 494
1607610197019 0.35702377557754517 495
1607610197137 0.3571907579898834 496
1607610197259 0.3565017879009247 497
1607610197375 0.35691240429878235 498
1607610197496 0.35629042983055115 499
1607610197627 0.3565010130405426 500
1607610197748 0.35647186636924744 501
1607610197876 0.35644590854644775 502
1607610197995 0.3568894863128662 503
1607610198110 0.3571890890598297 504
1607610198230 0.3578079044818878 505
1607610198358 0.3578304350376129 506
1607610198492 0.35744449496269226 507
1607610198618 0.35761213302612305 508
1607610198739 0.35719096660614014 509
1607610198870 0.35676538944244385 510
1607610198987 0.3558630645275116 511
1607610199112 0.35536858439445496 512
1607610199242 0.35559821128845215 513
1607610199369 0.35575246810913086 514
1607610199500 0.3560653030872345 515
1607610199628 0.35684454441070557 516
1607610199745 0.3566856384277344 517
1607610199870 0.35773712396621704 518
1607610200005 0.3575458526611328 519
1607610200126 0.3576626181602478 520
1607610200242 0.3566736876964569 521
1607610200360 0.35626569390296936 522
1607610200491 0.35583388805389404 523
1607610200623 0.3554169833660126 524
1607610200750 0.35512617230415344 525
1607610200872 0.35499945282936096 526
1607610200995 0.3551902174949646 527
1607610201134 0.3558879792690277 528
1607610201260 0.35591036081314087 529
1607610201374 0.35654398798942566 530
1607610201488 0.35673603415489197 531
1607610201604 0.357014924287796 532
1607610201740 0.35752350091934204 533
1607610201869 0.3568613529205322 534
1607610201997 0.35639533400535583 535
1607610202117 0.35559260845184326 536
1607610202242 0.35506415367126465 537
1607610202381 0.35485440492630005 538
1607610202531 0.3550020754337311 539
1607610202652 0.3553047776222229 540
1607610202769 0.35558974742889404 541
1607610202893 0.3564130961894989 542
1607610203033 0.3562949597835541 543
1607610203162 0.357647567987442 544
1607610203283 0.35757938027381897 545
1607610203406 0.3576248288154602 546
1607610203524 0.35714486241340637 547
1607610203660 0.356668621301651 548
1607610203791 0.35653555393218994 549
1607610203917 0.3558749854564667 550
1607610204044 0.3556384742259979 551
1607610204162 0.35477927327156067 552
1607610204302 0.35454967617988586 553
1607610204427 0.3540738821029663 554
1607610204545 0.3538595139980316 555
1607610204661 0.3535044491291046 556
1607610204778 0.3535337448120117 557
1607610204915 0.3536434471607208 558
1607610205062 0.3539319634437561 559
1607610205218 0.3544752299785614 560
1607610205375 0.3551049828529358 561
1607610205495 0.35636624693870544 562
1607610205621 0.35683673620224 563
1607610205748 0.3580954968929291 564
1607610205901 0.3577412962913513 565
1607610206054 0.3580739200115204 566
1607610206180 0.3571917414665222 567
1607610206295 0.3572658896446228 568
1607610206417 0.3562128245830536 569
1607610206534 0.3561185896396637 570
1607610206663 0.3556101620197296 571
1607610206793 0.3553546965122223 572
1607610206914 0.3555724322795868 573
1607610207039 0.3552464544773102 574
1607610207160 0.3554333746433258 575
1607610207290 0.35458967089653015 576
1607610207413 0.35515275597572327 577
1607610207540 0.35480520129203796 578
1607610207834 0.3546161651611328 579
1607610207965 0.3543558716773987 580
1607610208083 0.3543470501899719 581
1607610208209 0.35413220524787903 582
1607610208334 0.35405439138412476 583
1607610208454 0.3539721965789795 584
1607610208578 0.3544147312641144 585
1607610208702 0.35462790727615356 586
1607610208834 0.3553008437156677 587
1607610208956 0.355103075504303 588
1607610209079 0.3556176424026489 589
1607610209199 0.35597026348114014 590
1607610209316 0.3561617434024811 591
1607610209432 0.3564191162586212 592
1607610209553 0.35564208030700684 593
1607610209676 0.35566163063049316 594
1607610209804 0.3550138473510742 595
1607610209937 0.3548295795917511 596
1607610210064 0.3541570007801056 597
1607610210182 0.35392558574676514 598
1607610210300 0.35384178161621094 599
1607610210434 0.35358577966690063 600
1607610210556 0.3538561463356018 601
1607610210676 0.35398069024086 602
1607610210798 0.35440561175346375 603
1607610210914 0.3544756770133972 604
1607610211052 0.35530513525009155 605
1607610211174 0.35545939207077026 606
1607610211298 0.3565346598625183 607
1607610211418 0.3567403256893158 608
1607610211534 0.35743317008018494 609
1607610211673 0.3574371635913849 610
1607610211802 0.356772243976593 611
1607610211924 0.35626420378685 612
1607610212043 0.3557046055793762 613
1607610212165 0.35541990399360657 614
1607610212310 0.3546551764011383 615
1607610212428 0.3540199100971222 616
1607610212553 0.35384824872016907 617
1607610212669 0.35357946157455444 618
1607610212781 0.35356810688972473 619
1607610212927 0.3531353175640106 620
1607610213058 0.3535270094871521 621
1607610213177 0.353161484003067 622
1607610213296 0.35400068759918213 623
1607610213414 0.35395434498786926 624
1607610213555 0.3546942472457886 625
1607610213673 0.3549036681652069 626
1607610213789 0.35562270879745483 627
1607610213906 0.3560035228729248 628
1607610214036 0.35625752806663513 629
1607610214177 0.3560895323753357 630
1607610214302 0.35598137974739075 631
1607610214427 0.3551318645477295 632
1607610214543 0.3547287881374359 633
1607610214661 0.3543863594532013 634
1607610214798 0.3540986478328705 635
1607610214925 0.3538970947265625 636
1607610215046 0.353889524936676 637
1607610215175 0.3536832332611084 638
1607610215303 0.35385656356811523 639
1607610215442 0.3537874221801758 640
1607610215564 0.35367682576179504 641
1607610215680 0.3535020053386688 642
1607610215808 0.3535213768482208 643
1607610215935 0.3537386655807495 644
1607610216073 0.35386645793914795 645
1607610216220 0.35411474108695984 646
1607610216374 0.354610800743103 647
1607610216499 0.3547774851322174 648
1607610216621 0.3544664680957794 649
1607610216749 0.35430681705474854 650
1607610216877 0.35427990555763245 651
1607610217035 0.3540935218334198 652
1607610217166 0.35365164279937744 653
1607610217289 0.35322466492652893 654
1607610217404 0.35290056467056274 655
1607610217527 0.35269784927368164 656
1607610217645 0.35253632068634033 657
1607610217772 0.35233747959136963 658
1607610217895 0.3523986339569092 659
1607610218011 0.35254696011543274 660
1607610218142 0.3526839315891266 661
1607610218267 0.3529038727283478 662
1607610218392 0.3535636067390442 663
1607610218507 0.35365310311317444 664
1607610218629 0.3541082739830017 665
1607610218747 0.3542013168334961 666
1607610218866 0.35421082377433777 667
1607610218989 0.3543882966041565 668
1607610219106 0.3546701669692993 669
1607610219226 0.3543332815170288 670
1607610219342 0.354716420173645 671
1607610219464 0.3542705476284027 672
1607610219580 0.3546874523162842 673
1607610219704 0.35455429553985596 674
1607610219823 0.35438013076782227 675
1607610219937 0.3542529344558716 676
1607610220051 0.3540002703666687 677
1607610220169 0.3539075255393982 678
1607610220289 0.35331782698631287 679
1607610220415 0.3533632755279541 680
1607610220540 0.35288381576538086 681
1607610220658 0.3530837595462799 682
1607610220789 0.35311970114707947 683
1607610220918 0.3532138466835022 684
1607610221054 0.35358479619026184 685
1607610221177 0.35360056161880493 686
1607610221301 0.3544614315032959 687
1607610221418 0.3542345464229584 688
1607610221543 0.3547177016735077 689
1607610221680 0.35394394397735596 690
1607610221832 0.3540983200073242 691
1607610221986 0.3543300926685333 692
1607610222133 0.3547724485397339 693
1607610222261 0.3544338643550873 694
1607610222391 0.35485297441482544 695
1607610222557 0.35432878136634827 696
1607610222703 0.35488149523735046 697
1607610222860 0.35399535298347473 698
1607610223005 0.3539329767227173 699
1607610223158 0.3531896770000458 700
1607610223316 0.3533303141593933 701
1607610223471 0.3529725670814514 702
1607610223626 0.35371899604797363 703
1607610223779 0.35360246896743774 704
1607610223909 0.3546614944934845 705
1607610224034 0.35429033637046814 706
1607610224151 0.3551121950149536 707
1607610224267 0.3550017774105072 708
1607610224387 0.35512134432792664 709
1607610224510 0.3548266291618347 710
1607610224630 0.3545021414756775 711
1607610224750 0.3540825843811035 712
1607610224870 0.35370683670043945 713
1607610224987 0.35359692573547363 714
1607610225115 0.35378560423851013 715
1607610225244 0.35328763723373413 716
1607610225373 0.35309749841690063 717
1607610225495 0.3527153730392456 718
1607610225626 0.35286596417427063 719
1607610225759 0.3527493476867676 720
1607610225880 0.3521980345249176 721
1607610226002 0.35204628109931946 722
1607610226125 0.35149797797203064 723
1607610226245 0.35164713859558105 724
1607610226364 0.3513220548629761 725
1607610226485 0.35143449902534485 726
1607610226603 0.3512336015701294 727
1607610226727 0.3515857756137848 728
1607610226857 0.3521188795566559 729
1607610226990 0.3527323305606842 730
1607610227111 0.35362786054611206 731
1607610227233 0.35409265756607056 732
1607610227350 0.3546451926231384 733
1607610227467 0.3551146388053894 734
1607610227588 0.3549211323261261 735
1607610227710 0.3546442687511444 736
1607610227836 0.3537043333053589 737
1607610227958 0.3529619574546814 738
1607610228082 0.3522911071777344 739
1607610228200 0.3518372178077698 740
1607610228319 0.35127124190330505 741
1607610228441 0.35094329714775085 742
1607610228559 0.3509017527103424 743
1607610228677 0.3512917757034302 744
1607610228797 0.35123488306999207 745
1607610228922 0.35203665494918823 746
1607610229047 0.3519262373447418 747
1607610229169 0.3526025712490082 748
1607610229297 0.3527538478374481 749
1607610229417 0.35299575328826904 750
1607610229537 0.3530479371547699 751
1607610229657 0.35350313782691956 752
1607610229774 0.3534473478794098 753
1607610229894 0.35479122400283813 754
1607610230032 0.354046493768692 755
1607610230154 0.354459285736084 756
1607610230280 0.3534846901893616 757
1607610230398 0.3536481559276581 758
1607610230520 0.3527139723300934 759
1607610230639 0.3525908887386322 760
1607610230761 0.3521663546562195 761
1607610230875 0.35174596309661865 762
1607610230997 0.35173922777175903 763
1607610231126 0.3515547215938568 764
1607610231252 0.3521673083305359 765
1607610231382 0.35227909684181213 766
1607610231507 0.3530547320842743 767
1607610231628 0.35318195819854736 768
1607610231775 0.3543362617492676 769
1607610231896 0.35442355275154114 770
1607610232018 0.3548089563846588 771
1607610232142 0.3544180691242218 772
1607610232273 0.3540911078453064 773
1607610232400 0.3533410429954529 774
1607610232541 0.35279425978660583 775
1607610232662 0.35197052359580994 776
1607610232786 0.3519483208656311 777
1607610232906 0.3515413701534271 778
1607610233046 0.3515393137931824 779
1607610233167 0.3518865406513214 780
1607610233288 0.3521741032600403 781
1607610233420 0.3527601659297943 782
1607610233561 0.35323426127433777 783
1607610233688 0.35332831740379333 784
1607610233824 0.35346055030822754 785
1607610233961 0.3531918525695801 786
1607610234079 0.3528658151626587 787
1607610234193 0.35311219096183777 788
1607610234331 0.3525850772857666 789
1607610234480 0.35255518555641174 790
1607610234637 0.3518885672092438 791
1607610234792 0.3518143892288208 792
1607610234922 0.3518042266368866 793
1607610235077 0.3519984483718872 794
1607610235207 0.35171645879745483 795
1607610235341 0.35168835520744324 796
1607610235476 0.3510102331638336 797
1607610235624 0.3511921167373657 798
1607610235773 0.35104256868362427 799
1607610235922 0.3511407971382141 800
1607610236072 0.3511314392089844 801
1607610236200 0.3515496551990509 802
1607610236326 0.35164839029312134 803
1607610236445 0.3524632751941681 804
1607610236564 0.3527173697948456 805
1607610236682 0.35331374406814575 806
1607610236799 0.35346719622612 807
1607610236916 0.353376179933548 808
1607610237046 0.3543648421764374 809
1607610237172 0.3549042046070099 810
1607610237291 0.3550250232219696 811
1607610237409 0.35425034165382385 812
1607610237531 0.35347509384155273 813
1607610237650 0.3526354432106018 814
1607610237769 0.3522690236568451 815
1607610237886 0.3512820303440094 816
1607610238002 0.3513889014720917 817
1607610238126 0.35090914368629456 818
1607610238243 0.3515317440032959 819
1607610238365 0.3509765565395355 820
1607610238488 0.35175931453704834 821
1607610238605 0.35162118077278137 822
1607610238722 0.352487713098526 823
1607610238838 0.3523659110069275 824
1607610238952 0.3531789779663086 825
1607610239073 0.35314589738845825 826
1607610239195 0.35327935218811035 827
1607610239317 0.35296884179115295 828
1607610239436 0.35267290472984314 829
1607610239554 0.35244548320770264 830
1607610239677 0.3517984449863434 831
1607610239797 0.35174593329429626 832
1607610239919 0.3516235649585724 833
1607610240037 0.35137754678726196 834
1607610240152 0.35136735439300537 835
1607610240280 0.3511589467525482 836
1607610240406 0.3511577844619751 837
1607610240524 0.3513958156108856 838
1607610240646 0.35173848271369934 839
1607610240762 0.3518752157688141 840
1607610240878 0.3519946038722992 841
1607610240994 0.35188695788383484 842
1607610241116 0.35189446806907654 843
1607610241239 0.3521151542663574 844
1607610241370 0.3518117368221283 845
1607610241493 0.3518381118774414 846
1607610241613 0.35120123624801636 847
1607610241734 0.35131266713142395 848
1607610241854 0.3510056734085083 849
1607610241970 0.3515014350414276 850
1607610242085 0.35137611627578735 851
1607610242200 0.35190141201019287 852
1607610242332 0.3514070510864258 853
1607610242479 0.3520663380622864 854
1607610242634 0.3522008955478668 855
1607610242784 0.3529534339904785 856
1607610242914 0.3523971736431122 857
1607610243062 0.35239747166633606 858
1607610243212 0.35269391536712646 859
1607610243360 0.35281679034233093 860
1607610243519 0.3530550003051758 861
1607610243667 0.35232827067375183 862
1607610243798 0.35213568806648254 863
1607610243923 0.3517240583896637 864
1607610244065 0.351518452167511 865
1607610244221 0.3517594039440155 866
1607610244350 0.3512345254421234 867
1607610244508 0.35102230310440063 868
1607610244631 0.35069602727890015 869
1607610244755 0.3506888747215271 870
1607610244905 0.35070687532424927 871
1607610245035 0.3510257601737976 872
1607610245164 0.3515457212924957 873
1607610245285 0.35217565298080444 874
1607610245403 0.3528057336807251 875
1607610245517 0.3538179397583008 876
1607610245635 0.3542362153530121 877
1607610245756 0.35420504212379456 878
1607610245875 0.3533198833465576 879
1607610245996 0.35307833552360535 880
1607610246123 0.3524012565612793 881
1607610246250 0.3520054221153259 882
1607610246372 0.3508613705635071 883
1607610246496 0.35024815797805786 884
1607610246619 0.34988197684288025 885
1607610246742 0.3498210310935974 886
1607610246859 0.350000262260437 887
1607610246979 0.35010603070259094 888
1607610247101 0.3507382869720459 889
1607610247227 0.351043701171875 890
1607610247347 0.35190796852111816 891
1607610247486 0.35186636447906494 892
1607610247638 0.3519843816757202 893
1607610247792 0.35189807415008545 894
1607610247916 0.3515569567680359 895
1607610248039 0.35187971591949463 896
1607610248163 0.3508217930793762 897
1607610248293 0.3508463203907013 898
1607610248448 0.35007399320602417 899
1607610248622 0.3503094017505646 900
1607610248747 0.3501207232475281 901
1607610248867 0.3503444492816925 902
1607610248988 0.3506004512310028 903
1607610249106 0.35105714201927185 904
1607610249225 0.35164782404899597 905
1607610249349 0.3523753881454468 906
1607610249466 0.35273733735084534 907
1607610249594 0.35302412509918213 908
1607610249716 0.3528974950313568 909
1607610249843 0.35261285305023193 910
1607610249973 0.35180914402008057 911
1607610250092 0.35138022899627686 912
1607610250211 0.3510369062423706 913
1607610250328 0.350809246301651 914
1607610250444 0.35080811381340027 915
1607610250562 0.35084718465805054 916
1607610250689 0.3514505922794342 917
1607610250826 0.3521069586277008 918
1607610250946 0.3522977828979492 919
1607610251076 0.35265645384788513 920
1607610251198 0.3522123098373413 921
1607610251318 0.35206836462020874 922
1607610251438 0.3515866994857788 923
1607610251559 0.35088804364204407 924
1607610251673 0.35034969449043274 925
1607610251796 0.3499220311641693 926
1607610251927 0.34995484352111816 927
1607610252047 0.3496588468551636 928
1607610252173 0.3497597575187683 929
1607610252291 0.35010308027267456 930
1607610252427 0.35035064816474915 931
1607610252575 0.35061004757881165 932
1607610252706 0.3510313332080841 933
1607610252867 0.35134586691856384 934
1607610253021 0.35176941752433777 935
1607610253157 0.3518403172492981 936
1607610253290 0.3517720699310303 937
1607610253422 0.35168948769569397 938
1607610253554 0.351408451795578 939
1607610253677 0.35091137886047363 940
1607610253798 0.3509799838066101 941
1607610253918 0.35072386264801025 942
1607610254033 0.3511456847190857 943
1607610254154 0.35108616948127747 944
1607610254276 0.35076281428337097 945
1607610254396 0.3511878252029419 946
1607610254515 0.35141995549201965 947
1607610254632 0.3513772487640381 948
1607610254752 0.35115814208984375 949
1607610254873 0.35071852803230286 950
1607610254998 0.3506673574447632 951
1607610255120 0.35082805156707764 952
1607610255246 0.3509138524532318 953
1607610255368 0.351150780916214 954
1607610255490 0.35118788480758667 955
1607610255610 0.35124316811561584 956
1607610255732 0.3516181707382202 957
1607610255849 0.3518744111061096 958
1607610255973 0.3516189455986023 959
1607610256094 0.3512418568134308 960
1607610256209 0.35055261850357056 961
1607610256343 0.3502628207206726 962
1607610256461 0.35002395510673523 963
1607610256582 0.34976330399513245 964
1607610256707 0.3497087359428406 965
1607610256824 0.34975525736808777 966
1607610256942 0.3499816954135895 967
1607610257063 0.35056501626968384 968
1607610257182 0.35096362233161926 969
1607610257298 0.35154932737350464 970
1607610257427 0.35133084654808044 971
1607610257564 0.351734459400177 972
1607610257714 0.3515959680080414 973
1607610257863 0.3516997992992401 974
1607610258001 0.3510240912437439 975
1607610258148 0.35051456093788147 976
1607610258274 0.3503524363040924 977
1607610258399 0.35014060139656067 978
1607610258521 0.35000079870224 979
1607610258678 0.34972819685935974 980
1607610258804 0.3495504558086395 981
1607610258924 0.349640816450119 982
1607610259052 0.34974122047424316 983
1607610259174 0.3498867154121399 984
1607610259296 0.34986740350723267 985
1607610259417 0.3499424457550049 986
1607610259533 0.34991756081581116 987
1607610259653 0.3500719666481018 988
1607610259775 0.35009628534317017 989
1607610259894 0.35060593485832214 990
1607610260010 0.3503887355327606 991
1607610260126 0.35094496607780457 992
1607610260244 0.3508175313472748 993
1607610260366 0.35119906067848206 994
1607610260489 0.3510136306285858 995
1607610260609 0.35098496079444885 996
1607610260724 0.3513457477092743 997
1607610260848 0.35150235891342163 998
1607610260973 0.35120341181755066 999
