1607611729072 0.47398170828819275 0
1607611729200 0.46623504161834717 1
1607611729320 0.45601481199264526 2
1607611729440 0.44965264201164246 3
1607611729563 0.444679319858551 4
1607611729685 0.44103261828422546 5
1607611729812 0.4390484392642975 6
1607611729936 0.4381016790866852 7
1607611730059 0.4372682571411133 8
1607611730182 0.43706801533699036 9
1607611730304 0.4372953772544861 10
1607611730423 0.4379926323890686 11
1607611730547 0.4369049668312073 12
1607611730677 0.43536263704299927 13
1607611730798 0.4338650703430176 14
1607611730927 0.43301644921302795 15
1607611731048 0.4320053458213806 16
1607611731166 0.43113207817077637 17
1607611731287 0.43036115169525146 18
1607611731415 0.4288265109062195 19
1607611731546 0.4284321963787079 20
1607611731669 0.42790892720222473 21
1607611731796 0.42732223868370056 22
1607611731924 0.4259200394153595 23
1607611732045 0.4249890446662903 24
1607611732165 0.4242791533470154 25
1607611732286 0.4234650731086731 26
1607611732412 0.4229961037635803 27
1607611732541 0.4220830500125885 28
1607611732661 0.4218433201313019 29
1607611732782 0.42140042781829834 30
1607611732903 0.42055216431617737 31
1607611733035 0.4194484353065491 32
1607611733154 0.41900330781936646 33
1607611733274 0.41975370049476624 34
1607611733396 0.4183920621871948 35
1607611733520 0.41585448384284973 36
1607611733637 0.4138893783092499 37
1607611733758 0.4124182462692261 38
1607611733881 0.4120716154575348 39
1607611734000 0.41197383403778076 40
1607611734131 0.4129851758480072 41
1607611734251 0.41340669989585876 42
1607611734374 0.41295406222343445 43
1607611734499 0.41083967685699463 44
1607611734622 0.40951189398765564 45
1607611734739 0.4083046317100525 46
1607611734855 0.40751704573631287 47
1607611734977 0.4077751040458679 48
1607611735100 0.40715011954307556 49
1607611735236 0.4067705273628235 50
1607611735362 0.40676504373550415 51
1607611735485 0.4054531455039978 52
1607611735604 0.4052896797657013 53
1607611735727 0.40451985597610474 54
1607611735849 0.404604434967041 55
1607611735968 0.404217928647995 56
1607611736088 0.40451252460479736 57
1607611736204 0.4033568799495697 58
1607611736330 0.4031960666179657 59
1607611736447 0.4026988446712494 60
1607611736565 0.4010336101055145 61
1607611736683 0.3995937705039978 62
1607611736801 0.3977779150009155 63
1607611736918 0.39685043692588806 64
1607611737034 0.3961949348449707 65
1607611737159 0.397077739238739 66
1607611737288 0.3975300192832947 67
1607611737415 0.3981427252292633 68
1607611737543 0.3969597816467285 69
1607611737667 0.3957104980945587 70
1607611737787 0.395123153924942 71
1607611737904 0.39552706480026245 72
1607611738023 0.3968179523944855 73
1607611738143 0.3981446325778961 74
1607611738265 0.3959354758262634 75
1607611738386 0.39420124888420105 76
1607611738511 0.39159560203552246 77
1607611738632 0.39049819111824036 78
1607611738755 0.38962167501449585 79
1607611738884 0.389666885137558 80
1607611739009 0.3890746533870697 81
1607611739131 0.3896103799343109 82
1607611739250 0.38976091146469116 83
1607611739366 0.3892315924167633 84
1607611739484 0.38803836703300476 85
1607611739617 0.3888554871082306 86
1607611739741 0.3874025344848633 87
1607611739887 0.3868085443973541 88
1607611740017 0.3864842355251312 89
1607611740141 0.3863532245159149 90
1607611740272 0.3865348696708679 91
1607611740418 0.38580992817878723 92
1607611740542 0.3859803080558777 93
1607611740664 0.38528677821159363 94
1607611740795 0.38529324531555176 95
1607611740943 0.38511112332344055 96
1607611741073 0.38521289825439453 97
1607611741188 0.38520142436027527 98
1607611741307 0.38475680351257324 99
1607611741450 0.38484081625938416 100
1607611741603 0.3840053975582123 101
1607611741758 0.3832761347293854 102
1607611741916 0.38280269503593445 103
1607611742070 0.3823423385620117 104
1607611742212 0.3814341425895691 105
1607611742369 0.38156720995903015 106
1607611742493 0.38089075684547424 107
1607611742645 0.3806593120098114 108
1607611742798 0.380659282207489 109
1607611742930 0.3810432553291321 110
1607611743056 0.3810574412345886 111
1607611743183 0.3812691271305084 112
1607611743306 0.38154205679893494 113
1607611743432 0.3814326524734497 114
1607611743562 0.3806689977645874 115
1607611743685 0.3798961639404297 116
1607611743802 0.3794093728065491 117
1607611743925 0.3788817226886749 118
1607611744054 0.37853193283081055 119
1607611744170 0.378805935382843 120
1607611744291 0.3784172534942627 121
1607611744415 0.37835878133773804 122
1607611744539 0.3775797188282013 123
1607611744665 0.3771879971027374 124
1607611744781 0.37720784544944763 125
1607611744899 0.37686246633529663 126
1607611745020 0.375963032245636 127
1607611745146 0.3760002851486206 128
1607611745265 0.3752691149711609 129
1607611745384 0.37521594762802124 130
1607611745507 0.375334233045578 131
1607611745629 0.37638428807258606 132
1607611745751 0.3770862817764282 133
1607611745872 0.37794554233551025 134
1607611745995 0.3792102336883545 135
1607611746115 0.37785404920578003 136
1607611746233 0.3771483302116394 137
1607611746358 0.37564289569854736 138
1607611746477 0.3747794032096863 139
1607611746608 0.3741339147090912 140
1607611746862 0.373727947473526 141
1607611746986 0.3737058639526367 142
1607611747105 0.3740609884262085 143
1607611747220 0.3752009868621826 144
1607611747343 0.37540432810783386 145
1607611747467 0.3760850727558136 146
1607611747597 0.3765009045600891 147
1607611747717 0.3753645718097687 148
1607611747852 0.37453246116638184 149
1607611747977 0.3751431703567505 150
1607611748105 0.37392351031303406 151
1607611748225 0.37440624833106995 152
1607611748347 0.3738080859184265 153
1607611748466 0.3743438422679901 154
1607611748582 0.37410303950309753 155
1607611748704 0.3740062117576599 156
1607611748835 0.37374889850616455 157
1607611748957 0.37398964166641235 158
1607611749078 0.3731133043766022 159
1607611749195 0.3730076849460602 160
1607611749318 0.371681809425354 161
1607611749439 0.3714868724346161 162
1607611749567 0.3710893988609314 163
1607611749693 0.37120285630226135 164
1607611749821 0.3715379536151886 165
1607611749944 0.37221676111221313 166
1607611750069 0.3726140260696411 167
1607611750187 0.3728492856025696 168
1607611750312 0.3733697235584259 169
1607611750447 0.3727322816848755 170
1607611750576 0.37263286113739014 171
1607611750695 0.37157225608825684 172
1607611750824 0.3711099326610565 173
1607611750944 0.37042826414108276 174
1607611751096 0.37004879117012024 175
1607611751220 0.36990219354629517 176
1607611751348 0.3693866729736328 177
1607611751466 0.36932751536369324 178
1607611751607 0.36948373913764954 179
1607611751734 0.3698001801967621 180
1607611751854 0.3700433671474457 181
1607611751981 0.37053239345550537 182
1607611752097 0.37039849162101746 183
1607611752236 0.3710442781448364 184
1607611752363 0.3709562122821808 185
1607611752483 0.3703197240829468 186
1607611752602 0.3700612187385559 187
1607611752724 0.3694640100002289 188
1607611752866 0.3691784143447876 189
1607611752994 0.3688686490058899 190
1607611753118 0.36872950196266174 191
1607611753238 0.3686520457267761 192
1607611753363 0.36884191632270813 193
1607611753503 0.369279146194458 194
1607611753628 0.3695976734161377 195
1607611753750 0.3698805868625641 196
1607611753867 0.3696792423725128 197
1607611753986 0.36939045786857605 198
1607611754124 0.36956000328063965 199
1607611754280 0.36909282207489014 200
1607611754435 0.3692193329334259 201
1607611754563 0.36876678466796875 202
1607611754700 0.3686840534210205 203
1607611754856 0.3685149550437927 204
1607611755012 0.36813804507255554 205
1607611755164 0.3683009445667267 206
1607611755322 0.36810868978500366 207
1607611755450 0.36783185601234436 208
1607611755609 0.3681457042694092 209
1607611755764 0.36806178092956543 210
1607611755889 0.36817726492881775 211
1607611756008 0.36838236451148987 212
1607611756128 0.3684956133365631 213
1607611756256 0.3684101402759552 214
1607611756376 0.3687106966972351 215
1607611756496 0.3684876263141632 216
1607611756616 0.3686642646789551 217
1607611756747 0.36842456459999084 218
1607611756861 0.3679932653903961 219
1607611756983 0.36789366602897644 220
1607611757102 0.3671918511390686 221
1607611757226 0.3675210475921631 222
1607611757352 0.366763174533844 223
1607611757469 0.3668709397315979 224
1607611757591 0.3664334714412689 225
1607611757714 0.36635348200798035 226
1607611757843 0.36590224504470825 227
1607611757965 0.36566343903541565 228
1607611758089 0.3652130961418152 229
1607611758208 0.36531782150268555 230
1607611758334 0.36520904302597046 231
1607611758455 0.3659038841724396 232
1607611758583 0.36615365743637085 233
1607611758706 0.3672389090061188 234
1607611758828 0.36792004108428955 235
1607611758957 0.3682304620742798 236
1607611759082 0.3679662048816681 237
1607611759200 0.3676195740699768 238
1607611759324 0.36707013845443726 239
1607611759441 0.3673074543476105 240
1607611759564 0.3662738502025604 241
1607611759685 0.3657612204551697 242
1607611759803 0.36512842774391174 243
1607611759920 0.3648780584335327 244
1607611760047 0.3647876977920532 245
1607611760173 0.36426085233688354 246
1607611760293 0.36464962363243103 247
1607611760411 0.3646060526371002 248
1607611760540 0.3648517429828644 249
1607611760658 0.36543145775794983 250
1607611760784 0.3660767376422882 251
1607611760901 0.36568382382392883 252
1607611761025 0.36639150977134705 253
1607611761151 0.3651917278766632 254
1607611761277 0.3654904365539551 255
1607611761424 0.3641844689846039 256
1607611761558 0.3639879822731018 257
1607611761680 0.3634876310825348 258
1607611761803 0.3640129566192627 259
1607611761929 0.36389365792274475 260
1607611762068 0.36453700065612793 261
1607611762195 0.3649039566516876 262
1607611762319 0.36568892002105713 263
1607611762438 0.3667730391025543 264
1607611762554 0.36632439494132996 265
1607611762695 0.3663398027420044 266
1607611762828 0.36585676670074463 267
1607611762960 0.36486169695854187 268
1607611763081 0.36413490772247314 269
1607611763203 0.36336708068847656 270
1607611763340 0.36329665780067444 271
1607611763475 0.363553524017334 272
1607611763598 0.36377549171447754 273
1607611763719 0.3638904094696045 274
1607611763842 0.3650386333465576 275
1607611763984 0.36474743485450745 276
1607611764114 0.36520567536354065 277
1607611764237 0.3650771677494049 278
1607611764362 0.36481958627700806 279
1607611764486 0.3644405007362366 280
1607611764632 0.3648383617401123 281
1607611764759 0.3638765215873718 282
1607611764885 0.36407551169395447 283
1607611765012 0.36321601271629333 284
1607611765154 0.3634825348854065 285
1607611765285 0.36321207880973816 286
1607611765401 0.36332809925079346 287
1607611765520 0.3629874587059021 288
1607611765654 0.36387354135513306 289
1607611765810 0.3636418879032135 290
1607611765935 0.363816499710083 291
1607611766056 0.3633926808834076 292
1607611766182 0.3634313941001892 293
1607611766308 0.3633974492549896 294
1607611766436 0.3632189929485321 295
1607611766576 0.36296918988227844 296
1607611766730 0.3630329966545105 297
1607611766871 0.3627965748310089 298
1607611767026 0.3626726269721985 299
1607611767183 0.36266976594924927 300
1607611767338 0.36258912086486816 301
1607611767494 0.3627190589904785 302
1607611767629 0.362415075302124 303
1607611767782 0.3623759150505066 304
1607611767939 0.36278948187828064 305
1607611768061 0.36304333806037903 306
1607611768184 0.36304253339767456 307
1607611768319 0.3624191880226135 308
1607611768440 0.36243242025375366 309
1607611768566 0.36221203207969666 310
1607611768690 0.3621280789375305 311
1607611768809 0.36177417635917664 312
1607611768933 0.3621700406074524 313
1607611769050 0.3626207709312439 314
1607611769166 0.36292457580566406 315
1607611769284 0.3632628321647644 316
1607611769408 0.3635663092136383 317
1607611769529 0.3634762465953827 318
1607611769652 0.3630618155002594 319
1607611769776 0.36262381076812744 320
1607611769895 0.36211106181144714 321
1607611770013 0.36212781071662903 322
1607611770129 0.36147743463516235 323
1607611770248 0.3614642024040222 324
1607611770374 0.36125612258911133 325
1607611770502 0.36167097091674805 326
1607611770622 0.3621324300765991 327
1607611770745 0.36320051550865173 328
1607611770864 0.3640196919441223 329
1607611770980 0.36513835191726685 330
1607611771097 0.3654521107673645 331
1607611771226 0.36548903584480286 332
1607611771350 0.3646866977214813 333
1607611771476 0.36342915892601013 334
1607611771600 0.36303699016571045 335
1607611771722 0.36201196908950806 336
1607611771845 0.3612963557243347 337
1607611771967 0.36072221398353577 338
1607611772089 0.3601702153682709 339
1607611772208 0.3601551055908203 340
1607611772350 0.35985007882118225 341
1607611772476 0.3596480190753937 342
1607611772593 0.3600950241088867 343
1607611772715 0.3600909113883972 344
1607611772842 0.36057108640670776 345
1607611772984 0.3609459698200226 346
1607611773107 0.36095181107521057 347
1607611773231 0.36127936840057373 348
1607611773353 0.3611171841621399 349
1607611773475 0.3611240088939667 350
1607611773612 0.36174923181533813 351
1607611773736 0.3616386950016022 352
1607611773867 0.36171019077301025 353
1607611773995 0.36229565739631653 354
1607611774116 0.36217138171195984 355
1607611774259 0.3621629774570465 356
1607611774385 0.3622512221336365 357
1607611774513 0.3616221249103546 358
1607611774629 0.3612629771232605 359
1607611774749 0.3605124354362488 360
1607611774886 0.36061930656433105 361
1607611775025 0.3600196838378906 362
1607611775154 0.36025097966194153 363
1607611775278 0.3600064516067505 364
1607611775398 0.360641211271286 365
1607611775532 0.36086493730545044 366
1607611775664 0.36118853092193604 367
1607611775793 0.3609958589076996 368
1607611775914 0.361589640378952 369
1607611776034 0.3610367178916931 370
1607611776184 0.3610555827617645 371
1607611776315 0.36003488302230835 372
1607611776450 0.3599076569080353 373
1607611776571 0.3592383861541748 374
1607611776691 0.3590417802333832 375
1607611776838 0.3586125075817108 376
1607611776971 0.35907235741615295 377
1607611777089 0.35876256227493286 378
1607611777207 0.3593796193599701 379
1607611777333 0.3592751622200012 380
1607611777474 0.35941463708877563 381
1607611777616 0.3598990738391876 382
1607611777766 0.35965701937675476 383
1607611777929 0.3598065674304962 384
1607611778084 0.3599010407924652 385
1607611778241 0.359966903924942 386
1607611778394 0.3597552180290222 387
1607611778547 0.3602733910083771 388
1607611778682 0.3606109321117401 389
1607611778836 0.3610576391220093 390
1607611778964 0.36106109619140625 391
1607611779087 0.36155545711517334 392
1607611779212 0.36143141984939575 393
1607611779342 0.36205562949180603 394
1607611779465 0.36141929030418396 395
1607611779587 0.36101457476615906 396
1607611779710 0.3603580594062805 397
1607611779839 0.3604014217853546 398
1607611779972 0.35966843366622925 399
1607611780102 0.3594018816947937 400
1607611780228 0.3589211702346802 401
1607611780348 0.35883772373199463 402
1607611780474 0.35863280296325684 403
1607611780598 0.35861897468566895 404
1607611780718 0.35863766074180603 405
1607611780840 0.35876786708831787 406
1607611780983 0.35956183075904846 407
1607611781119 0.35942214727401733 408
1607611781252 0.3602725863456726 409
1607611781378 0.3599313199520111 410
1607611781497 0.3605347275733948 411
1607611781618 0.36079898476600647 412
1607611781751 0.3609006404876709 413
1607611781870 0.36060869693756104 414
1607611781996 0.36035677790641785 415
1607611782124 0.3600069284439087 416
1607611782254 0.35932621359825134 417
1607611782383 0.35898739099502563 418
1607611782514 0.35865890979766846 419
1607611782632 0.3583347201347351 420
1607611782763 0.3581942915916443 421
1607611782891 0.358173668384552 422
1607611783007 0.3585599660873413 423
1607611783128 0.358891099691391 424
1607611783266 0.35921403765678406 425
1607611783409 0.3597702980041504 426
1607611783547 0.35989728569984436 427
1607611783666 0.36042818427085876 428
1607611783789 0.35924845933914185 429
1607611783922 0.35923120379447937 430
1607611784064 0.3583139479160309 431
1607611784190 0.3580988347530365 432
1607611784314 0.35766053199768066 433
1607611784448 0.35748687386512756 434
1607611784575 0.3576907217502594 435
1607611784712 0.35805103182792664 436
1607611784845 0.35842376947402954 437
1607611784964 0.35877475142478943 438
1607611785083 0.3588675856590271 439
1607611785207 0.35967057943344116 440
1607611785347 0.3590688109397888 441
1607611785473 0.35935652256011963 442
1607611785601 0.35856518149375916 443
1607611785725 0.35836532711982727 444
1607611785850 0.3581783175468445 445
1607611785991 0.3576095998287201 446
1607611786115 0.35814985632896423 447
1607611786238 0.3575320839881897 448
1607611786361 0.3581314980983734 449
1607611786496 0.35836687684059143 450
1607611786628 0.3586929440498352 451
1607611786766 0.3597119152545929 452
1607611786890 0.3594454824924469 453
1607611787016 0.35947492718696594 454
1607611787169 0.35901015996932983 455
1607611787301 0.3585822284221649 456
1607611787424 0.3581324517726898 457
1607611787544 0.3578128516674042 458
1607611787669 0.3580080270767212 459
1607611787806 0.35796764492988586 460
1607611787943 0.3578183948993683 461
1607611788069 0.35767048597335815 462
1607611788197 0.35788974165916443 463
1607611788324 0.3578963577747345 464
1607611788463 0.3583664000034332 465
1607611788621 0.3579365015029907 466
1607611788775 0.35802918672561646 467
1607611788931 0.35823842883110046 468
1607611789088 0.3582438826560974 469
1607611789225 0.35845616459846497 470
1607611789380 0.35836276412010193 471
1607611789539 0.3582175076007843 472
1607611789693 0.35786882042884827 473
1607611789820 0.35744285583496094 474
1607611789945 0.35739371180534363 475
1607611790066 0.35724008083343506 476
1607611790185 0.357244610786438 477
1607611790303 0.35757020115852356 478
1607611790432 0.3573679029941559 479
1607611790555 0.35831302404403687 480
1607611790675 0.35761138796806335 481
1607611790797 0.3579588234424591 482
1607611790916 0.35715851187705994 483
1607611791044 0.3571969270706177 484
1607611791162 0.35703006386756897 485
1607611791284 0.3568878173828125 486
1607611791403 0.35664644837379456 487
1607611791532 0.3569174110889435 488
1607611791655 0.35707011818885803 489
1607611791777 0.3569917678833008 490
1607611791895 0.35707369446754456 491
1607611792016 0.35652732849121094 492
1607611792138 0.3568320572376251 493
1607611792260 0.35659003257751465 494
1607611792382 0.3565625548362732 495
1607611792501 0.35663196444511414 496
1607611792626 0.3569764196872711 497
1607611792744 0.35778605937957764 498
1607611792864 0.35815688967704773 499
1607611792998 0.3590150773525238 500
1607611793120 0.35961487889289856 501
1607611793242 0.35967135429382324 502
1607611793366 0.36003831028938293 503
1607611793489 0.35908007621765137 504
1607611793613 0.35902711749076843 505
1607611793746 0.35844168066978455 506
1607611793880 0.35790082812309265 507
1607611794004 0.357878178358078 508
1607611794126 0.35688918828964233 509
1607611794250 0.3570218086242676 510
1607611794382 0.3563663065433502 511
1607611794506 0.3563547134399414 512
1607611794629 0.35584190487861633 513
1607611794756 0.3558238744735718 514
1607611794902 0.35563167929649353 515
1607611795046 0.35551249980926514 516
1607611795173 0.3555121123790741 517
1607611795305 0.3555363118648529 518
1607611795451 0.35592323541641235 519
1607611795580 0.355718195438385 520
1607611795713 0.35635119676589966 521
1607611795836 0.3560771644115448 522
1607611795985 0.3571697175502777 523
1607611796120 0.3572186231613159 524
1607611796259 0.35764002799987793 525
1607611796389 0.35784730315208435 526
1607611796514 0.35798323154449463 527
1607611796639 0.35847488045692444 528
1607611796783 0.3578464388847351 529
1607611796917 0.35768353939056396 530
1607611797041 0.3567383289337158 531
1607611797169 0.3572593629360199 532
1607611797305 0.35614413022994995 533
1607611797448 0.35614970326423645 534
1607611797576 0.35625073313713074 535
1607611797699 0.35629281401634216 536
1607611797820 0.35698455572128296 537
1607611797944 0.35674500465393066 538
1607611798081 0.35755518078804016 539
1607611798213 0.3574795126914978 540
1607611798333 0.3574064075946808 541
1607611798456 0.35654911398887634 542
1607611798587 0.35633185505867004 543
1607611798715 0.3557133972644806 544
1607611798845 0.3555450737476349 545
1607611798969 0.3553903102874756 546
1607611799095 0.3551069498062134 547
1607611799213 0.3557036519050598 548
1607611799338 0.35577958822250366 549
1607611799461 0.3564116656780243 550
1607611799598 0.3561944365501404 551
1607611799749 0.3567706346511841 552
1607611799905 0.35640472173690796 553
1607611800036 0.3571215867996216 554
1607611800190 0.3564765453338623 555
1607611800367 0.35690292716026306 556
1607611800505 0.35666587948799133 557
1607611800661 0.35673218965530396 558
1607611800816 0.356835275888443 559
1607611800969 0.3570113778114319 560
1607611801098 0.35705599188804626 561
1607611801222 0.3570391833782196 562
1607611801354 0.3568184971809387 563
1607611801482 0.3566955029964447 564
1607611801605 0.35635098814964294 565
1607611801727 0.3560464680194855 566
1607611801854 0.3555317223072052 567
1607611801978 0.3556772768497467 568
1607611802101 0.35504984855651855 569
1607611802228 0.35522663593292236 570
1607611802361 0.3551052510738373 571
1607611802498 0.3556942343711853 572
1607611802620 0.35573720932006836 573
1607611802739 0.3561123311519623 574
1607611802866 0.35657235980033875 575
1607611802988 0.35651931166648865 576
1607611803114 0.35687947273254395 577
1607611803249 0.35619789361953735 578
1607611803550 0.35641664266586304 579
1607611803674 0.3559199273586273 580
1607611803798 0.35592973232269287 581
1607611803921 0.3554898798465729 582
1607611804039 0.35499346256256104 583
1607611804158 0.3551430106163025 584
1607611804287 0.35450509190559387 585
1607611804403 0.35434308648109436 586
1607611804534 0.3544919788837433 587
1607611804659 0.3546321988105774 588
1607611804783 0.35517552495002747 589
1607611804913 0.3550243377685547 590
1607611805038 0.35567623376846313 591
1607611805165 0.35562852025032043 592
1607611805285 0.3563838601112366 593
1607611805404 0.3561926484107971 594
1607611805539 0.35643601417541504 595
1607611805664 0.35596174001693726 596
1607611805784 0.3560447096824646 597
1607611805907 0.35608434677124023 598
1607611806048 0.35573670268058777 599
1607611806172 0.356413871049881 600
1607611806290 0.3561968207359314 601
1607611806413 0.3565499186515808 602
1607611806535 0.3565097153186798 603
1607611806674 0.356313556432724 604
1607611806801 0.35666996240615845 605
1607611806917 0.35633838176727295 606
1607611807035 0.35589155554771423 607
1607611807156 0.35520365834236145 608
1607611807301 0.3547285795211792 609
1607611807435 0.3542114794254303 610
1607611807566 0.35401400923728943 611
1607611807683 0.3539477288722992 612
1607611807809 0.35459470748901367 613
1607611807947 0.3550623953342438 614
1607611808075 0.3558392822742462 615
1607611808203 0.35675540566444397 616
1607611808327 0.3573463559150696 617
1607611808443 0.35809949040412903 618
1607611808589 0.3572487533092499 619
1607611808720 0.3570926785469055 620
1607611808846 0.35636448860168457 621
1607611808964 0.35599473118782043 622
1607611809085 0.3551095128059387 623
1607611809232 0.3548472225666046 624
1607611809362 0.3544825613498688 625
1607611809484 0.35459429025650024 626
1607611809607 0.35457414388656616 627
1607611809725 0.35454925894737244 628
1607611809871 0.3549448549747467 629
1607611810001 0.35481369495391846 630
1607611810125 0.3551316559314728 631
1607611810245 0.3548164367675781 632
1607611810367 0.3551443815231323 633
1607611810505 0.35466718673706055 634
1607611810629 0.35463330149650574 635
1607611810746 0.35423049330711365 636
1607611810874 0.3541596829891205 637
1607611811022 0.35384953022003174 638
1607611811183 0.35381728410720825 639
1607611811340 0.35410749912261963 640
1607611811499 0.3539983630180359 641
1607611811656 0.35460254549980164 642
1607611811809 0.35523703694343567 643
1607611811948 0.3557400107383728 644
1607611812103 0.3560892939567566 645
1607611812230 0.3565419316291809 646
1607611812368 0.3568733036518097 647
1607611812498 0.3563670217990875 648
1607611812621 0.35620030760765076 649
1607611812747 0.3555615246295929 650
1607611812871 0.35515332221984863 651
1607611812990 0.3548249304294586 652
1607611813111 0.35474151372909546 653
1607611813228 0.3546210527420044 654
1607611813351 0.3546164929866791 655
1607611813478 0.3544501066207886 656
1607611813600 0.3546367585659027 657
1607611813722 0.35443252325057983 658
1607611813851 0.3545529246330261 659
1607611813967 0.3545854687690735 660
1607611814087 0.3547530770301819 661
1607611814205 0.3549403250217438 662
1607611814320 0.35532379150390625 663
1607611814436 0.35568323731422424 664
1607611814559 0.3559378981590271 665
1607611814684 0.3558012843132019 666
1607611814803 0.3558950126171112 667
1607611814928 0.35538172721862793 668
1607611815047 0.35483360290527344 669
1607611815175 0.35442304611206055 670
1607611815294 0.35404449701309204 671
1607611815414 0.35356736183166504 672
1607611815537 0.3531416952610016 673
1607611815664 0.35301440954208374 674
1607611815790 0.3531343638896942 675
1607611815918 0.3535069525241852 676
1607611816038 0.3535419702529907 677
1607611816155 0.35386934876441956 678
1607611816294 0.3540690839290619 679
1607611816421 0.3545035719871521 680
1607611816539 0.3547244668006897 681
1607611816661 0.3544825613498688 682
1607611816785 0.3544364869594574 683
1607611816926 0.35416558384895325 684
1607611817054 0.3540939390659332 685
1607611817174 0.3538335859775543 686
1607611817293 0.3535209894180298 687
1607611817438 0.35342201590538025 688
1607611817559 0.35331735014915466 689
1607611817689 0.3533076345920563 690
1607611817810 0.3536616861820221 691
1607611817936 0.3533684313297272 692
1607611818078 0.35405290126800537 693
1607611818207 0.35469016432762146 694
1607611818326 0.35468485951423645 695
1607611818449 0.35522475838661194 696
1607611818570 0.35500138998031616 697
1607611818716 0.355172336101532 698
1607611818845 0.3543836772441864 699
1607611818962 0.35453417897224426 700
1607611819089 0.3536141514778137 701
1607611819240 0.3539823591709137 702
1607611819368 0.3535812795162201 703
1607611819489 0.35374170541763306 704
1607611819607 0.3538431227207184 705
1607611819730 0.3540382981300354 706
1607611819873 0.3542757034301758 707
1607611819994 0.35425207018852234 708
1607611820116 0.3544501066207886 709
1607611820238 0.354436993598938 710
1607611820359 0.35384756326675415 711
1607611820502 0.35358867049217224 712
1607611820625 0.3528413772583008 713
1607611820750 0.3530862331390381 714
1607611820871 0.35247454047203064 715
1607611820993 0.3529305160045624 716
1607611821139 0.3531304597854614 717
1607611821265 0.3534024953842163 718
1607611821391 0.35430818796157837 719
1607611821516 0.35437583923339844 720
1607611821639 0.35519805550575256 721
1607611821786 0.3551327884197235 722
1607611821940 0.354974627494812 723
1607611822094 0.3541122376918793 724
1607611822227 0.353991836309433 725
1607611822356 0.3538004159927368 726
1607611822479 0.3537601828575134 727
1607611822635 0.3538707494735718 728
1607611822791 0.3541434407234192 729
1607611822931 0.35442763566970825 730
1607611823064 0.3547227382659912 731
1607611823186 0.3549755811691284 732
1607611823307 0.3553406298160553 733
1607611823430 0.355282187461853 734
1607611823558 0.3553539216518402 735
1607611823683 0.3547320067882538 736
1607611823817 0.3546375334262848 737
1607611823942 0.35385429859161377 738
1607611824069 0.35395172238349915 739
1607611824196 0.3532823324203491 740
1607611824321 0.3534533381462097 741
1607611824450 0.35365116596221924 742
1607611824578 0.35440120100975037 743
1607611824701 0.354719340801239 744
1607611824820 0.35585856437683105 745
1607611824949 0.35546645522117615 746
1607611825081 0.3560999929904938 747
1607611825201 0.35500872135162354 748
1607611825321 0.3550336956977844 749
1607611825445 0.3538109362125397 750
1607611825571 0.3530547320842743 751
1607611825694 0.35227149724960327 752
1607611825815 0.35194748640060425 753
1607611825932 0.35156139731407166 754
1607611826060 0.3512187898159027 755
1607611826186 0.35112595558166504 756
1607611826313 0.35116660594940186 757
1607611826435 0.35168179869651794 758
1607611826558 0.35178902745246887 759
1607611826683 0.352586567401886 760
1607611826810 0.3527797758579254 761
1607611826964 0.3536147177219391 762
1607611827092 0.35377758741378784 763
1607611827228 0.35380613803863525 764
1607611827362 0.35397782921791077 765
1607611827484 0.35428091883659363 766
1607611827609 0.3540329337120056 767
1607611827755 0.3536934554576874 768
1607611827881 0.3533250093460083 769
1607611828003 0.3535809814929962 770
1607611828131 0.35318002104759216 771
1607611828250 0.3526567816734314 772
1607611828393 0.3525569438934326 773
1607611828525 0.3524324297904968 774
1607611828647 0.3521561622619629 775
1607611828774 0.3524114489555359 776
1607611828929 0.35221001505851746 777
1607611829056 0.35285431146621704 778
1607611829177 0.3529106080532074 779
1607611829304 0.353494793176651 780
1607611829433 0.35438138246536255 781
1607611829581 0.3544241786003113 782
1607611829711 0.35548898577690125 783
1607611829834 0.35521212220191956 784
1607611829955 0.3553180992603302 785
1607611830087 0.3548419773578644 786
1607611830229 0.3547614514827728 787
1607611830353 0.3541799485683441 788
1607611830477 0.3536145091056824 789
1607611830607 0.3530077338218689 790
1607611830744 0.35324826836586 791
1607611830901 0.35288435220718384 792
1607611831044 0.3529786467552185 793
1607611831172 0.3528922200202942 794
1607611831297 0.3532770574092865 795
1607611831425 0.35342079401016235 796
1607611831559 0.3536921441555023 797
1607611831684 0.3535882234573364 798
1607611831800 0.35395878553390503 799
1607611831935 0.35375460982322693 800
1607611832077 0.3539935052394867 801
1607611832213 0.3536410927772522 802
1607611832369 0.35390275716781616 803
1607611832525 0.3534833490848541 804
1607611832667 0.35358119010925293 805
1607611832819 0.3533666729927063 806
1607611832965 0.3531865179538727 807
1607611833095 0.3530578017234802 808
1607611833250 0.3526848256587982 809
1607611833406 0.3527139723300934 810
1607611833550 0.35245728492736816 811
1607611833678 0.3522544205188751 812
1607611833800 0.3519749343395233 813
1607611833927 0.3522341251373291 814
1607611834053 0.3519534766674042 815
1607611834181 0.3522047996520996 816
1607611834302 0.3519223630428314 817
1607611834432 0.3524441421031952 818
1607611834563 0.3522450923919678 819
1607611834684 0.35300159454345703 820
1607611834808 0.35280999541282654 821
1607611834934 0.3533768057823181 822
1607611835063 0.35293421149253845 823
1607611835190 0.3527369797229767 824
1607611835313 0.3526580333709717 825
1607611835434 0.352157860994339 826
1607611835570 0.352298766374588 827
1607611835704 0.35254618525505066 828
1607611835825 0.35273393988609314 829
1607611835950 0.3534749746322632 830
1607611836072 0.35353899002075195 831
1607611836193 0.3540933430194855 832
1607611836313 0.35444074869155884 833
1607611836432 0.3538273274898529 834
1607611836551 0.35324257612228394 835
1607611836680 0.352779358625412 836
1607611836803 0.3521714508533478 837
1607611836928 0.35174041986465454 838
1607611837051 0.35113322734832764 839
1607611837170 0.3511286675930023 840
1607611837293 0.35133713483810425 841
1607611837418 0.35129833221435547 842
1607611837537 0.3516801595687866 843
1607611837657 0.35239771008491516 844
1607611837805 0.3529188930988312 845
1607611837930 0.35372376441955566 846
1607611838054 0.3540661036968231 847
1607611838180 0.3545086085796356 848
1607611838316 0.35470345616340637 849
1607611838446 0.3544115424156189 850
1607611838570 0.3539378046989441 851
1607611838698 0.35343441367149353 852
1607611838840 0.3529674708843231 853
1607611838976 0.35296446084976196 854
1607611839104 0.35255762934684753 855
1607611839231 0.3530467748641968 856
1607611839383 0.3524611294269562 857
1607611839512 0.35322776436805725 858
1607611839639 0.35299721360206604 859
1607611839762 0.3532969057559967 860
1607611839883 0.3532293438911438 861
1607611840023 0.3531899154186249 862
1607611840166 0.35336318612098694 863
1607611840288 0.352916419506073 864
1607611840422 0.352832168340683 865
1607611840552 0.352773517370224 866
1607611840703 0.35207223892211914 867
1607611840841 0.3521517217159271 868
1607611840961 0.3511490523815155 869
1607611841083 0.35157543420791626 870
1607611841209 0.35110828280448914 871
1607611841352 0.3513622283935547 872
1607611841485 0.3514259457588196 873
1607611841607 0.3517698049545288 874
1607611841730 0.35231611132621765 875
1607611841859 0.35293009877204895 876
1607611842005 0.35269609093666077 877
1607611842133 0.35319966077804565 878
1607611842254 0.35272035002708435 879
1607611842378 0.3526929020881653 880
1607611842534 0.3524005711078644 881
1607611842666 0.3519241511821747 882
1607611842791 0.3518238365650177 883
1607611842921 0.3516850769519806 884
1607611843047 0.3519963324069977 885
1607611843186 0.35194793343544006 886
1607611843347 0.3516169488430023 887
1607611843504 0.3516480326652527 888
1607611843630 0.3513202369213104 889
1607611843785 0.3515366017818451 890
1607611843940 0.3516659736633301 891
1607611844070 0.35194629430770874 892
1607611844230 0.3524065911769867 893
1607611844387 0.35293135046958923 894
1607611844519 0.35351425409317017 895
1607611844641 0.3541165292263031 896
1607611844762 0.3539050817489624 897
1607611844887 0.35397765040397644 898
1607611845023 0.353426456451416 899
1607611845151 0.35302838683128357 900
1607611845281 0.3521076440811157 901
1607611845410 0.35137221217155457 902
1607611845537 0.350976824760437 903
1607611845672 0.3507097363471985 904
1607611845802 0.35049161314964294 905
1607611845929 0.350675493478775 906
1607611846051 0.35048213601112366 907
1607611846180 0.35098692774772644 908
1607611846300 0.3513670861721039 909
1607611846424 0.3517061471939087 910
1607611846550 0.35244128108024597 911
1607611846676 0.3527491092681885 912
1607611846797 0.3532031178474426 913
1607611846924 0.35379162430763245 914
1607611847049 0.35403838753700256 915
1607611847170 0.353988915681839 916
1607611847305 0.35385140776634216 917
1607611847426 0.353324830532074 918
1607611847558 0.35261690616607666 919
1607611847684 0.35246002674102783 920
1607611847804 0.3519945740699768 921
1607611847928 0.35143953561782837 922
1607611848049 0.35134536027908325 923
1607611848170 0.35131776332855225 924
1607611848297 0.3513675928115845 925
1607611848426 0.3516913056373596 926
1607611848551 0.3518238067626953 927
1607611848700 0.35233181715011597 928
1607611848831 0.35238343477249146 929
1607611848953 0.35242199897766113 930
1607611849091 0.3526800572872162 931
1607611849234 0.35210689902305603 932
1607611849388 0.35180574655532837 933
1607611849515 0.3511029779911041 934
1607611849640 0.35109540820121765 935
1607611849794 0.3508220911026001 936
1607611849957 0.3510092496871948 937
1607611850112 0.3512529730796814 938
1607611850241 0.3513842225074768 939
1607611850398 0.35227328538894653 940
1607611850556 0.35247012972831726 941
1607611850686 0.35283318161964417 942
1607611850813 0.35340970754623413 943
1607611850941 0.3528531789779663 944
1607611851064 0.35308322310447693 945
1607611851216 0.35251790285110474 946
1607611851375 0.3525102734565735 947
1607611851535 0.35179591178894043 948
1607611851662 0.3515651822090149 949
1607611851788 0.3510342836380005 950
1607611851912 0.35080963373184204 951
1607611852029 0.3506362736225128 952
1607611852156 0.3510521650314331 953
1607611852282 0.35134315490722656 954
1607611852403 0.3519713878631592 955
1607611852525 0.3524663746356964 956
1607611852650 0.3527599275112152 957
1607611852768 0.3530478775501251 958
1607611852889 0.3529108464717865 959
1607611853011 0.3527282774448395 960
1607611853133 0.3518712818622589 961
1607611853258 0.3514229655265808 962
1607611853386 0.3506912887096405 963
1607611853512 0.3502277433872223 964
1607611853634 0.35002002120018005 965
1607611853765 0.34956270456314087 966
1607611853894 0.3500171899795532 967
1607611854014 0.3497456908226013 968
1607611854143 0.35000354051589966 969
1607611854267 0.35041627287864685 970
1607611854395 0.3503861725330353 971
1607611854516 0.35112738609313965 972
1607611854638 0.3516111671924591 973
1607611854767 0.3522767424583435 974
1607611854891 0.3530590236186981 975
1607611855013 0.35313698649406433 976
1607611855135 0.3530268371105194 977
1607611855277 0.3530052602291107 978
1607611855403 0.35292091965675354 979
1607611855527 0.35251787304878235 980
1607611855657 0.352194607257843 981
1607611855790 0.351934015750885 982
1607611855948 0.35182222723960876 983
1607611856071 0.35182034969329834 984
1607611856225 0.3513953685760498 985
1607611856357 0.3507986068725586 986
1607611856486 0.35094311833381653 987
1607611856642 0.35070785880088806 988
1607611856774 0.35113826394081116 989
1607611856899 0.3514556288719177 990
1607611857026 0.3516867756843567 991
1607611857144 0.35230210423469543 992
1607611857260 0.3528902530670166 993
1607611857384 0.3530222773551941 994
1607611857507 0.3538351356983185 995
1607611857629 0.35325562953948975 996
1607611857751 0.3525213897228241 997
1607611857878 0.3514409363269806 998
1607611858012 0.3505414128303528 999
