1607666289543 0.4739919602870941 0
1607666289677 0.46464046835899353 1
1607666289821 0.45681387186050415 2
1607666289952 0.4524569511413574 3
1607666290090 0.4463596045970917 4
1607666290224 0.44238606095314026 5
1607666290366 0.44022461771965027 6
1607666290496 0.43900173902511597 7
1607666290641 0.43836191296577454 8
1607666290782 0.4379618763923645 9
1607666290919 0.43717050552368164 10
1607666291053 0.435478150844574 11
1607666291194 0.43473923206329346 12
1607666291328 0.4343981444835663 13
1607666291462 0.43391385674476624 14
1607666291596 0.4333224892616272 15
1607666291728 0.43140262365341187 16
1607666291858 0.4304933547973633 17
1607666291987 0.43008679151535034 18
1607666292117 0.43024885654449463 19
1607666292248 0.4301559031009674 20
1607666292379 0.4288845360279083 21
1607666292508 0.42769062519073486 22
1607666292638 0.42706525325775146 23
1607666292768 0.42571398615837097 24
1607666292902 0.4249746799468994 25
1607666293038 0.42425674200057983 26
1607666293172 0.4231933653354645 27
1607666293301 0.4223068654537201 28
1607666293441 0.42227286100387573 29
1607666293571 0.4220789968967438 30
1607666293706 0.4213017225265503 31
1607666293844 0.4201793968677521 32
1607666293973 0.41885924339294434 33
1607666294103 0.4177181124687195 34
1607666294239 0.4169136881828308 35
1607666294380 0.4164124131202698 36
1607666294531 0.41519927978515625 37
1607666294680 0.4148162603378296 38
1607666294812 0.4133948087692261 39
1607666294941 0.4124178886413574 40
1607666295075 0.4112847149372101 41
1607666295210 0.41141313314437866 42
1607666295343 0.41089481115341187 43
1607666295471 0.4096987247467041 44
1607666295617 0.4083872139453888 45
1607666295759 0.4085865020751953 46
1607666295889 0.40920138359069824 47
1607666296020 0.4088321030139923 48
1607666296154 0.40782588720321655 49
1607666296285 0.40567418932914734 50
1607666296418 0.40483832359313965 51
1607666296549 0.4050169885158539 52
1607666296683 0.40574291348457336 53
1607666296821 0.40618273615837097 54
1607666296954 0.40472331643104553 55
1607666297086 0.40262478590011597 56
1607666297213 0.4005403518676758 57
1607666297346 0.3995696008205414 58
1607666297480 0.399485319852829 59
1607666297618 0.39944949746131897 60
1607666297756 0.3995945453643799 61
1607666297895 0.3999750316143036 62
1607666298030 0.39902162551879883 63
1607666298171 0.3972909450531006 64
1607666298308 0.396851122379303 65
1607666298442 0.3956611752510071 66
1607666298584 0.39440032839775085 67
1607666298710 0.39314544200897217 68
1607666298840 0.39258119463920593 69
1607666298975 0.3923831880092621 70
1607666299105 0.3928714692592621 71
1607666299244 0.3937910497188568 72
1607666299491 0.3939321041107178 73
1607666299620 0.3937150835990906 74
1607666299758 0.39279061555862427 75
1607666299895 0.3914116621017456 76
1607666300028 0.3909425735473633 77
1607666300158 0.3902875483036041 78
1607666300294 0.3905172049999237 79
1607666300427 0.39096084237098694 80
1607666300560 0.39005371928215027 81
1607666300694 0.3889167308807373 82
1607666300830 0.3878960609436035 83
1607666300964 0.38689976930618286 84
1607666301094 0.3873905837535858 85
1607666301224 0.3872406780719757 86
1607666301359 0.3876323699951172 87
1607666301492 0.3881038427352905 88
1607666301625 0.38924840092658997 89
1607666301754 0.38921496272087097 90
1607666301892 0.3874654471874237 91
1607666302019 0.3864530920982361 92
1607666302168 0.3854152262210846 93
1607666302303 0.38489076495170593 94
1607666302435 0.3857772648334503 95
1607666302562 0.38506942987442017 96
1607666302694 0.3842068016529083 97
1607666302848 0.3829475939273834 98
1607666302990 0.3816847503185272 99
1607666303141 0.3804468810558319 100
1607666303284 0.37989330291748047 101
1607666303412 0.37952274084091187 102
1607666303550 0.379707932472229 103
1607666303685 0.38001954555511475 104
1607666303840 0.38087618350982666 105
1607666303974 0.38179850578308105 106
1607666304107 0.381730318069458 107
1607666304238 0.3812762200832367 108
1607666304369 0.3794044852256775 109
1607666304519 0.37882378697395325 110
1607666304663 0.37790581583976746 111
1607666304794 0.3777940571308136 112
1607666304924 0.3781457841396332 113
1607666305062 0.37909072637557983 114
1607666305214 0.3793453276157379 115
1607666305376 0.3798213303089142 116
1607666305528 0.3790019154548645 117
1607666305684 0.3798215091228485 118
1607666305846 0.37864401936531067 119
1607666306000 0.3786127269268036 120
1607666306156 0.377492755651474 121
1607666306317 0.37708839774131775 122
1607666306471 0.3778676688671112 123
1607666306627 0.3771600127220154 124
1607666306767 0.377983033657074 125
1607666306895 0.37788447737693787 126
1607666307028 0.37715134024620056 127
1607666307164 0.37678980827331543 128
1607666307300 0.3759221136569977 129
1607666307435 0.37560853362083435 130
1607666307570 0.37484464049339294 131
1607666307714 0.37474319338798523 132
1607666307846 0.37495625019073486 133
1607666307977 0.375174880027771 134
1607666308111 0.3757074773311615 135
1607666308241 0.3772609233856201 136
1607666308374 0.3769661486148834 137
1607666308512 0.376812607049942 138
1607666308643 0.37645235657691956 139
1607666308772 0.3755347728729248 140
1607666308906 0.375541090965271 141
1607666309039 0.37538501620292664 142
1607666309172 0.37449273467063904 143
1607666309307 0.37404006719589233 144
1607666309435 0.37350332736968994 145
1607666309568 0.37317273020744324 146
1607666309704 0.37326768040657043 147
1607666309831 0.37361472845077515 148
1607666309961 0.37391817569732666 149
1607666310095 0.37405237555503845 150
1607666310233 0.37430140376091003 151
1607666310372 0.37356191873550415 152
1607666310509 0.373762309551239 153
1607666310653 0.3723938465118408 154
1607666310783 0.37179380655288696 155
1607666310912 0.3707646131515503 156
1607666311050 0.37004250288009644 157
1607666311178 0.36999422311782837 158
1607666311316 0.3695983290672302 159
1607666311456 0.3698151707649231 160
1607666311587 0.37003636360168457 161
1607666311746 0.37029513716697693 162
1607666311886 0.37087005376815796 163
1607666312019 0.3713201582431793 164
1607666312155 0.3710360527038574 165
1607666312283 0.37111401557922363 166
1607666312437 0.37040671706199646 167
1607666312575 0.3700634837150574 168
1607666312713 0.3693710267543793 169
1607666312853 0.36957302689552307 170
1607666312996 0.36983001232147217 171
1607666313151 0.37024468183517456 172
1607666313293 0.37068432569503784 173
1607666313438 0.3709752857685089 174
1607666313571 0.37124618887901306 175
1607666313705 0.371442586183548 176
1607666313862 0.3710800111293793 177
1607666314002 0.3708760142326355 178
1607666314134 0.37045717239379883 179
1607666314266 0.3707118034362793 180
1607666314397 0.3704128563404083 181
1607666314553 0.3698314428329468 182
1607666314696 0.3679457902908325 183
1607666314827 0.3676636517047882 184
1607666314958 0.36842575669288635 185
1607666315091 0.3684823513031006 186
1607666315245 0.36893102526664734 187
1607666315400 0.36921077966690063 188
1607666315530 0.36966562271118164 189
1607666315669 0.36977067589759827 190
1607666315800 0.3699685335159302 191
1607666315957 0.3692719042301178 192
1607666316096 0.3691771626472473 193
1607666316228 0.3688194453716278 194
1607666316367 0.3689391613006592 195
1607666316502 0.36933502554893494 196
1607666316660 0.3686803877353668 197
1607666316796 0.3686423897743225 198
1607666316929 0.36872053146362305 199
1607666317059 0.36816877126693726 200
1607666317195 0.3692384660243988 201
1607666317347 0.3686022460460663 202
1607666317493 0.3684931993484497 203
1607666317650 0.3676972985267639 204
1607666317811 0.36732909083366394 205
1607666317976 0.36714375019073486 206
1607666318126 0.3667963445186615 207
1607666318279 0.3661123812198639 208
1607666318447 0.36604294180870056 209
1607666318604 0.3650745153427124 210
1607666318756 0.36556315422058105 211
1607666318891 0.36518391966819763 212
1607666319028 0.36556947231292725 213
1607666319164 0.3660809099674225 214
1607666319296 0.3669354021549225 215
1607666319439 0.36766403913497925 216
1607666319567 0.3676866292953491 217
1607666319697 0.3676115870475769 218
1607666319826 0.3674130141735077 219
1607666319955 0.3665735423564911 220
1607666320085 0.3658512234687805 221
1607666320230 0.3652956783771515 222
1607666320365 0.36506834626197815 223
1607666320496 0.36490416526794434 224
1607666320632 0.3652430474758148 225
1607666320762 0.3653273284435272 226
1607666320895 0.3653607964515686 227
1607666321028 0.36577364802360535 228
1607666321165 0.3654049038887024 229
1607666321293 0.3659675121307373 230
1607666321445 0.36533328890800476 231
1607666321587 0.3659588396549225 232
1607666321727 0.3653629422187805 233
1607666321860 0.36580729484558105 234
1607666321993 0.3657228350639343 235
1607666322124 0.3668071925640106 236
1607666322257 0.3667478561401367 237
1607666322399 0.3672701418399811 238
1607666322538 0.3668596148490906 239
1607666322678 0.36595866084098816 240
1607666322815 0.3660239577293396 241
1607666322951 0.3648830056190491 242
1607666323115 0.3645610809326172 243
1607666323257 0.3643084466457367 244
1607666323393 0.3640959560871124 245
1607666323525 0.3639400601387024 246
1607666323661 0.36413392424583435 247
1607666323797 0.36370208859443665 248
1607666323961 0.36438658833503723 249
1607666324117 0.3643040955066681 250
1607666324260 0.3648095726966858 251
1607666324391 0.36476942896842957 252
1607666324525 0.3650831878185272 253
1607666324662 0.3655526638031006 254
1607666324816 0.3659798204898834 255
1607666324965 0.36527886986732483 256
1607666325096 0.3651231527328491 257
1607666325239 0.3639400601387024 258
1607666325384 0.36454862356185913 259
1607666325547 0.3643842339515686 260
1607666325688 0.36440321803092957 261
1607666325825 0.36443883180618286 262
1607666325966 0.3651488423347473 263
1607666326118 0.3656005859375 264
1607666326283 0.36661818623542786 265
1607666326420 0.3667077124118805 266
1607666326566 0.3659568428993225 267
1607666326701 0.3649589419364929 268
1607666326843 0.36367279291152954 269
1607666327002 0.3636539578437805 270
1607666327150 0.36268556118011475 271
1607666327290 0.36256349086761475 272
1607666327434 0.36195096373558044 273
1607666327591 0.36211517453193665 274
1607666327752 0.3621341586112976 275
1607666327901 0.362043559551239 276
1607666328034 0.3622225821018219 277
1607666328165 0.36194878816604614 278
1607666328301 0.3619784414768219 279
1607666328463 0.3616393506526947 280
1607666328604 0.3619469702243805 281
1607666328733 0.361502468585968 282
1607666328870 0.3617091774940491 283
1607666328999 0.36149829626083374 284
1607666329152 0.3618270754814148 285
1607666329299 0.3615172803401947 286
1607666329454 0.36191967129707336 287
1607666329609 0.36170464754104614 288
1607666329780 0.36204805970191956 289
1607666329937 0.3616941571235657 290
1607666330088 0.36245641112327576 291
1607666330247 0.3625023365020752 292
1607666330401 0.36362484097480774 293
1607666330560 0.36312535405158997 294
1607666330722 0.363576203584671 295
1607666330864 0.36343079805374146 296
1607666330999 0.36326876282691956 297
1607666331130 0.362845778465271 298
1607666331263 0.3624119162559509 299
1607666331397 0.3625764846801758 300
1607666331528 0.3620898425579071 301
1607666331658 0.3620733916759491 302
1607666331798 0.36179742217063904 303
1607666331936 0.36188802123069763 304
1607666332070 0.36207953095436096 305
1607666332206 0.36182889342308044 306
1607666332342 0.36171332001686096 307
1607666332472 0.36179324984550476 308
1607666332606 0.36147966980934143 309
1607666332738 0.36188170313835144 310
1607666332870 0.3618543744087219 311
1607666333006 0.36180374026298523 312
1607666333143 0.3624417781829834 313
1607666333277 0.3625551462173462 314
1607666333414 0.3633027672767639 315
1607666333545 0.36223289370536804 316
1607666333680 0.36229872703552246 317
1607666333812 0.361799418926239 318
1607666333944 0.36180195212364197 319
1607666334077 0.3616858422756195 320
1607666334217 0.36135128140449524 321
1607666334356 0.3613702654838562 322
1607666334496 0.3613639175891876 323
1607666334625 0.3616945147514343 324
1607666334760 0.3617279827594757 325
1607666334891 0.36234283447265625 326
1607666335027 0.36172163486480713 327
1607666335162 0.36169669032096863 328
1607666335290 0.36127331852912903 329
1607666335428 0.3611830770969391 330
1607666335564 0.36093443632125854 331
1607666335698 0.3615473210811615 332
1607666335830 0.36134493350982666 333
1607666335966 0.3617829382419586 334
1607666336098 0.36188188195228577 335
1607666336236 0.3621240258216858 336
1607666336384 0.36259332299232483 337
1607666336544 0.36211535334587097 338
1607666336692 0.3616124093532562 339
1607666336833 0.36074724793434143 340
1607666336969 0.3601936995983124 341
1607666337102 0.36008208990097046 342
1607666337253 0.35983163118362427 343
1607666337397 0.35979366302490234 344
1607666337532 0.35993707180023193 345
1607666337669 0.36007994413375854 346
1607666337807 0.36080440878868103 347
1607666337977 0.36102068424224854 348
1607666338153 0.3617221713066101 349
1607666338309 0.36109647154808044 350
1607666338450 0.361345499753952 351
1607666338593 0.36059334874153137 352
1607666338731 0.3606277108192444 353
1607666338878 0.35957881808280945 354
1607666339029 0.3595961630344391 355
1607666339169 0.3586716949939728 356
1607666339309 0.35866573452949524 357
1607666339449 0.3581814169883728 358
1607666339618 0.3584382236003876 359
1607666339763 0.3583877682685852 360
1607666339895 0.35833296179771423 361
1607666340033 0.35844889283180237 362
1607666340167 0.3587561547756195 363
1607666340326 0.3589494824409485 364
1607666340470 0.3575940430164337 365
1607666340606 0.3575016260147095 366
1607666340745 0.35758769512176514 367
1607666340886 0.35842159390449524 368
1607666341045 0.3588002622127533 369
1607666341205 0.35952872037887573 370
1607666341354 0.36025679111480713 371
1607666341512 0.3609371483325958 372
1607666341664 0.36143770813941956 373
1607666341902 0.36162325739860535 374
1607666342052 0.3607221245765686 375
1607666342218 0.36042535305023193 376
1607666342362 0.3595878481864929 377
1607666342512 0.3594612777233124 378
1607666342673 0.3591814935207367 379
1607666342834 0.35893717408180237 380
1607666342976 0.35899412631988525 381
1607666343103 0.35897496342658997 382
1607666343237 0.3596911132335663 383
1607666343378 0.3597833514213562 384
1607666343510 0.3604235351085663 385
1607666343641 0.36058956384658813 386
1607666343775 0.36060041189193726 387
1607666343918 0.3605327606201172 388
1607666344063 0.35988879203796387 389
1607666344197 0.35915833711624146 390
1607666344329 0.3591078817844391 391
1607666344460 0.3586510717868805 392
1607666344594 0.3588782250881195 393
1607666344728 0.35863226652145386 394
1607666344863 0.35898780822753906 395
1607666344999 0.359181672334671 396
1607666345158 0.35934966802597046 397
1607666345303 0.35920700430870056 398
1607666345436 0.35914984345436096 399
1607666345576 0.3585270047187805 400
1607666345706 0.3583899438381195 401
1607666345864 0.358415424823761 402
1607666346018 0.3576090633869171 403
1607666346158 0.3577482998371124 404
1607666346307 0.35715222358703613 405
1607666346453 0.3576240539550781 406
1607666346591 0.35736706852912903 407
1607666346737 0.3573860824108124 408
1607666346879 0.35788917541503906 409
1607666347009 0.3581208288669586 410
1607666347159 0.3593941628932953 411
1607666347303 0.3607751131057739 412
1607666347439 0.36277705430984497 413
1607666347579 0.3625178933143616 414
1607666347726 0.36262965202331543 415
1607666347861 0.360998272895813 416
1607666347996 0.3611139953136444 417
1607666348130 0.35899630188941956 418
1607666348262 0.35784071683883667 419
1607666348398 0.3571355938911438 420
1607666348529 0.3566473126411438 421
1607666348663 0.35615667700767517 422
1607666348802 0.35650643706321716 423
1607666348936 0.35624513030052185 424
1607666349095 0.35687896609306335 425
1607666349231 0.35712727904319763 426
1607666349368 0.35760289430618286 427
1607666349498 0.3586745858192444 428
1607666349643 0.35895633697509766 429
1607666349797 0.359861820936203 430
1607666349939 0.35968875885009766 431
1607666350074 0.359916627407074 432
1607666350206 0.3592657744884491 433
1607666350340 0.35904693603515625 434
1607666350494 0.3574703335762024 435
1607666350635 0.3570999801158905 436
1607666350770 0.35613372921943665 437
1607666350915 0.3563590347766876 438
1607666351046 0.3558347821235657 439
1607666351202 0.3562832772731781 440
1607666351348 0.35622432827949524 441
1607666351482 0.3567379117012024 442
1607666351613 0.3574432134628296 443
1607666351746 0.3577944040298462 444
1607666351896 0.35787904262542725 445
1607666352040 0.35760924220085144 446
1607666352182 0.3577211797237396 447
1607666352321 0.35784921050071716 448
1607666352455 0.3576895296573639 449
1607666352612 0.3574220538139343 450
1607666352746 0.3580957055091858 451
1607666352881 0.3581273555755615 452
1607666353012 0.35880279541015625 453
1607666353148 0.35860732197761536 454
1607666353304 0.3584997057914734 455
1607666353452 0.3583841621875763 456
1607666353622 0.3577546179294586 457
1607666353771 0.35766837000846863 458
1607666353927 0.35684117674827576 459
1607666354081 0.35675689578056335 460
1607666354239 0.3562118411064148 461
1607666354405 0.35642868280410767 462
1607666354568 0.35663700103759766 463
1607666354717 0.35668548941612244 464
1607666354870 0.35714012384414673 465
1607666355032 0.3572200536727905 466
1607666355168 0.35795482993125916 467
1607666355303 0.35783475637435913 468
1607666355440 0.35790833830833435 469
1607666355573 0.35753145813941956 470
1607666355707 0.3574475646018982 471
1607666355841 0.35720521211624146 472
1607666355978 0.35739293694496155 473
1607666356118 0.35703667998313904 474
1607666356248 0.357475221157074 475
1607666356383 0.3571884036064148 476
1607666356522 0.35730451345443726 477
1607666356655 0.3573063015937805 478
1607666356787 0.3573106527328491 479
1607666356918 0.35726869106292725 480
1607666357051 0.3572620153427124 481
1607666357178 0.3573761284351349 482
1607666357316 0.35678204894065857 483
1607666357453 0.35693612694740295 484
1607666357589 0.35622015595436096 485
1607666357727 0.3561277389526367 486
1607666357864 0.35568559169769287 487
1607666357995 0.35524359345436096 488
1607666358133 0.3550226092338562 489
1607666358267 0.3549784719944 490
1607666358402 0.35503527522087097 491
1607666358550 0.3550584018230438 492
1607666358682 0.3551426827907562 493
1607666358815 0.3556309640407562 494
1607666358953 0.35627949237823486 495
1607666359088 0.3568223714828491 496
1607666359222 0.3573654592037201 497
1607666359360 0.357788622379303 498
1607666359496 0.35774412751197815 499
1607666359628 0.35808122158050537 500
1607666359766 0.3576768636703491 501
1607666359902 0.3579043745994568 502
1607666360039 0.3578137755393982 503
1607666360171 0.35749584436416626 504
1607666360308 0.3579823076725006 505
1607666360444 0.3575589656829834 506
1607666360578 0.3575339913368225 507
1607666360709 0.3565360903739929 508
1607666360840 0.3562982976436615 509
1607666360980 0.3556899130344391 510
1607666361118 0.35537633299827576 511
1607666361261 0.35475531220436096 512
1607666361400 0.35472801327705383 513
1607666361545 0.35484808683395386 514
1607666361676 0.3551068902015686 515
1607666361807 0.3561447560787201 516
1607666361958 0.3562604784965515 517
1607666362102 0.35747087001800537 518
1607666362241 0.3577486574649811 519
1607666362373 0.3578454256057739 520
1607666362512 0.35760560631752014 521
1607666362658 0.35742223262786865 522
1607666362802 0.3565531075000763 523
1607666362940 0.3556899130344391 524
1607666363074 0.3549153506755829 525
1607666363218 0.35451966524124146 526
1607666363351 0.35411548614501953 527
1607666363487 0.3541239798069 528
1607666363801 0.3538355529308319 529
1607666363940 0.3541661202907562 530
1607666364093 0.35447555780410767 531
1607666364229 0.3549913167953491 532
1607666364364 0.3555680215358734 533
1607666364504 0.35620805621147156 534
1607666364642 0.356270968914032 535
1607666364798 0.35696813464164734 536
1607666364941 0.3560246527194977 537
1607666365075 0.35633644461631775 538
1607666365218 0.3559512495994568 539
1607666365349 0.3559678792953491 540
1607666365501 0.3561449348926544 541
1607666365646 0.35615524649620056 542
1607666365799 0.3564395308494568 543
1607666365981 0.35764360427856445 544
1607666366130 0.35792118310928345 545
1607666366281 0.35691678524017334 546
1607666366432 0.35459762811660767 547
1607666366587 0.3540945053100586 548
1607666366748 0.35403338074684143 549
1607666366915 0.3538588583469391 550
1607666367062 0.35394495725631714 551
1607666367214 0.354439914226532 552
1607666367357 0.35452601313591003 553
1607666367488 0.3553009331226349 554
1607666367626 0.3558626174926758 555
1607666367772 0.3561049699783325 556
1607666367904 0.35599517822265625 557
1607666368034 0.3558841645717621 558
1607666368180 0.3560899496078491 559
1607666368305 0.35556188225746155 560
1607666368436 0.3548332750797272 561
1607666368572 0.35454100370407104 562
1607666368707 0.354265034198761 563
1607666368840 0.3542757034301758 564
1607666368972 0.35429254174232483 565
1607666369105 0.3547028601169586 566
1607666369240 0.3553558886051178 567
1607666369370 0.35562682151794434 568
1607666369504 0.3563116788864136 569
1607666369643 0.3562434911727905 570
1607666369774 0.3566210865974426 571
1607666369921 0.3558058440685272 572
1607666370062 0.35577455163002014 573
1607666370192 0.35514286160469055 574
1607666370333 0.354997843503952 575
1607666370468 0.3545157015323639 576
1607666370605 0.35473254323005676 577
1607666370744 0.3548840880393982 578
1607666370889 0.3549618422985077 579
1607666371023 0.3554946184158325 580
1607666371154 0.3552522659301758 581
1607666371289 0.3554230034351349 582
1607666371427 0.35489654541015625 583
1607666371560 0.3550925850868225 584
1607666371693 0.35476183891296387 585
1607666371839 0.35491591691970825 586
1607666371974 0.35427138209342957 587
1607666372117 0.3546484410762787 588
1607666372259 0.3544272780418396 589
1607666372415 0.3548211455345154 590
1607666372561 0.35543349385261536 591
1607666372711 0.3552629351615906 592
1607666372848 0.3557872176170349 593
1607666373000 0.3557977080345154 594
1607666373133 0.35610732436180115 595
1607666373262 0.355574369430542 596
1607666373404 0.35614946484565735 597
1607666373543 0.35523346066474915 598
1607666373696 0.35528212785720825 599
1607666373835 0.35441678762435913 600
1607666373967 0.35454100370407104 601
1607666374110 0.3540632128715515 602
1607666374244 0.35442110896110535 603
1607666374392 0.35408419370651245 604
1607666374532 0.3540610671043396 605
1607666374667 0.35404008626937866 606
1607666374804 0.3541180193424225 607
1607666374945 0.3545894920825958 608
1607666375111 0.35503995418548584 609
1607666375250 0.35497668385505676 610
1607666375386 0.3548905849456787 611
1607666375515 0.35454317927360535 612
1607666375646 0.35466110706329346 613
1607666375794 0.35436633229255676 614
1607666375942 0.35388436913490295 615
1607666376076 0.353444367647171 616
1607666376210 0.3534150719642639 617
1607666376342 0.3534212112426758 618
1607666376490 0.3536991775035858 619
1607666376628 0.3541981279850006 620
1607666376759 0.3544630706310272 621
1607666376887 0.3553180992603302 622
1607666377018 0.3548441231250763 623
1607666377179 0.3557622730731964 624
1607666377314 0.3555660545825958 625
1607666377446 0.35533058643341064 626
1607666377579 0.3543410003185272 627
1607666377711 0.3541286885738373 628
1607666377864 0.35356229543685913 629
1607666378009 0.3536360561847687 630
1607666378163 0.353200227022171 631
1607666378321 0.3533098101615906 632
1607666378485 0.35352033376693726 633
1607666378641 0.3535327911376953 634
1607666378795 0.35427191853523254 635
1607666378942 0.3539094924926758 636
1607666379131 0.35459616780281067 637
1607666379282 0.35433268547058105 638
1607666379473 0.3547518849372864 639
1607666379630 0.3550484776496887 640
1607666379772 0.3551495671272278 641
1607666379919 0.35516220331192017 642
1607666380055 0.3551305830478668 643
1607666380188 0.35492441058158875 644
1607666380324 0.3549705147743225 645
1607666380453 0.3543601632118225 646
1607666380585 0.3539223372936249 647
1607666380716 0.35372668504714966 648
1607666380851 0.35319608449935913 649
1607666380984 0.3530004024505615 650
1607666381124 0.3524278402328491 651
1607666381262 0.3523184359073639 652
1607666381406 0.3522363305091858 653
1607666381539 0.35229945182800293 654
1607666381678 0.3524804711341858 655
1607666381820 0.35319840908050537 656
1607666381954 0.35344454646110535 657
1607666382088 0.35439181327819824 658
1607666382216 0.3553222715854645 659
1607666382369 0.3553074300289154 660
1607666382505 0.35583803057670593 661
1607666382639 0.3547370433807373 662
1607666382768 0.355642169713974 663
1607666382907 0.35467177629470825 664
1607666383037 0.35439181327819824 665
1607666383186 0.35386356711387634 666
1607666383322 0.354160338640213 667
1607666383453 0.35398346185684204 668
1607666383591 0.3534593880176544 669
1607666383725 0.35319626331329346 670
1607666383860 0.3532678782939911 671
1607666383991 0.3528488576412201 672
1607666384127 0.3529311418533325 673
1607666384254 0.35269731283187866 674
1607666384385 0.352922648191452 675
1607666384519 0.3532593548297882 676
1607666384664 0.3534783720970154 677
1607666384800 0.3536129295825958 678
1607666384934 0.35406774282455444 679
1607666385067 0.3539898097515106 680
1607666385200 0.3541266918182373 681
1607666385336 0.35365721583366394 682
1607666385474 0.3534678816795349 683
1607666385614 0.352888822555542 684
1607666385759 0.35289549827575684 685
1607666385918 0.35240253806114197 686
1607666386066 0.3531038463115692 687
1607666386203 0.3531246483325958 688
1607666386334 0.353672057390213 689
1607666386467 0.35415616631507874 690
1607666386618 0.3541415333747864 691
1607666386760 0.35463613271713257 692
1607666386893 0.35456451773643494 693
1607666387031 0.3539646565914154 694
1607666387160 0.3533458113670349 695
1607666387318 0.35272061824798584 696
1607666387458 0.3522491753101349 697
1607666387589 0.35169127583503723 698
1607666387718 0.3516030013561249 699
1607666387844 0.35155653953552246 700
1607666387998 0.3520030379295349 701
1607666388142 0.3520258367061615 702
1607666388275 0.35290616750717163 703
1607666388411 0.35254359245300293 704
1607666388548 0.35375452041625977 705
1607666388703 0.3534635305404663 706
1607666388842 0.3538152873516083 707
1607666388975 0.3534215986728668 708
1607666389105 0.3532364070415497 709
1607666389247 0.3532995283603668 710
1607666389400 0.353324830532074 711
1607666389540 0.35311415791511536 712
1607666389690 0.3532721996307373 713
1607666389835 0.35311633348464966 714
1607666389972 0.3531206548213959 715
1607666390115 0.3533584773540497 716
1607666390249 0.35337114334106445 717
1607666390397 0.3537141978740692 718
1607666390565 0.3540172874927521 719
1607666390710 0.35436052083969116 720
1607666390866 0.3548571467399597 721
1607666391026 0.3547920286655426 722
1607666391181 0.35504448413848877 723
1607666391336 0.35456669330596924 724
1607666391492 0.35407426953315735 725
1607666391648 0.3529964089393616 726
1607666391811 0.3530237376689911 727
1607666391964 0.351737380027771 728
1607666392104 0.35037779808044434 729
1607666392237 0.35024523735046387 730
1607666392381 0.35049787163734436 731
1607666392519 0.35077980160713196 732
1607666392660 0.35190629959106445 733
1607666392797 0.35249531269073486 734
1607666392937 0.35403013229370117 735
1607666393083 0.35417497158050537 736
1607666393225 0.35500073432922363 737
1607666393362 0.3551958501338959 738
1607666393498 0.35461950302124023 739
1607666393635 0.35323840379714966 740
1607666393781 0.35265135765075684 741
1607666393919 0.352592408657074 742
1607666394063 0.3521207571029663 743
1607666394205 0.3521440923213959 744
1607666394341 0.35214391350746155 745
1607666394475 0.35244521498680115 746
1607666394609 0.35238173604011536 747
1607666394746 0.3525463044643402 748
1607666394879 0.3521605432033539 749
1607666395016 0.3527904450893402 750
1607666395151 0.3524974584579468 751
1607666395289 0.352453351020813 752
1607666395422 0.3522386848926544 753
1607666395552 0.3524048626422882 754
1607666395689 0.35297542810440063 755
1607666395825 0.35279858112335205 756
1607666395960 0.3528743386268616 757
1607666396099 0.3522639870643616 758
1607666396244 0.35211026668548584 759
1607666396385 0.35173773765563965 760
1607666396518 0.3514346480369568 761
1607666396649 0.35120317339897156 762
1607666396784 0.351091593503952 763
1607666396920 0.3513105809688568 764
1607666397058 0.35136520862579346 765
1607666397200 0.3519021272659302 766
1607666397334 0.3520829677581787 767
1607666397475 0.3529208302497864 768
1607666397615 0.35301974415779114 769
1607666397746 0.3535121977329254 770
1607666397880 0.3540975749492645 771
1607666398015 0.3540089726448059 772
1607666398171 0.3544616103172302 773
1607666398318 0.35449743270874023 774
1607666398453 0.3538973927497864 775
1607666398593 0.353566974401474 776
1607666398748 0.3522113859653473 777
1607666398909 0.35198837518692017 778
1607666399052 0.35119882225990295 779
1607666399192 0.3509970009326935 780
1607666399349 0.3505967855453491 781
1607666399487 0.3506539463996887 782
1607666399623 0.35075682401657104 783
1607666399755 0.3511548638343811 784
1607666399891 0.35164931416511536 785
1607666400054 0.35299479961395264 786
1607666400212 0.3536655306816101 787
1607666400356 0.3556031286716461 788
1607666400491 0.35462746024131775 789
1607666400624 0.35570818185806274 790
1607666400776 0.3549896776676178 791
1607666400917 0.3544343113899231 792
1607666401046 0.3524555265903473 793
1607666401179 0.3520536720752716 794
1607666401329 0.3509441912174225 795
1607666401468 0.3507401943206787 796
1607666401622 0.3502349257469177 797
1607666401766 0.35030654072761536 798
1607666401919 0.35072338581085205 799
1607666402068 0.3508600890636444 800
1607666402214 0.35179904103279114 801
1607666402348 0.35232728719711304 802
1607666402519 0.3527166545391083 803
1607666402695 0.3531251847743988 804
1607666402848 0.3530387282371521 805
1607666403001 0.35244736075401306 806
1607666403135 0.3521229326725006 807
1607666403292 0.3511928617954254 808
1607666403446 0.35076117515563965 809
1607666403602 0.3501235246658325 810
1607666403756 0.34994229674339294 811
1607666403890 0.34987303614616394 812
1607666404042 0.3501254916191101 813
1607666404197 0.3506351411342621 814
1607666404359 0.35120317339897156 815
1607666404499 0.35238009691238403 816
1607666404630 0.35265353322029114 817
1607666404768 0.3539252281188965 818
1607666404905 0.3542281687259674 819
1607666405043 0.3541860282421112 820
1607666405178 0.35306623578071594 821
1607666405318 0.3524726927280426 822
1607666405456 0.35207900404930115 823
1607666405595 0.35174840688705444 824
1607666405738 0.35135072469711304 825
1607666405873 0.351651668548584 826
1607666406000 0.3518032133579254 827
1607666406134 0.3520052134990692 828
1607666406267 0.35240739583969116 829
1607666406408 0.3524535298347473 830
1607666406557 0.3527253270149231 831
1607666406684 0.35206615924835205 832
1607666406822 0.3522222340106964 833
1607666406955 0.3513968586921692 834
1607666407106 0.3512328267097473 835
1607666407259 0.35076749324798584 836
1607666407395 0.3506729304790497 837
1607666407550 0.35067492723464966 838
1607666407698 0.3509255647659302 839
1607666407854 0.35072752833366394 840
1607666408011 0.3510434627532959 841
1607666408153 0.3510286509990692 842
1607666408293 0.35142868757247925 843
1607666408432 0.351285457611084 844
1607666408581 0.3516561686992645 845
1607666408721 0.35126012563705444 846
1607666408862 0.35167714953422546 847
1607666408995 0.3513675630092621 848
1607666409152 0.3515339195728302 849
1607666409299 0.35138455033302307 850
1607666409437 0.35158637166023254 851
1607666409580 0.35230234265327454 852
1607666409719 0.35289984941482544 853
1607666409852 0.35275065898895264 854
1607666409986 0.35223469138145447 855
1607666410120 0.3518560230731964 856
1607666410263 0.3513970375061035 857
1607666410404 0.350639283657074 858
1607666410557 0.34987521171569824 859
1607666410701 0.34941622614860535 860
1607666410844 0.3492712080478668 861
1607666410976 0.3492729961872101 862
1607666411111 0.35014286637306213 863
1607666411259 0.350481241941452 864
1607666411396 0.3521023094654083 865
1607666411525 0.3530410826206207 866
1607666411670 0.35393989086151123 867
1607666411807 0.3555651307106018 868
1607666411960 0.35441097617149353 869
1607666412097 0.353883296251297 870
1607666412230 0.35248517990112305 871
1607666412365 0.3519359529018402 872
1607666412502 0.35076966881752014 873
1607666412656 0.3502667546272278 874
1607666412804 0.3498961925506592 875
1607666412967 0.3503383696079254 876
1607666413109 0.3505571782588959 877
1607666413249 0.3511107563972473 878
1607666413410 0.35159704089164734 879
1607666413576 0.35220757126808167 880
1607666413726 0.35315048694610596 881
1607666413859 0.3537798523902893 882
1607666414014 0.3534662425518036 883
1607666414180 0.352748304605484 884
1607666414315 0.3529696464538574 885
1607666414443 0.352468341588974 886
1607666414591 0.3523927628993988 887
1607666414771 0.35126861929893494 888
1607666414928 0.351247638463974 889
1607666415079 0.3509592115879059 890
1607666415232 0.35081616044044495 891
1607666415425 0.3502119481563568 892
1607666415574 0.35049423575401306 893
1607666415731 0.3505908250808716 894
1607666415886 0.3507067561149597 895
1607666416039 0.35086461901664734 896
1607666416207 0.3507615327835083 897
1607666416362 0.3512434959411621 898
1607666416521 0.35113823413848877 899
1607666416663 0.35167497396469116 900
1607666416794 0.3516959547996521 901
1607666416931 0.35208550095558167 902
1607666417069 0.3522811830043793 903
1607666417205 0.35283276438713074 904
1607666417337 0.35274848341941833 905
1607666417473 0.3525611162185669 906
1607666417607 0.35231083631515503 907
1607666417741 0.35167497396469116 908
1607666417872 0.35224971175193787 909
1607666418010 0.35072970390319824 910
1607666418143 0.34957411885261536 911
1607666418275 0.3491322994232178 912
1607666418412 0.3492415249347687 913
1607666418552 0.3494480550289154 914
1607666418691 0.34945619106292725 915
1607666418829 0.3498564064502716 916
1607666418981 0.3501719832420349 917
1607666419121 0.35057419538497925 918
1607666419252 0.35106444358825684 919
1607666419391 0.3510856032371521 920
1607666419534 0.3518138825893402 921
1607666419668 0.35171711444854736 922
1607666419805 0.35249167680740356 923
1607666419937 0.35250434279441833 924
1607666420070 0.3521864116191864 925
1607666420204 0.3523885905742645 926
1607666420342 0.3519086241722107 927
1607666420485 0.35140135884284973 928
1607666420639 0.3506224751472473 929
1607666420802 0.3501468598842621 930
1607666420953 0.3497994542121887 931
1607666421114 0.3498227596282959 932
1607666421267 0.3494773507118225 933
1607666421423 0.3499448299407959 934
1607666421584 0.3499614894390106 935
1607666421748 0.35054686665534973 936
1607666421897 0.3510098457336426 937
1607666422053 0.35123714804649353 938
1607666422208 0.3521278202533722 939
1607666422381 0.35212746262550354 940
1607666422530 0.35259929299354553 941
1607666422676 0.3517380952835083 942
1607666422813 0.3518731892108917 943
1607666422951 0.35092973709106445 944
1607666423085 0.3505743741989136 945
1607666423247 0.34971317648887634 946
1607666423389 0.34951552748680115 947
1607666423526 0.349035382270813 948
1607666423661 0.34898293018341064 949
1607666423794 0.3487975597381592 950
1607666423928 0.34940609335899353 951
1607666424057 0.3492268919944763 952
1607666424188 0.3499092161655426 953
1607666424323 0.34995731711387634 954
1607666424454 0.35109230875968933 955
1607666424587 0.3513317406177521 956
1607666424718 0.3520858585834503 957
1607666424859 0.3524412214756012 958
1607666424998 0.3533380329608917 959
1607666425135 0.3528768718242645 960
1607666425269 0.35218244791030884 961
1607666425422 0.35167932510375977 962
1607666425599 0.35076767206192017 963
1607666425756 0.349942684173584 964
1607666425904 0.34897661209106445 965
1607666426059 0.3487597703933716 966
1607666426215 0.3482924699783325 967
1607666426374 0.3482208549976349 968
1607666426516 0.3485535979270935 969
1607666426659 0.34894078969955444 970
1607666426794 0.3499385118484497 971
1607666426942 0.35086479783058167 972
1607666427078 0.35188981890678406 973
1607666427211 0.3535633683204651 974
1607666427366 0.3540852963924408 975
1607666427519 0.3536264896392822 976
1607666427674 0.3524811863899231 977
1607666427814 0.3517531156539917 978
1607666427951 0.35119086503982544 979
1607666428112 0.35046061873435974 980
1607666428244 0.3492290675640106 981
1607666428385 0.3487093150615692 982
1607666428519 0.3484798073768616 983
1607666428657 0.348319947719574 984
1607666428977 0.3482103645801544 985
1607666429113 0.34878310561180115 986
1607666429249 0.3489954173564911 987
1607666429376 0.3499998152256012 988
1607666429519 0.35044795274734497 989
1607666429659 0.35112160444259644 990
1607666429787 0.3524962067604065 991
1607666429920 0.3521171510219574 992
1607666430055 0.35210683941841125 993
1607666430182 0.3514624834060669 994
1607666430318 0.35184788703918457 995
1607666430460 0.3511762022972107 996
1607666430597 0.3509257435798645 997
1607666430745 0.3502795994281769 998
1607666430896 0.3500332832336426 999
