1607666289543 0.47393736243247986 0
1607666289677 0.46462905406951904 1
1607666289821 0.45680326223373413 2
1607666289952 0.45246413350105286 3
1607666290090 0.4463431239128113 4
1607666290224 0.44236665964126587 5
1607666290366 0.44023749232292175 6
1607666290496 0.43901798129081726 7
1607666290641 0.4383510649204254 8
1607666290782 0.43798214197158813 9
1607666290919 0.4371410608291626 10
1607666291053 0.4354832172393799 11
1607666291194 0.4347758889198303 12
1607666291328 0.43437686562538147 13
1607666291462 0.4339163899421692 14
1607666291596 0.4332815706729889 15
1607666291728 0.43140295147895813 16
1607666291858 0.4304763078689575 17
1607666291987 0.4300795793533325 18
1607666292117 0.4302177429199219 19
1607666292248 0.4300929605960846 20
1607666292379 0.42884987592697144 21
1607666292508 0.4276721775531769 22
1607666292638 0.42706212401390076 23
1607666292768 0.4257071912288666 24
1607666292902 0.42497894167900085 25
1607666293038 0.4242372512817383 26
1607666293172 0.4231928288936615 27
1607666293301 0.42231079936027527 28
1607666293441 0.4222777783870697 29
1607666293571 0.4221028983592987 30
1607666293706 0.4213103652000427 31
1607666293844 0.4201705753803253 32
1607666293973 0.41881063580513 33
1607666294103 0.41765594482421875 34
1607666294239 0.41691455245018005 35
1607666294380 0.4164065718650818 36
1607666294531 0.41520872712135315 37
1607666294680 0.41481685638427734 38
1607666294812 0.41338858008384705 39
1607666294941 0.41241252422332764 40
1607666295075 0.41128209233283997 41
1607666295210 0.41141995787620544 42
1607666295343 0.41089093685150146 43
1607666295471 0.4097168743610382 44
1607666295617 0.40839797258377075 45
1607666295759 0.4085785448551178 46
1607666295889 0.40917280316352844 47
1607666296020 0.40880557894706726 48
1607666296154 0.4078161120414734 49
1607666296285 0.4056457579135895 50
1607666296418 0.40481430292129517 51
1607666296549 0.4050063192844391 52
1607666296683 0.40569108724594116 53
1607666296821 0.40617436170578003 54
1607666296954 0.4047118127346039 55
1607666297086 0.4026217460632324 56
1607666297213 0.4005793035030365 57
1607666297346 0.3995302617549896 58
1607666297480 0.3995113670825958 59
1607666297618 0.39940837025642395 60
1607666297756 0.39959603548049927 61
1607666297895 0.3999876081943512 62
1607666298030 0.3990074396133423 63
1607666298171 0.3972899913787842 64
1607666298308 0.3968772292137146 65
1607666298442 0.3956626057624817 66
1607666298584 0.3943958878517151 67
1607666298710 0.39315053820610046 68
1607666298840 0.39259210228919983 69
1607666298975 0.39235323667526245 70
1607666299105 0.39289945363998413 71
1607666299244 0.3938029110431671 72
1607666299491 0.3939569890499115 73
1607666299620 0.39375633001327515 74
1607666299758 0.392787367105484 75
1607666299895 0.3913792669773102 76
1607666300028 0.39095115661621094 77
1607666300158 0.3902612626552582 78
1607666300294 0.3904975950717926 79
1607666300427 0.3909907937049866 80
1607666300560 0.39008620381355286 81
1607666300694 0.3889332413673401 82
1607666300830 0.3879036605358124 83
1607666300964 0.3868730068206787 84
1607666301094 0.38737839460372925 85
1607666301224 0.3872690498828888 86
1607666301359 0.387638658285141 87
1607666301492 0.3880819082260132 88
1607666301625 0.38923537731170654 89
1607666301754 0.3891916275024414 90
1607666301892 0.3874378204345703 91
1607666302019 0.3864266276359558 92
1607666302168 0.38541364669799805 93
1607666302303 0.384845107793808 94
1607666302435 0.3857741057872772 95
1607666302562 0.38509511947631836 96
1607666302694 0.3841642737388611 97
1607666302848 0.38294103741645813 98
1607666302990 0.3817247152328491 99
1607666303141 0.38044700026512146 100
1607666303284 0.37984558939933777 101
1607666303412 0.3795222043991089 102
1607666303550 0.3796815276145935 103
1607666303685 0.380034863948822 104
1607666303840 0.3808542788028717 105
1607666303974 0.38180866837501526 106
1607666304107 0.3816830813884735 107
1607666304238 0.38124164938926697 108
1607666304369 0.37938082218170166 109
1607666304519 0.37882182002067566 110
1607666304663 0.3779107332229614 111
1607666304794 0.37781766057014465 112
1607666304924 0.37813594937324524 113
1607666305062 0.37909427285194397 114
1607666305214 0.37932464480400085 115
1607666305376 0.3798162639141083 116
1607666305528 0.3789997100830078 117
1607666305684 0.379827618598938 118
1607666305846 0.3786238729953766 119
1607666306000 0.3785708248615265 120
1607666306156 0.3774808347225189 121
1607666306317 0.37707170844078064 122
1607666306471 0.3778371214866638 123
1607666306627 0.37717023491859436 124
1607666306767 0.37796130776405334 125
1607666306895 0.37785783410072327 126
1607666307028 0.3770972788333893 127
1607666307164 0.37678995728492737 128
1607666307300 0.3759062886238098 129
1607666307435 0.3755699098110199 130
1607666307570 0.3748798370361328 131
1607666307714 0.37474438548088074 132
1607666307846 0.3749634027481079 133
1607666307977 0.3751741647720337 134
1607666308111 0.37573501467704773 135
1607666308241 0.3772459626197815 136
1607666308374 0.37697634100914 137
1607666308512 0.3767969608306885 138
1607666308643 0.37644168734550476 139
1607666308772 0.37557318806648254 140
1607666308906 0.37551864981651306 141
1607666309039 0.3754044473171234 142
1607666309172 0.3744974136352539 143
1607666309307 0.3740038275718689 144
1607666309435 0.37348031997680664 145
1607666309568 0.3731723129749298 146
1607666309704 0.37329167127609253 147
1607666309831 0.37359800934791565 148
1607666309961 0.37394335865974426 149
1607666310095 0.3740869462490082 150
1607666310233 0.37429460883140564 151
1607666310372 0.37352123856544495 152
1607666310509 0.3737559914588928 153
1607666310653 0.3723766505718231 154
1607666310783 0.37178459763526917 155
1607666310912 0.37076684832572937 156
1607666311050 0.3700011670589447 157
1607666311178 0.3699970543384552 158
1607666311316 0.3695950210094452 159
1607666311456 0.3697803318500519 160
1607666311587 0.3699757754802704 161
1607666311746 0.3703196346759796 162
1607666311886 0.3708864748477936 163
1607666312019 0.371297150850296 164
1607666312155 0.37101683020591736 165
1607666312283 0.37108030915260315 166
1607666312437 0.37040331959724426 167
1607666312575 0.37005099654197693 168
1607666312713 0.36938968300819397 169
1607666312853 0.3695718050003052 170
1607666312996 0.36984068155288696 171
1607666313151 0.37021687626838684 172
1607666313293 0.3706437051296234 173
1607666313438 0.37095147371292114 174
1607666313571 0.3712128698825836 175
1607666313705 0.3714410662651062 176
1607666313862 0.37107235193252563 177
1607666314002 0.37083926796913147 178
1607666314134 0.37042707204818726 179
1607666314266 0.3707197606563568 180
1607666314397 0.370393842458725 181
1607666314553 0.3698505759239197 182
1607666314696 0.3679141700267792 183
1607666314827 0.3676583170890808 184
1607666314958 0.36841273307800293 185
1607666315091 0.3684951364994049 186
1607666315245 0.3689132630825043 187
1607666315400 0.36922135949134827 188
1607666315530 0.3696686327457428 189
1607666315669 0.3698047995567322 190
1607666315800 0.36997267603874207 191
1607666315957 0.3692818284034729 192
1607666316096 0.3691995143890381 193
1607666316228 0.36882269382476807 194
1607666316367 0.36890339851379395 195
1607666316502 0.3693457841873169 196
1607666316660 0.36866772174835205 197
1607666316796 0.36865153908729553 198
1607666316929 0.3687003254890442 199
1607666317059 0.36817559599876404 200
1607666317195 0.36921772360801697 201
1607666317347 0.3685851991176605 202
1607666317493 0.36848184466362 203
1607666317650 0.3676973581314087 204
1607666317811 0.36734214425086975 205
1607666317976 0.36715567111968994 206
1607666318126 0.3668402433395386 207
1607666318279 0.3661011755466461 208
1607666318447 0.36601051688194275 209
1607666318604 0.3650856018066406 210
1607666318756 0.36557021737098694 211
1607666318891 0.3651713728904724 212
1607666319028 0.36559370160102844 213
1607666319164 0.36608871817588806 214
1607666319296 0.36696314811706543 215
1607666319439 0.3676276206970215 216
1607666319567 0.36766213178634644 217
1607666319697 0.36758241057395935 218
1607666319826 0.367410808801651 219
1607666319955 0.3665892779827118 220
1607666320085 0.3658727705478668 221
1607666320230 0.3652844727039337 222
1607666320365 0.3650828003883362 223
1607666320496 0.36491379141807556 224
1607666320632 0.365224152803421 225
1607666320762 0.3653242290019989 226
1607666320895 0.36541733145713806 227
1607666321028 0.36574646830558777 228
1607666321165 0.3653873801231384 229
1607666321293 0.36594122648239136 230
1607666321445 0.36535143852233887 231
1607666321587 0.365927517414093 232
1607666321727 0.3653664290904999 233
1607666321860 0.3658062815666199 234
1607666321993 0.365724116563797 235
1607666322124 0.36680617928504944 236
1607666322257 0.36677297949790955 237
1607666322399 0.36726823449134827 238
1607666322538 0.3668700158596039 239
1607666322678 0.3659849166870117 240
1607666322815 0.3660207688808441 241
1607666322951 0.36487358808517456 242
1607666323115 0.3645488917827606 243
1607666323257 0.3643152713775635 244
1607666323393 0.364122211933136 245
1607666323525 0.3639526665210724 246
1607666323661 0.36412274837493896 247
1607666323797 0.3637136220932007 248
1607666323961 0.3643667995929718 249
1607666324117 0.3642893135547638 250
1607666324260 0.36479106545448303 251
1607666324391 0.364780068397522 252
1607666324525 0.3650820255279541 253
1607666324662 0.3655851185321808 254
1607666324816 0.3659789562225342 255
1607666324965 0.3652910888195038 256
1607666325096 0.3651133179664612 257
1607666325239 0.3639414310455322 258
1607666325384 0.3645510971546173 259
1607666325547 0.3644086420536041 260
1607666325688 0.3644079267978668 261
1607666325825 0.36445116996765137 262
1607666325966 0.36515530943870544 263
1607666326118 0.3655873239040375 264
1607666326283 0.3666425049304962 265
1607666326420 0.36667048931121826 266
1607666326566 0.36594563722610474 267
1607666326701 0.3649515211582184 268
1607666326843 0.3637033998966217 269
1607666327002 0.363646000623703 270
1607666327150 0.36267760396003723 271
1607666327290 0.3625584840774536 272
1607666327434 0.3619289696216583 273
1607666327591 0.3621208369731903 274
1607666327752 0.3621496856212616 275
1607666327901 0.3620431125164032 276
1607666328034 0.3622036576271057 277
1607666328165 0.3619368076324463 278
1607666328301 0.36199018359184265 279
1607666328463 0.36165904998779297 280
1607666328604 0.36192992329597473 281
1607666328733 0.36148735880851746 282
1607666328870 0.36170560121536255 283
1607666328999 0.36147114634513855 284
1607666329152 0.36181893944740295 285
1607666329299 0.3615224361419678 286
1607666329454 0.36187151074409485 287
1607666329609 0.36168012022972107 288
1607666329780 0.36201295256614685 289
1607666329937 0.36166778206825256 290
1607666330088 0.36246898770332336 291
1607666330247 0.36250004172325134 292
1607666330401 0.3636150062084198 293
1607666330560 0.36315008997917175 294
1607666330722 0.36354491114616394 295
1607666330864 0.3634307086467743 296
1607666330999 0.3632510304450989 297
1607666331130 0.36287519335746765 298
1607666331263 0.36240553855895996 299
1607666331397 0.36255693435668945 300
1607666331528 0.362080842256546 301
1607666331658 0.3620728850364685 302
1607666331798 0.36178621649742126 303
1607666331936 0.3618696331977844 304
1607666332070 0.36204785108566284 305
1607666332206 0.3618200123310089 306
1607666332342 0.36171647906303406 307
1607666332472 0.36180105805397034 308
1607666332606 0.36151257157325745 309
1607666332738 0.36190474033355713 310
1607666332870 0.3618292808532715 311
1607666333006 0.36182019114494324 312
1607666333143 0.36243411898612976 313
1607666333277 0.36253976821899414 314
1607666333414 0.36330193281173706 315
1607666333545 0.3622446358203888 316
1607666333680 0.36229509115219116 317
1607666333812 0.3617793321609497 318
1607666333944 0.3617492616176605 319
1607666334077 0.36171385645866394 320
1607666334217 0.3613555431365967 321
1607666334356 0.3613709509372711 322
1607666334496 0.3613938093185425 323
1607666334625 0.36169740557670593 324
1607666334760 0.36170440912246704 325
1607666334891 0.36235564947128296 326
1607666335027 0.3616849184036255 327
1607666335162 0.36170607805252075 328
1607666335290 0.3612605035305023 329
1607666335428 0.3611985445022583 330
1607666335564 0.36089828610420227 331
1607666335698 0.3615139126777649 332
1607666335830 0.36136871576309204 333
1607666335966 0.36174821853637695 334
1607666336098 0.36185428500175476 335
1607666336236 0.3621419370174408 336
1607666336384 0.36258968710899353 337
1607666336544 0.36208540201187134 338
1607666336692 0.36161816120147705 339
1607666336833 0.3607713282108307 340
1607666336969 0.3602202534675598 341
1607666337102 0.3600751459598541 342
1607666337253 0.3597932755947113 343
1607666337397 0.3598061203956604 344
1607666337532 0.3599259853363037 345
1607666337669 0.3600543439388275 346
1607666337807 0.36079955101013184 347
1607666337977 0.3609867990016937 348
1607666338153 0.3616797924041748 349
1607666338309 0.36111512780189514 350
1607666338450 0.36136284470558167 351
1607666338593 0.36060214042663574 352
1607666338731 0.3606328070163727 353
1607666338878 0.35960665345191956 354
1607666339029 0.35957297682762146 355
1607666339169 0.35869717597961426 356
1607666339309 0.35865864157676697 357
1607666339449 0.35819151997566223 358
1607666339618 0.35838836431503296 359
1607666339763 0.3583965599536896 360
1607666339895 0.3583129942417145 361
1607666340033 0.3584674596786499 362
1607666340167 0.35877299308776855 363
1607666340326 0.35897544026374817 364
1607666340470 0.3576039671897888 365
1607666340606 0.3575088083744049 366
1607666340745 0.3575908839702606 367
1607666340886 0.35839003324508667 368
1607666341045 0.3587847352027893 369
1607666341205 0.35949522256851196 370
1607666341354 0.36023858189582825 371
1607666341512 0.36093568801879883 372
1607666341664 0.3614346981048584 373
1607666341902 0.3615877330303192 374
1607666342052 0.3607043921947479 375
1607666342218 0.3604465425014496 376
1607666342362 0.3595949411392212 377
1607666342512 0.35944926738739014 378
1607666342673 0.3591698408126831 379
1607666342834 0.35898202657699585 380
1607666342976 0.35898441076278687 381
1607666343103 0.35897916555404663 382
1607666343237 0.3596891164779663 383
1607666343378 0.35977569222450256 384
1607666343510 0.3604319095611572 385
1607666343641 0.36060211062431335 386
1607666343775 0.36062973737716675 387
1607666343918 0.3605135381221771 388
1607666344063 0.3599189817905426 389
1607666344197 0.3591490685939789 390
1607666344329 0.3591103255748749 391
1607666344460 0.3586290180683136 392
1607666344594 0.3588123321533203 393
1607666344728 0.35863539576530457 394
1607666344863 0.3589870035648346 395
1607666344999 0.3591711223125458 396
1607666345158 0.3593937158584595 397
1607666345303 0.35920634865760803 398
1607666345436 0.35913416743278503 399
1607666345576 0.3585174083709717 400
1607666345706 0.3583722710609436 401
1607666345864 0.3584159016609192 402
1607666346018 0.3576282262802124 403
1607666346158 0.3577154576778412 404
1607666346307 0.3571367561817169 405
1607666346453 0.3576173484325409 406
1607666346591 0.35735517740249634 407
1607666346737 0.35740387439727783 408
1607666346879 0.35789158940315247 409
1607666347009 0.35815709829330444 410
1607666347159 0.35938653349876404 411
1607666347303 0.36077189445495605 412
1607666347439 0.3627437651157379 413
1607666347579 0.362485408782959 414
1607666347726 0.36263203620910645 415
1607666347861 0.36097657680511475 416
1607666347996 0.36110925674438477 417
1607666348130 0.3590027093887329 418
1607666348262 0.3578553795814514 419
1607666348398 0.35711392760276794 420
1607666348529 0.3566385805606842 421
1607666348663 0.3561226725578308 422
1607666348802 0.35651248693466187 423
1607666348936 0.35625556111335754 424
1607666349095 0.3569183945655823 425
1607666349231 0.3570989668369293 426
1607666349368 0.3575693964958191 427
1607666349498 0.3586099147796631 428
1607666349643 0.35897621512413025 429
1607666349797 0.3598516881465912 430
1607666349939 0.35969874262809753 431
1607666350074 0.35991600155830383 432
1607666350206 0.359271377325058 433
1607666350340 0.3590424358844757 434
1607666350494 0.3574560880661011 435
1607666350635 0.35711103677749634 436
1607666350770 0.3561498522758484 437
1607666350915 0.3563344180583954 438
1607666351046 0.3558403551578522 439
1607666351202 0.3562662899494171 440
1607666351348 0.35621073842048645 441
1607666351482 0.35675758123397827 442
1607666351613 0.35742175579071045 443
1607666351746 0.35775676369667053 444
1607666351896 0.357840895652771 445
1607666352040 0.3575804531574249 446
1607666352182 0.3577520549297333 447
1607666352321 0.35781699419021606 448
1607666352455 0.35765668749809265 449
1607666352612 0.35745474696159363 450
1607666352746 0.3580824136734009 451
1607666352881 0.35813969373703003 452
1607666353012 0.3588099777698517 453
1607666353148 0.3586120009422302 454
1607666353304 0.35849276185035706 455
1607666353452 0.3583516478538513 456
1607666353622 0.3577527701854706 457
1607666353771 0.3576441705226898 458
1607666353927 0.3568848669528961 459
1607666354081 0.3567138910293579 460
1607666354239 0.356192409992218 461
1607666354405 0.35640719532966614 462
1607666354568 0.35664239525794983 463
1607666354717 0.3566718101501465 464
1607666354870 0.3571304976940155 465
1607666355032 0.3572025001049042 466
1607666355168 0.35790449380874634 467
1607666355303 0.3578301668167114 468
1607666355440 0.3579031527042389 469
1607666355573 0.35752415657043457 470
1607666355707 0.35742464661598206 471
1607666355841 0.35716307163238525 472
1607666355978 0.3573950231075287 473
1607666356118 0.3570280373096466 474
1607666356248 0.35743221640586853 475
1607666356383 0.35717320442199707 476
1607666356522 0.35733380913734436 477
1607666356655 0.35726553201675415 478
1607666356787 0.3573167026042938 479
1607666356918 0.3572362959384918 480
1607666357051 0.35728225111961365 481
1607666357178 0.35737407207489014 482
1607666357316 0.35675516724586487 483
1607666357453 0.3569061756134033 484
1607666357589 0.3561945855617523 485
1607666357727 0.3561324179172516 486
1607666357864 0.35569384694099426 487
1607666357995 0.35523176193237305 488
1607666358133 0.35504528880119324 489
1607666358267 0.354962557554245 490
1607666358402 0.3550403118133545 491
1607666358550 0.35503047704696655 492
1607666358682 0.3551498353481293 493
1607666358815 0.35560962557792664 494
1607666358953 0.35630860924720764 495
1607666359088 0.35681378841400146 496
1607666359222 0.35737645626068115 497
1607666359360 0.357766330242157 498
1607666359496 0.3577611744403839 499
1607666359628 0.3580782115459442 500
1607666359766 0.3576735556125641 501
1607666359902 0.3579310476779938 502
1607666360039 0.35777437686920166 503
1607666360171 0.3574545383453369 504
1607666360308 0.3580173850059509 505
1607666360444 0.35755521059036255 506
1607666360578 0.3575672507286072 507
1607666360709 0.3565492033958435 508
1607666360840 0.35629165172576904 509
1607666360980 0.35568609833717346 510
1607666361118 0.3553973138332367 511
1607666361261 0.354784220457077 512
1607666361400 0.3547096252441406 513
1607666361545 0.3548429608345032 514
1607666361676 0.35509398579597473 515
1607666361807 0.35614919662475586 516
1607666361958 0.3562735915184021 517
1607666362102 0.35750579833984375 518
1607666362241 0.35775014758110046 519
1607666362373 0.3578077554702759 520
1607666362512 0.35760968923568726 521
1607666362658 0.3574030101299286 522
1607666362802 0.35655319690704346 523
1607666362940 0.3557095527648926 524
1607666363074 0.35489851236343384 525
1607666363218 0.35452574491500854 526
1607666363351 0.3541356921195984 527
1607666363487 0.35410863161087036 528
1607666363801 0.3538527190685272 529
1607666363940 0.35413193702697754 530
1607666364093 0.3544785678386688 531
1607666364229 0.3549623489379883 532
1607666364364 0.3555774986743927 533
1607666364504 0.35619691014289856 534
1607666364642 0.35627561807632446 535
1607666364798 0.3569430112838745 536
1607666364941 0.35603800415992737 537
1607666365075 0.35632193088531494 538
1607666365218 0.35595718026161194 539
1607666365349 0.35597455501556396 540
1607666365501 0.35614049434661865 541
1607666365646 0.3561619818210602 542
1607666365799 0.356472373008728 543
1607666365981 0.3576400578022003 544
1607666366130 0.35790178179740906 545
1607666366281 0.35692474246025085 546
1607666366432 0.3545890152454376 547
1607666366587 0.3540992736816406 548
1607666366748 0.3540181517601013 549
1607666366915 0.3538447320461273 550
1607666367062 0.3539166748523712 551
1607666367214 0.35444578528404236 552
1607666367357 0.3545171022415161 553
1607666367488 0.35526201128959656 554
1607666367626 0.35587364435195923 555
1607666367772 0.35611605644226074 556
1607666367904 0.35600510239601135 557
1607666368034 0.355913370847702 558
1607666368180 0.3560878038406372 559
1607666368305 0.3555496633052826 560
1607666368436 0.3548370897769928 561
1607666368572 0.35453540086746216 562
1607666368707 0.3542611002922058 563
1607666368840 0.3542916178703308 564
1607666368972 0.35428181290626526 565
1607666369105 0.35465964674949646 566
1607666369240 0.3553431034088135 567
1607666369370 0.3556317687034607 568
1607666369504 0.35630205273628235 569
1607666369643 0.3562389612197876 570
1607666369774 0.3566378057003021 571
1607666369921 0.3558231294155121 572
1607666370062 0.35578078031539917 573
1607666370192 0.35511016845703125 574
1607666370333 0.3549807667732239 575
1607666370468 0.35452619194984436 576
1607666370605 0.3547362685203552 577
1607666370744 0.3548465371131897 578
1607666370889 0.35494229197502136 579
1607666371023 0.3554908037185669 580
1607666371154 0.3552440404891968 581
1607666371289 0.35537460446357727 582
1607666371427 0.35487642884254456 583
1607666371560 0.35511741042137146 584
1607666371693 0.3547635078430176 585
1607666371839 0.35494476556777954 586
1607666371974 0.3542821705341339 587
1607666372117 0.3546522855758667 588
1607666372259 0.35445404052734375 589
1607666372415 0.3548477590084076 590
1607666372561 0.35543736815452576 591
1607666372711 0.3552784025669098 592
1607666372848 0.35579532384872437 593
1607666373000 0.3558093309402466 594
1607666373133 0.35610899329185486 595
1607666373262 0.355590283870697 596
1607666373404 0.3561374545097351 597
1607666373543 0.35524216294288635 598
1607666373696 0.35528334975242615 599
1607666373835 0.3544599115848541 600
1607666373967 0.35455000400543213 601
1607666374110 0.3540467321872711 602
1607666374244 0.35441911220550537 603
1607666374392 0.3540962040424347 604
1607666374532 0.3540472090244293 605
1607666374667 0.35403215885162354 606
1607666374804 0.3541078269481659 607
1607666374945 0.35457301139831543 608
1607666375111 0.35503166913986206 609
1607666375250 0.35499900579452515 610
1607666375386 0.3548828661441803 611
1607666375515 0.3545447587966919 612
1607666375646 0.35469210147857666 613
1607666375794 0.35438084602355957 614
1607666375942 0.35386812686920166 615
1607666376076 0.3534708321094513 616
1607666376210 0.3534146547317505 617
1607666376342 0.3533857464790344 618
1607666376490 0.35372254252433777 619
1607666376628 0.35418593883514404 620
1607666376759 0.35445255041122437 621
1607666376887 0.3552922010421753 622
1607666377018 0.35483235120773315 623
1607666377179 0.3557434678077698 624
1607666377314 0.3555595874786377 625
1607666377446 0.35534027218818665 626
1607666377579 0.3543332815170288 627
1607666377711 0.35413870215415955 628
1607666377864 0.35359644889831543 629
1607666378009 0.35363003611564636 630
1607666378163 0.3531894385814667 631
1607666378321 0.35330459475517273 632
1607666378485 0.3535417914390564 633
1607666378641 0.35353294014930725 634
1607666378795 0.35428452491760254 635
1607666378942 0.3539344370365143 636
1607666379131 0.35461241006851196 637
1607666379282 0.35429617762565613 638
1607666379473 0.35474640130996704 639
1607666379630 0.35507458448410034 640
1607666379772 0.3551548719406128 641
1607666379919 0.35514429211616516 642
1607666380055 0.35514888167381287 643
1607666380188 0.35492637753486633 644
1607666380324 0.35496416687965393 645
1607666380453 0.35435160994529724 646
1607666380585 0.3539089262485504 647
1607666380716 0.3537297546863556 648
1607666380851 0.35318878293037415 649
1607666380984 0.3530193567276001 650
1607666381124 0.35244250297546387 651
1607666381262 0.35233578085899353 652
1607666381406 0.3522430658340454 653
1607666381539 0.3522639870643616 654
1607666381678 0.35247811675071716 655
1607666381820 0.3531929850578308 656
1607666381954 0.3534412682056427 657
1607666382088 0.354373574256897 658
1607666382216 0.35532814264297485 659
1607666382369 0.3553166687488556 660
1607666382505 0.3558204472064972 661
1607666382639 0.35469892621040344 662
1607666382768 0.3556584417819977 663
1607666382907 0.35464543104171753 664
1607666383037 0.3544039726257324 665
1607666383186 0.35384705662727356 666
1607666383322 0.3541634976863861 667
1607666383453 0.3539409935474396 668
1607666383591 0.3534550070762634 669
1607666383725 0.3532046973705292 670
1607666383860 0.35325711965560913 671
1607666383991 0.3528949022293091 672
1607666384127 0.35292547941207886 673
1607666384254 0.3526918888092041 674
1607666384385 0.3529079258441925 675
1607666384519 0.35325518250465393 676
1607666384664 0.35349395871162415 677
1607666384800 0.35360395908355713 678
1607666384934 0.35407349467277527 679
1607666385067 0.3539782166481018 680
1607666385200 0.35411742329597473 681
1607666385336 0.3536875247955322 682
1607666385474 0.35348784923553467 683
1607666385614 0.3528726100921631 684
1607666385759 0.3528624176979065 685
1607666385918 0.3523874580860138 686
1607666386066 0.353073388338089 687
1607666386203 0.3531583845615387 688
1607666386334 0.35364586114883423 689
1607666386467 0.3541503846645355 690
1607666386618 0.35414764285087585 691
1607666386760 0.3546513617038727 692
1607666386893 0.3545464873313904 693
1607666387031 0.3539854884147644 694
1607666387160 0.35332372784614563 695
1607666387318 0.3527228832244873 696
1607666387458 0.35220929980278015 697
1607666387589 0.35166776180267334 698
1607666387718 0.3516216278076172 699
1607666387844 0.35152679681777954 700
1607666387998 0.3519860804080963 701
1607666388142 0.3520351052284241 702
1607666388275 0.3529335856437683 703
1607666388411 0.35253262519836426 704
1607666388548 0.3537260591983795 705
1607666388703 0.3534633219242096 706
1607666388842 0.3538186848163605 707
1607666388975 0.3534257709980011 708
1607666389105 0.35325244069099426 709
1607666389247 0.3533019423484802 710
1607666389400 0.3533365726470947 711
1607666389540 0.35310500860214233 712
1607666389690 0.35327351093292236 713
1607666389835 0.3531040549278259 714
1607666389972 0.3531326949596405 715
1607666390115 0.35334134101867676 716
1607666390249 0.35337555408477783 717
1607666390397 0.3537375330924988 718
1607666390565 0.35399433970451355 719
1607666390710 0.3543625473976135 720
1607666390866 0.3548605144023895 721
1607666391026 0.35478833317756653 722
1607666391181 0.3550492227077484 723
1607666391336 0.354552298784256 724
1607666391492 0.3540709912776947 725
1607666391648 0.35300859808921814 726
1607666391811 0.3530106246471405 727
1607666391964 0.351735919713974 728
1607666392104 0.35037025809288025 729
1607666392237 0.35023006796836853 730
1607666392381 0.3504660725593567 731
1607666392519 0.35076990723609924 732
1607666392660 0.35188907384872437 733
1607666392797 0.352521151304245 734
1607666392937 0.3540169596672058 735
1607666393083 0.35415273904800415 736
1607666393225 0.35496553778648376 737
1607666393362 0.35520488023757935 738
1607666393498 0.3546518087387085 739
1607666393635 0.3532295227050781 740
1607666393781 0.35268765687942505 741
1607666393919 0.35258257389068604 742
1607666394063 0.35213789343833923 743
1607666394205 0.35216328501701355 744
1607666394341 0.35216352343559265 745
1607666394475 0.3524482250213623 746
1607666394609 0.35237276554107666 747
1607666394746 0.3525463938713074 748
1607666394879 0.35213926434516907 749
1607666395016 0.3527795970439911 750
1607666395151 0.35248303413391113 751
1607666395289 0.3524673283100128 752
1607666395422 0.35219529271125793 753
1607666395552 0.3523869812488556 754
1607666395689 0.3529593348503113 755
1607666395825 0.35279491543769836 756
1607666395960 0.3528619706630707 757
1607666396099 0.3522895276546478 758
1607666396244 0.35213929414749146 759
1607666396385 0.3517164885997772 760
1607666396518 0.3514247238636017 761
1607666396649 0.35120531916618347 762
1607666396784 0.35106873512268066 763
1607666396920 0.3513261675834656 764
1607666397058 0.3513544499874115 765
1607666397200 0.3519291877746582 766
1607666397334 0.3520936071872711 767
1607666397475 0.3528880476951599 768
1607666397615 0.3530082702636719 769
1607666397746 0.3534926474094391 770
1607666397880 0.3540925979614258 771
1607666398015 0.3540418744087219 772
1607666398171 0.3544568419456482 773
1607666398318 0.35448914766311646 774
1607666398453 0.35393065214157104 775
1607666398593 0.35356569290161133 776
1607666398748 0.35226336121559143 777
1607666398909 0.3519732356071472 778
1607666399052 0.3511772155761719 779
1607666399192 0.3509955108165741 780
1607666399349 0.35053136944770813 781
1607666399487 0.3506591022014618 782
1607666399623 0.3507249653339386 783
1607666399755 0.35112008452415466 784
1607666399891 0.3516739308834076 785
1607666400054 0.35300636291503906 786
1607666400212 0.35369256138801575 787
1607666400356 0.35555464029312134 788
1607666400491 0.3546581268310547 789
1607666400624 0.35570192337036133 790
1607666400776 0.35493287444114685 791
1607666400917 0.35443320870399475 792
1607666401046 0.3524629473686218 793
1607666401179 0.35204824805259705 794
1607666401329 0.3509295582771301 795
1607666401468 0.3507417142391205 796
1607666401622 0.3502405881881714 797
1607666401766 0.3502975404262543 798
1607666401919 0.35071685910224915 799
1607666402068 0.35085782408714294 800
1607666402214 0.3517588973045349 801
1607666402348 0.35230255126953125 802
1607666402519 0.3527561128139496 803
1607666402695 0.35310542583465576 804
1607666402848 0.3530435264110565 805
1607666403001 0.35242265462875366 806
1607666403135 0.35210278630256653 807
1607666403292 0.3511962890625 808
1607666403446 0.35075080394744873 809
1607666403602 0.35009363293647766 810
1607666403756 0.3499780595302582 811
1607666403890 0.3498668968677521 812
1607666404042 0.3500981628894806 813
1607666404197 0.3506166934967041 814
1607666404359 0.351188063621521 815
1607666404499 0.3523886799812317 816
1607666404630 0.3526558578014374 817
1607666404768 0.35393720865249634 818
1607666404905 0.35419267416000366 819
1607666405043 0.35416504740715027 820
1607666405178 0.35308003425598145 821
1607666405318 0.3524809777736664 822
1607666405456 0.352053701877594 823
1607666405595 0.3517686724662781 824
1607666405738 0.35134071111679077 825
1607666405873 0.35163024067878723 826
1607666406000 0.3518022298812866 827
1607666406134 0.3520106077194214 828
1607666406267 0.3523877263069153 829
1607666406408 0.3524306118488312 830
1607666406557 0.35272106528282166 831
1607666406684 0.3520527780056 832
1607666406822 0.3521724343299866 833
1607666406955 0.35139328241348267 834
1607666407106 0.3511858880519867 835
1607666407259 0.350780725479126 836
1607666407395 0.3506649434566498 837
1607666407550 0.3506726622581482 838
1607666407698 0.35094133019447327 839
1607666407854 0.3507143259048462 840
1607666408011 0.35104432702064514 841
1607666408153 0.3509925603866577 842
1607666408293 0.35140877962112427 843
1607666408432 0.35128578543663025 844
1607666408581 0.35165274143218994 845
1607666408721 0.3512304127216339 846
1607666408862 0.3517034649848938 847
1607666408995 0.35134750604629517 848
1607666409152 0.35149946808815 849
1607666409299 0.3513570725917816 850
1607666409437 0.35157132148742676 851
1607666409580 0.3523006737232208 852
1607666409719 0.35289254784584045 853
1607666409852 0.3527214825153351 854
1607666409986 0.35223478078842163 855
1607666410120 0.35184845328330994 856
1607666410263 0.3513909578323364 857
1607666410404 0.35060998797416687 858
1607666410557 0.3498937785625458 859
1607666410701 0.3494173586368561 860
1607666410844 0.3492679297924042 861
1607666410976 0.3492458462715149 862
1607666411111 0.350145548582077 863
1607666411259 0.35048869252204895 864
1607666411396 0.35209351778030396 865
1607666411525 0.3530460000038147 866
1607666411670 0.3539193868637085 867
1607666411807 0.3555706739425659 868
1607666411960 0.3544168174266815 869
1607666412097 0.3538629710674286 870
1607666412230 0.352478563785553 871
1607666412365 0.3519339859485626 872
1607666412502 0.3507663607597351 873
1607666412656 0.3502790331840515 874
1607666412804 0.3499029278755188 875
1607666412967 0.3503270447254181 876
1607666413109 0.3505673110485077 877
1607666413249 0.3510854244232178 878
1607666413410 0.3515830338001251 879
1607666413576 0.3522201478481293 880
1607666413726 0.3531651496887207 881
1607666413859 0.3537622392177582 882
1607666414014 0.35343846678733826 883
1607666414180 0.35276180505752563 884
1607666414315 0.3529507517814636 885
1607666414443 0.3524791896343231 886
1607666414591 0.35238343477249146 887
1607666414771 0.3512880802154541 888
1607666414928 0.3512580394744873 889
1607666415079 0.35093265771865845 890
1607666415232 0.3507939577102661 891
1607666415425 0.3502037525177002 892
1607666415574 0.35048708319664 893
1607666415731 0.35060378909111023 894
1607666415886 0.3506885766983032 895
1607666416039 0.3508799374103546 896
1607666416207 0.3507486879825592 897
1607666416362 0.3512710928916931 898
1607666416521 0.35110267996788025 899
1607666416663 0.35163599252700806 900
1607666416794 0.3516821265220642 901
1607666416931 0.35209906101226807 902
1607666417069 0.352282851934433 903
1607666417205 0.3528369665145874 904
1607666417337 0.35275909304618835 905
1607666417473 0.3525862991809845 906
1607666417607 0.35230255126953125 907
1607666417741 0.3516840934753418 908
1607666417872 0.3522365093231201 909
1607666418010 0.35073426365852356 910
1607666418143 0.3495635688304901 911
1607666418275 0.3491271436214447 912
1607666418412 0.3492325246334076 913
1607666418552 0.34943246841430664 914
1607666418691 0.34943678975105286 915
1607666418829 0.34985288977622986 916
1607666418981 0.35016772150993347 917
1607666419121 0.35055580735206604 918
1607666419252 0.3510516881942749 919
1607666419391 0.35103467106819153 920
1607666419534 0.351819783449173 921
1607666419668 0.3517398536205292 922
1607666419805 0.3524855971336365 923
1607666419937 0.35250192880630493 924
1607666420070 0.35216620564460754 925
1607666420204 0.3523811995983124 926
1607666420342 0.3519216477870941 927
1607666420485 0.3513621985912323 928
1607666420639 0.35064321756362915 929
1607666420802 0.3501509726047516 930
1607666420953 0.34981223940849304 931
1607666421114 0.34982582926750183 932
1607666421267 0.3494758903980255 933
1607666421423 0.34994980692863464 934
1607666421584 0.3498988747596741 935
1607666421748 0.3505275547504425 936
1607666421897 0.35100120306015015 937
1607666422053 0.35121089220046997 938
1607666422208 0.35218197107315063 939
1607666422381 0.3521159887313843 940
1607666422530 0.35256239771842957 941
1607666422676 0.35174867510795593 942
1607666422813 0.3518696129322052 943
1607666422951 0.3509288430213928 944
1607666423085 0.3505748212337494 945
1607666423247 0.34969282150268555 946
1607666423389 0.34953609108924866 947
1607666423526 0.34903451800346375 948
1607666423661 0.3489837944507599 949
1607666423794 0.3487754464149475 950
1607666423928 0.3493901789188385 951
1607666424057 0.3492283523082733 952
1607666424188 0.3499215245246887 953
1607666424323 0.34994077682495117 954
1607666424454 0.35109972953796387 955
1607666424587 0.3513338565826416 956
1607666424718 0.3520902395248413 957
1607666424859 0.3524337112903595 958
1607666424998 0.3533591032028198 959
1607666425135 0.35292327404022217 960
1607666425269 0.352151483297348 961
1607666425422 0.3516504466533661 962
1607666425599 0.3507680892944336 963
1607666425756 0.34997856616973877 964
1607666425904 0.3489445149898529 965
1607666426059 0.3487496078014374 966
1607666426215 0.34828054904937744 967
1607666426374 0.3482474088668823 968
1607666426516 0.3485364317893982 969
1607666426659 0.34892910718917847 970
1607666426794 0.34993690252304077 971
1607666426942 0.3508988320827484 972
1607666427078 0.35189878940582275 973
1607666427211 0.35357868671417236 974
1607666427366 0.35408610105514526 975
1607666427519 0.35362866520881653 976
1607666427674 0.3524649739265442 977
1607666427814 0.3517587184906006 978
1607666427951 0.35117873549461365 979
1607666428112 0.35047388076782227 980
1607666428244 0.3492598831653595 981
1607666428385 0.3487302362918854 982
1607666428519 0.3484799265861511 983
1607666428657 0.34833666682243347 984
1607666428977 0.3482150733470917 985
1607666429113 0.3487829566001892 986
1607666429249 0.3490120768547058 987
1607666429376 0.35002538561820984 988
1607666429519 0.3504343330860138 989
1607666429659 0.3511127829551697 990
1607666429787 0.3524571359157562 991
1607666429920 0.3521469235420227 992
1607666430055 0.35213613510131836 993
1607666430182 0.35145077109336853 994
1607666430318 0.35178980231285095 995
1607666430460 0.35116347670555115 996
1607666430597 0.35088130831718445 997
1607666430745 0.35027754306793213 998
1607666430896 0.3500198423862457 999
