1607613719733 0.47414347529411316 0
1607613719951 0.4691241681575775 1
1607613720167 0.4569191336631775 2
1607613720383 0.4476723074913025 3
1607613720591 0.44230741262435913 4
1607613720806 0.43997448682785034 5
1607613721013 0.4388505518436432 6
1607613721225 0.43734976649284363 7
1607613721436 0.43612784147262573 8
1607613721653 0.4355756342411041 9
1607613721869 0.4358752369880676 10
1607613722086 0.43619534373283386 11
1607613722319 0.4359080195426941 12
1607613722553 0.43462616205215454 13
1607613722786 0.4340495765209198 14
1607613723011 0.4332924485206604 15
1607613723234 0.43352746963500977 16
1607613723446 0.4330374300479889 17
1607613723669 0.4313603639602661 18
1607613723894 0.42900586128234863 19
1607613724118 0.4277501404285431 20
1607613724333 0.42634525895118713 21
1607613724548 0.42531275749206543 22
1607613724769 0.4253609776496887 23
1607613724981 0.4249809682369232 24
1607613725194 0.42437174916267395 25
1607613725439 0.42339450120925903 26
1607613725667 0.42230838537216187 27
1607613725891 0.42128312587738037 28
1607613726131 0.42076754570007324 29
1607613726380 0.42089229822158813 30
1607613726613 0.42113372683525085 31
1607613726834 0.42057594656944275 32
1607613727066 0.4198807179927826 33
1607613727280 0.4178168475627899 34
1607613727501 0.41655346751213074 35
1607613727722 0.4160609841346741 36
1607613727933 0.41631031036376953 37
1607613728147 0.41650938987731934 38
1607613728375 0.41643694043159485 39
1607613728611 0.41602885723114014 40
1607613728821 0.4142857491970062 41
1607613729030 0.4125421345233917 42
1607613729246 0.41130849719047546 43
1607613729461 0.4104744493961334 44
1607613729677 0.4104219973087311 45
1607613729898 0.4100083112716675 46
1607613730124 0.40992647409439087 47
1607613730358 0.40880313515663147 48
1607613730584 0.407800555229187 49
1607613730797 0.40634945034980774 50
1607613731016 0.4054953455924988 51
1607613731250 0.40479764342308044 52
1607613731472 0.40463632345199585 53
1607613731692 0.40513134002685547 54
1607613731911 0.405351847410202 55
1607613732126 0.405239075422287 56
1607613732340 0.4040481746196747 57
1607613732558 0.4026798605918884 58
1607613732789 0.4019162654876709 59
1607613733009 0.4009963274002075 60
1607613733223 0.4012928009033203 61
1607613733440 0.40203744173049927 62
1607613733655 0.4019582271575928 63
1607613733882 0.40084245800971985 64
1607613734096 0.39855948090553284 65
1607613734310 0.3970186412334442 66
1607613734533 0.39517149329185486 67
1607613734748 0.394313782453537 68
1607613734962 0.3944881558418274 69
1607613735188 0.39444461464881897 70
1607613735423 0.394926518201828 71
1607613735641 0.3960077464580536 72
1607613735879 0.39508089423179626 73
1607613736106 0.3938281238079071 74
1607613736327 0.39277589321136475 75
1607613736578 0.39194658398628235 76
1607613736827 0.39131903648376465 77
1607613737051 0.39188534021377563 78
1607613737274 0.3918355405330658 79
1607613737495 0.39213111996650696 80
1607613737725 0.39225608110427856 81
1607613737949 0.39185836911201477 82
1607613738199 0.3907577097415924 83
1607613738434 0.3895650804042816 84
1607613738660 0.389294296503067 85
1607613738876 0.38949042558670044 86
1607613739114 0.38922619819641113 87
1607613739334 0.3878426253795624 88
1607613739544 0.38657841086387634 89
1607613739761 0.38541367650032043 90
1607613739975 0.38493621349334717 91
1607613740209 0.3847510814666748 92
1607613740464 0.3845262825489044 93
1607613740725 0.38437965512275696 94
1607613740955 0.385204941034317 95
1607613741213 0.38451310992240906 96
1607613741512 0.38504087924957275 97
1607613741747 0.38462135195732117 98
1607613741982 0.38513481616973877 99
1607613742252 0.3853004276752472 100
1607613742513 0.3853375017642975 101
1607613742739 0.38575199246406555 102
1607613742991 0.38427525758743286 103
1607613743217 0.3836234509944916 104
1607613743446 0.382783442735672 105
1607613743673 0.3829324543476105 106
1607613743890 0.3820882737636566 107
1607613744107 0.3814162313938141 108
1607613744324 0.38132667541503906 109
1607613744532 0.38061586022377014 110
1607613744740 0.3804025948047638 111
1607613744953 0.3798053562641144 112
1607613745162 0.3797622323036194 113
1607613745370 0.3795335590839386 114
1607613745583 0.3793012201786041 115
1607613745802 0.3798134922981262 116
1607613746018 0.3795655071735382 117
1607613746236 0.3801509737968445 118
1607613746447 0.3798469603061676 119
1607613746659 0.3802875578403473 120
1607613746883 0.3792724013328552 121
1607613747108 0.37934356927871704 122
1607613747321 0.37947189807891846 123
1607613747537 0.378732830286026 124
1607613747751 0.3784159719944 125
1607613747959 0.37826430797576904 126
1607613748173 0.37775036692619324 127
1607613748387 0.37758734822273254 128
1607613748620 0.3769761025905609 129
1607613748849 0.3769817352294922 130
1607613749193 0.3770265579223633 131
1607613749408 0.37676745653152466 132
1607613749617 0.3769724667072296 133
1607613749838 0.37631115317344666 134
1607613750056 0.37651363015174866 135
1607613750263 0.37580975890159607 136
1607613750470 0.375893771648407 137
1607613750682 0.37551093101501465 138
1607613750899 0.3755384087562561 139
1607613751116 0.3752457797527313 140
1607613751334 0.3755950629711151 141
1607613751545 0.3765619993209839 142
1607613751752 0.3759769797325134 143
1607613751961 0.37602412700653076 144
1607613752174 0.3752255141735077 145
1607613752382 0.3747479319572449 146
1607613752595 0.3741823434829712 147
1607613752828 0.37421712279319763 148
1607613753030 0.3741455674171448 149
1607613753236 0.37451171875 150
1607613753448 0.37445783615112305 151
1607613753651 0.37393006682395935 152
1607613753862 0.3745560944080353 153
1607613754063 0.3740305006504059 154
1607613754271 0.37421706318855286 155
1607613754478 0.3730778098106384 156
1607613754681 0.3727603554725647 157
1607613754887 0.3730211555957794 158
1607613755092 0.37329864501953125 159
1607613755296 0.37370577454566956 160
1607613755497 0.37330201268196106 161
1607613755700 0.37394773960113525 162
1607613755907 0.3727681040763855 163
1607613756111 0.3731106221675873 164
1607613756318 0.3718567192554474 165
1607613756521 0.3719641864299774 166
1607613756721 0.3716994524002075 167
1607613756928 0.37145259976387024 168
1607613757152 0.3718353807926178 169
1607613757364 0.3716652989387512 170
1607613757571 0.37208542227745056 171
1607613757771 0.371907114982605 172
1607613757998 0.3711314797401428 173
1607613758225 0.3715966045856476 174
1607613758456 0.3709751069545746 175
1607613758676 0.37162402272224426 176
1607613758890 0.37147414684295654 177
1607613759102 0.37158671021461487 178
1607613759316 0.37203460931777954 179
1607613759550 0.3727971613407135 180
1607613759874 0.37211933732032776 181
1607613760087 0.37257322669029236 182
1607613760322 0.3709489107131958 183
1607613760561 0.3709961771965027 184
1607613760780 0.3697700798511505 185
1607613760991 0.36985084414482117 186
1607613761193 0.369411826133728 187
1607613761395 0.3694620728492737 188
1607613761604 0.369814395904541 189
1607613761810 0.3707105219364166 190
1607613762018 0.37102189660072327 191
1607613762225 0.371144562959671 192
1607613762426 0.3707652688026428 193
1607613762623 0.36981266736984253 194
1607613762830 0.3697117567062378 195
1607613763043 0.36865073442459106 196
1607613763246 0.3688379228115082 197
1607613763452 0.36832231283187866 198
1607613763659 0.3684132993221283 199
1607613763864 0.36889663338661194 200
1607613764066 0.36883780360221863 201
1607613764273 0.36897170543670654 202
1607613764484 0.36845844984054565 203
1607613764690 0.36840322613716125 204
1607613764894 0.3680678904056549 205
1607613765092 0.36783960461616516 206
1607613765301 0.367638498544693 207
1607613765504 0.3674376904964447 208
1607613765713 0.36756059527397156 209
1607613765926 0.367693156003952 210
1607613766132 0.3675103485584259 211
1607613766342 0.36745938658714294 212
1607613766548 0.3674745559692383 213
1607613766752 0.3673563003540039 214
1607613766959 0.3675577938556671 215
1607613767178 0.3668648302555084 216
1607613767399 0.3672250211238861 217
1607613767603 0.36716318130493164 218
1607613767820 0.3673712909221649 219
1607613768033 0.36822476983070374 220
1607613768238 0.3682835102081299 221
1607613768444 0.3684416115283966 222
1607613768652 0.3689814507961273 223
1607613768854 0.36794036626815796 224
1607613769062 0.3691815733909607 225
1607613769277 0.368111789226532 226
1607613769483 0.36839666962623596 227
1607613769694 0.3675488531589508 228
1607613769908 0.36712831258773804 229
1607613770119 0.3667580485343933 230
1607613770325 0.36669009923934937 231
1607613770531 0.36633944511413574 232
1607613770735 0.3668634593486786 233
1607613770948 0.3668142259120941 234
1607613771154 0.3673943281173706 235
1607613771370 0.36767247319221497 236
1607613771575 0.3673509657382965 237
1607613771786 0.36755886673927307 238
1607613771999 0.3664937913417816 239
1607613772204 0.36621370911598206 240
1607613772407 0.3653242588043213 241
1607613772606 0.3653314411640167 242
1607613772815 0.3647887408733368 243
1607613773019 0.3650577664375305 244
1607613773222 0.36475470662117004 245
1607613773423 0.3656938672065735 246
1607613773625 0.3658139705657959 247
1607613773837 0.36678415536880493 248
1607613774037 0.36702731251716614 249
1607613774239 0.36742299795150757 250
1607613774443 0.3666437566280365 251
1607613774651 0.3668079078197479 252
1607613774862 0.36593392491340637 253
1607613775085 0.3661841154098511 254
1607613775297 0.3653288781642914 255
1607613775502 0.3658449649810791 256
1607613775709 0.3654080331325531 257
1607613775913 0.3655695617198944 258
1607613776132 0.3661075830459595 259
1607613776346 0.36594146490097046 260
1607613776581 0.36637189984321594 261
1607613776823 0.36592161655426025 262
1607613777061 0.36595532298088074 263
1607613777291 0.3654995262622833 264
1607613777520 0.3657565712928772 265
1607613777763 0.365732342004776 266
1607613778005 0.36578604578971863 267
1607613778229 0.3657256066799164 268
1607613778459 0.36530715227127075 269
1607613778692 0.36517632007598877 270
1607613778904 0.3647174835205078 271
1607613779110 0.3643580973148346 272
1607613779312 0.36381909251213074 273
1607613779516 0.3631957173347473 274
1607613779722 0.36302313208580017 275
1607613779923 0.3630506098270416 276
1607613780132 0.36353743076324463 277
1607613780335 0.3642883896827698 278
1607613780543 0.36453118920326233 279
1607613780751 0.36523088812828064 280
1607613780956 0.3652747571468353 281
1607613781161 0.3655080795288086 282
1607613781365 0.36440786719322205 283
1607613781567 0.36400270462036133 284
1607613781766 0.3628197908401489 285
1607613781969 0.36268535256385803 286
1607613782169 0.3620882034301758 287
1607613782381 0.3620922267436981 288
1607613782586 0.362167090177536 289
1607613782792 0.3628278970718384 290
1607613782997 0.3629659116268158 291
1607613783198 0.36407509446144104 292
1607613783403 0.3636673390865326 293
1607613783608 0.3641633689403534 294
1607613783808 0.3637760877609253 295
1607613784014 0.3640957474708557 296
1607613784224 0.3639277219772339 297
1607613784432 0.36467599868774414 298
1607613784641 0.3642292022705078 299
1607613784849 0.36437416076660156 300
1607613785056 0.3645869195461273 301
1607613785259 0.36412784457206726 302
1607613785458 0.36421525478363037 303
1607613785660 0.36334484815597534 304
1607613785871 0.3631855249404907 305
1607613786084 0.3626377582550049 306
1607613786292 0.3623340427875519 307
1607613786497 0.3621586859226227 308
1607613786701 0.36223816871643066 309
1607613786903 0.36287063360214233 310
1607613787109 0.36311307549476624 311
1607613787321 0.3635510504245758 312
1607613787524 0.3635480999946594 313
1607613787730 0.36339524388313293 314
1607613787943 0.3629891276359558 315
1607613788146 0.36271944642066956 316
1607613788352 0.3619860112667084 317
1607613788555 0.36192768812179565 318
1607613788761 0.3614627718925476 319
1607613788965 0.36189648509025574 320
1607613789172 0.3620065450668335 321
1607613789381 0.3622905910015106 322
1607613789583 0.36317703127861023 323
1607613789791 0.36295121908187866 324
1607613789998 0.36358702182769775 325
1607613790204 0.3632083237171173 326
1607613790407 0.36295416951179504 327
1607613790616 0.3625800311565399 328
1607613790829 0.3621409237384796 329
1607613791040 0.36201566457748413 330
1607613791251 0.36198610067367554 331
1607613791451 0.36304524540901184 332
1607613791662 0.3632955253124237 333
1607613791862 0.36389389634132385 334
1607613792067 0.3637101352214813 335
1607613792273 0.36357879638671875 336
1607613792477 0.3636244833469391 337
1607613792683 0.36291372776031494 338
1607613792907 0.362400621175766 339
1607613793117 0.36121994256973267 340
1607613793322 0.3608229458332062 341
1607613793537 0.36068201065063477 342
1607613793748 0.3608475923538208 343
1607613793968 0.36105185747146606 344
1607613794173 0.36169952154159546 345
1607613794378 0.3620437681674957 346
1607613794579 0.36311185359954834 347
1607613794801 0.3633720874786377 348
1607613795038 0.3632332384586334 349
1607613795271 0.36343446373939514 350
1607613795497 0.36188262701034546 351
1607613795731 0.36194077134132385 352
1607613795969 0.36095690727233887 353
1607613796192 0.3614460229873657 354
1607613796418 0.3607943654060364 355
1607613796630 0.3607088327407837 356
1607613796854 0.36060237884521484 357
1607613797127 0.3614223599433899 358
1607613797355 0.36127421259880066 359
1607613797570 0.36183762550354004 360
1607613797778 0.36209896206855774 361
1607613797986 0.36279594898223877 362
1607613798188 0.3630126714706421 363
1607613798391 0.3623082935810089 364
1607613798593 0.362328439950943 365
1607613798794 0.36189329624176025 366
1607613799000 0.3619256615638733 367
1607613799206 0.3610297441482544 368
1607613799420 0.36070719361305237 369
1607613799630 0.3605734705924988 370
1607613799838 0.3602879047393799 371
1607613800044 0.3599722981452942 372
1607613800245 0.3596717119216919 373
1607613800452 0.35988277196884155 374
1607613800655 0.3594539761543274 375
1607613800858 0.35944604873657227 376
1607613801062 0.359117716550827 377
1607613801276 0.359830379486084 378
1607613801482 0.3590996265411377 379
1607613801688 0.35935404896736145 380
1607613801897 0.359010249376297 381
1607613802101 0.35965341329574585 382
1607613802303 0.3594155013561249 383
1607613802507 0.3596392273902893 384
1607613802712 0.3600325882434845 385
1607613802917 0.36023253202438354 386
1607613803129 0.36083167791366577 387
1607613803335 0.36048072576522827 388
1607613803541 0.3612655997276306 389
1607613803744 0.36055880784988403 390
1607613803951 0.3608516752719879 391
1607613804153 0.35987401008605957 392
1607613804361 0.3601451516151428 393
1607613804563 0.3597816526889801 394
1607613804768 0.3597542345523834 395
1607613804975 0.3600424528121948 396
1607613805180 0.3607364892959595 397
1607613805387 0.36133500933647156 398
1607613805594 0.36179319024086 399
1607613805805 0.3618258833885193 400
1607613806013 0.36181551218032837 401
1607613806216 0.36122122406959534 402
1607613806421 0.3610873222351074 403
1607613806623 0.35976549983024597 404
1607613806835 0.3597600758075714 405
1607613807039 0.3587481379508972 406
1607613807245 0.35918909311294556 407
1607613807451 0.3590122163295746 408
1607613807654 0.35933226346969604 409
1607613807855 0.35989391803741455 410
1607613808058 0.3598375618457794 411
1607613808260 0.360039621591568 412
1607613808464 0.359591543674469 413
1607613808674 0.3593912124633789 414
1607613808874 0.3590447008609772 415
1607613809079 0.35847869515419006 416
1607613809289 0.3581138849258423 417
1607613809490 0.3576738238334656 418
1607613809695 0.3575747311115265 419
1607613809900 0.35756823420524597 420
1607613810101 0.3575706481933594 421
1607613810301 0.35767635703086853 422
1607613810535 0.3582242727279663 423
1607613810746 0.3583073616027832 424
1607613810953 0.35936546325683594 425
1607613811158 0.3598688542842865 426
1607613811364 0.3608536720275879 427
1607613811589 0.3615984618663788 428
1607613811803 0.3621426820755005 429
1607613812005 0.3622073531150818 430
1607613812204 0.36091333627700806 431
1607613812439 0.36082467436790466 432
1607613812650 0.3598867654800415 433
1607613812859 0.3597446382045746 434
1607613813069 0.35877785086631775 435
1607613813274 0.35837656259536743 436
1607613813493 0.35841742157936096 437
1607613813705 0.3583172857761383 438
1607613813937 0.35845503211021423 439
1607613814159 0.358946293592453 440
1607613814395 0.3592727780342102 441
1607613814630 0.3605839014053345 442
1607613814863 0.3604024648666382 443
1607613815087 0.36111515760421753 444
1607613815320 0.360149621963501 445
1607613815548 0.35953468084335327 446
1607613815775 0.358610063791275 447
1607613815983 0.3583616614341736 448
1607613816188 0.3579915761947632 449
1607613816400 0.358350545167923 450
1607613816611 0.35927173495292664 451
1607613816815 0.3602447211742401 452
1607613817022 0.3607710897922516 453
1607613817233 0.36122509837150574 454
1607613817439 0.3602001965045929 455
1607613817647 0.3599289357662201 456
1607613817852 0.35878443717956543 457
1607613818051 0.35817840695381165 458
1607613818263 0.35811108350753784 459
1607613818471 0.3581855297088623 460
1607613818673 0.3582843542098999 461
1607613818884 0.35911470651626587 462
1607613819093 0.35921710729599 463
1607613819298 0.3599880337715149 464
1607613819506 0.3606627881526947 465
1607613819711 0.3611482083797455 466
1607613819920 0.3605632483959198 467
1607613820129 0.35948970913887024 468
1607613820341 0.3586696684360504 469
1607613820550 0.35788342356681824 470
1607613820756 0.35711371898651123 471
1607613820964 0.35630306601524353 472
1607613821166 0.3561251163482666 473
1607613821369 0.35571175813674927 474
1607613821575 0.35577714443206787 475
1607613821778 0.3557206392288208 476
1607613821987 0.356099933385849 477
1607613822190 0.3563464879989624 478
1607613822393 0.3567710220813751 479
1607613822603 0.35713499784469604 480
1607613822808 0.35767143964767456 481
1607613823013 0.35798379778862 482
1607613823216 0.35859066247940063 483
1607613823423 0.35858502984046936 484
1607613823625 0.3589657247066498 485
1607613823840 0.35906967520713806 486
1607613824051 0.35901588201522827 487
1607613824259 0.35906216502189636 488
1607613824464 0.3583943843841553 489
1607613824666 0.35852712392807007 490
1607613824872 0.35748380422592163 491
1607613825077 0.35743245482444763 492
1607613825279 0.35694512724876404 493
1607613825479 0.35747119784355164 494
1607613825686 0.35747939348220825 495
1607613825891 0.3579410910606384 496
1607613826096 0.3578398823738098 497
1607613826300 0.3588678538799286 498
1607613826503 0.3586573898792267 499
1607613826709 0.3590090274810791 500
1607613826917 0.358325719833374 501
1607613827121 0.35790562629699707 502
1607613827324 0.3574032485485077 503
1607613827531 0.3571197986602783 504
1607613827736 0.3569760322570801 505
1607613827943 0.35703912377357483 506
1607613828168 0.35700279474258423 507
1607613828377 0.35701119899749756 508
1607613828579 0.3572311997413635 509
1607613828782 0.3576386868953705 510
1607613828986 0.3575105667114258 511
1607613829221 0.35738828778266907 512
1607613829438 0.3574095368385315 513
1607613829644 0.35730987787246704 514
1607613829852 0.3574524223804474 515
1607613830057 0.35737642645835876 516
1607613830284 0.35771405696868896 517
1607613830493 0.3577006161212921 518
1607613830696 0.3579009771347046 519
1607613830899 0.35807111859321594 520
1607613831103 0.35836702585220337 521
1607613831339 0.357928991317749 522
1607613831565 0.35788974165916443 523
1607613831796 0.35747456550598145 524
1607613832028 0.35744330286979675 525
1607613832253 0.35723021626472473 526
1607613832483 0.357233464717865 527
1607613832729 0.35701441764831543 528
1607613832949 0.35695162415504456 529
1607613833181 0.35686707496643066 530
1607613833408 0.3566516637802124 531
1607613833617 0.35654115676879883 532
1607613833833 0.3564396798610687 533
1607613834047 0.35613876581192017 534
1607613834258 0.35615184903144836 535
1607613834464 0.3557969033718109 536
1607613834666 0.3563157916069031 537
1607613834870 0.3559249937534332 538
1607613835075 0.35649657249450684 539
1607613835291 0.3564754128456116 540
1607613835494 0.3575747013092041 541
1607613835701 0.3577035963535309 542
1607613835914 0.35813871026039124 543
1607613836121 0.35783180594444275 544
1607613836325 0.35802674293518066 545
1607613836529 0.35726186633110046 546
1607613836743 0.35711434483528137 547
1607613836950 0.3569488823413849 548
1607613837165 0.3564285635948181 549
1607613837377 0.35713687539100647 550
1607613837585 0.3571903109550476 551
1607613837791 0.3578900098800659 552
1607613837996 0.35785502195358276 553
1607613838201 0.3579673171043396 554
1607613838404 0.35781583189964294 555
1607613838607 0.3580523133277893 556
1607613838818 0.35715922713279724 557
1607613839030 0.3571259677410126 558
1607613839237 0.35612940788269043 559
1607613839451 0.35601332783699036 560
1607613839658 0.3555578887462616 561
1607613839873 0.3552633821964264 562
1607613840080 0.35576489567756653 563
1607613840286 0.35547691583633423 564
1607613840497 0.3559608459472656 565
1607613840701 0.35584595799446106 566
1607613840911 0.3562607169151306 567
1607613841287 0.35650599002838135 568
1607613841500 0.35696738958358765 569
1607613841712 0.35672011971473694 570
1607613841920 0.35726720094680786 571
1607613842132 0.35675543546676636 572
1607613842357 0.35711216926574707 573
1607613842572 0.35627251863479614 574
1607613842784 0.3563847541809082 575
1607613843001 0.3555586040019989 576
1607613843213 0.3554946482181549 577
1607613843425 0.35483214259147644 578
1607613843634 0.3550177812576294 579
1607613843855 0.35501644015312195 580
1607613844072 0.3553474247455597 581
1607613844287 0.3556142747402191 582
1607613844508 0.35614100098609924 583
1607613844726 0.3563190698623657 584
1607613844940 0.3570336103439331 585
1607613845154 0.35725000500679016 586
1607613845369 0.3572896420955658 587
1607613845583 0.35674232244491577 588
1607613845803 0.3563876152038574 589
1607613846015 0.35632169246673584 590
1607613846229 0.35638919472694397 591
1607613846453 0.35679805278778076 592
1607613846666 0.3561175465583801 593
1607613846876 0.35621124505996704 594
1607613847088 0.3561805784702301 595
1607613847324 0.3561910390853882 596
1607613847536 0.35595929622650146 597
1607613847748 0.355621874332428 598
1607613847961 0.3556533455848694 599
1607613848179 0.355216920375824 600
1607613848413 0.35536545515060425 601
1607613848630 0.35480761528015137 602
1607613848841 0.3556481599807739 603
1607613849049 0.35499754548072815 604
1607613849289 0.3553902506828308 605
1607613849515 0.3550342619419098 606
1607613849743 0.35530969500541687 607
1607613849979 0.3551146686077118 608
1607613850207 0.3553920090198517 609
1607613850444 0.3553869426250458 610
1607613850670 0.35550081729888916 611
1607613850924 0.3555722236633301 612
1607613851192 0.3557126522064209 613
1607613851440 0.35543346405029297 614
1607613851661 0.35588571429252625 615
1607613851873 0.35569700598716736 616
1607613852089 0.3558419644832611 617
1607613852297 0.3557397127151489 618
1607613852507 0.35555145144462585 619
1607613852722 0.3559477627277374 620
1607613852941 0.3559449017047882 621
1607613853155 0.35614314675331116 622
1607613853368 0.3557266294956207 623
1607613853574 0.3558151125907898 624
1607613853789 0.35550227761268616 625
1607613854019 0.35550326108932495 626
1607613854231 0.35482698678970337 627
1607613854451 0.3549308776855469 628
1607613854661 0.35473325848579407 629
1607613854877 0.3549891412258148 630
1607613855090 0.3545222878456116 631
1607613855305 0.35467204451560974 632
1607613855518 0.3551052510738373 633
1607613855732 0.3554143011569977 634
1607613855961 0.3553263247013092 635
1607613856183 0.3559337556362152 636
1607613856408 0.3555375039577484 637
1607613856623 0.3561902642250061 638
1607613856832 0.35543039441108704 639
1607613857043 0.355606347322464 640
1607613857255 0.35574406385421753 641
1607613857464 0.3555988669395447 642
1607613857677 0.355596661567688 643
1607613857897 0.3554656207561493 644
1607613858114 0.35606279969215393 645
1607613858325 0.3556324243545532 646
1607613858538 0.35581210255622864 647
1607613858757 0.35547778010368347 648
1607613858968 0.35561054944992065 649
1607613859188 0.35528650879859924 650
1607613859405 0.3553027808666229 651
1607613859615 0.3549271523952484 652
1607613859837 0.3550117015838623 653
1607613860048 0.35512635111808777 654
1607613860259 0.3558947443962097 655
1607613860472 0.35599732398986816 656
1607613860687 0.3567708134651184 657
1607613860900 0.3564402163028717 658
1607613861113 0.3568430244922638 659
1607613861326 0.35655030608177185 660
1607613861535 0.35610273480415344 661
1607613861755 0.355511873960495 662
1607613861969 0.35502156615257263 663
1607613862188 0.35447004437446594 664
1607613862399 0.35457685589790344 665
1607613862602 0.3547138571739197 666
1607613862806 0.3548661172389984 667
1607613863012 0.35467636585235596 668
1607613863211 0.354731947183609 669
1607613863413 0.3546593189239502 670
1607613863624 0.3548765182495117 671
1607613863836 0.3544425368309021 672
1607613864036 0.3543008863925934 673
1607613864239 0.35416802763938904 674
1607613864463 0.3542574346065521 675
1607613864673 0.3541180193424225 676
1607613864879 0.35411229729652405 677
1607613865088 0.35404351353645325 678
1607613865296 0.3542526960372925 679
1607613865531 0.3541693687438965 680
1607613865754 0.3541466295719147 681
1607613865966 0.35419604182243347 682
1607613866182 0.35429254174232483 683
1607613866396 0.3538510501384735 684
1607613866632 0.35429227352142334 685
1607613866857 0.35375508666038513 686
1607613867071 0.35414382815361023 687
1607613867279 0.35377249121665955 688
1607613867497 0.3545331656932831 689
1607613867742 0.3543567657470703 690
1607613867994 0.3549790680408478 691
1607613868238 0.3549169600009918 692
1607613868465 0.3555901050567627 693
1607613868700 0.3555236756801605 694
1607613868921 0.35551178455352783 695
1607613869146 0.35535794496536255 696
1607613869372 0.3560868799686432 697
1607613869598 0.3553465008735657 698
1607613869807 0.3554810881614685 699
1607613870017 0.35423582792282104 700
1607613870221 0.3543362617492676 701
1607613870425 0.35340529680252075 702
1607613870632 0.3532244563102722 703
1607613870834 0.35318705439567566 704
1607613871038 0.35324814915657043 705
1607613871240 0.3537864089012146 706
1607613871444 0.3543441891670227 707
1607613871648 0.3550533056259155 708
1607613871852 0.35585641860961914 709
1607613872061 0.35604336857795715 710
1607613872276 0.35596945881843567 711
1607613872494 0.35574835538864136 712
1607613872713 0.3553389012813568 713
1607613872927 0.35497960448265076 714
1607613873142 0.3546001613140106 715
1607613873360 0.354341059923172 716
1607613873570 0.35446274280548096 717
1607613873772 0.3540832996368408 718
1607613873982 0.3545786142349243 719
1607613874197 0.354269415140152 720
1607613874408 0.3544060289859772 721
1607613874623 0.3540783226490021 722
1607613874836 0.35388460755348206 723
1607613875045 0.3537537157535553 724
1607613875265 0.35334834456443787 725
1607613875468 0.3536694645881653 726
1607613875676 0.35312092304229736 727
1607613875881 0.35341987013816833 728
1607613876087 0.353463351726532 729
1607613876295 0.3536306917667389 730
1607613876507 0.3545774817466736 731
1607613876710 0.3547160029411316 732
1607613876921 0.3551905155181885 733
1607613877130 0.3555799424648285 734
1607613877333 0.35585540533065796 735
1607613877535 0.3558308780193329 736
1607613877744 0.35543742775917053 737
1607613877949 0.35447800159454346 738
1607613878153 0.3542923331260681 739
1607613878366 0.3533824682235718 740
1607613878569 0.35320788621902466 741
1607613878775 0.35266438126564026 742
1607613878982 0.35259976983070374 743
1607613879194 0.3524100184440613 744
1607613879404 0.3526779115200043 745
1607613879609 0.35318633913993835 746
1607613879815 0.35320088267326355 747
1607613880019 0.35387977957725525 748
1607613880233 0.3537490665912628 749
1607613880437 0.35472896695137024 750
1607613880647 0.35436394810676575 751
1607613880864 0.35482633113861084 752
1607613881066 0.35431286692619324 753
1607613881267 0.354734867811203 754
1607613881472 0.3544996976852417 755
1607613881673 0.3544108271598816 756
1607613881878 0.35411736369132996 757
1607613882081 0.35405656695365906 758
1607613882304 0.3536055386066437 759
1607613882516 0.35316336154937744 760
1607613882722 0.35287967324256897 761
1607613882931 0.35290902853012085 762
1607613883144 0.35285693407058716 763
1607613883373 0.3528951406478882 764
1607613883582 0.35304850339889526 765
1607613883799 0.3533412218093872 766
1607613884009 0.35343697667121887 767
1607613884215 0.3536759316921234 768
1607613884432 0.3535177707672119 769
1607613884651 0.3536108136177063 770
1607613884866 0.3532009422779083 771
1607613885080 0.3530276417732239 772
1607613885288 0.3526974022388458 773
1607613885513 0.3527931272983551 774
1607613885738 0.35268428921699524 775
1607613885972 0.3527032732963562 776
1607613886200 0.3529205322265625 777
1607613886423 0.35329902172088623 778
1607613886641 0.35355842113494873 779
1607613886873 0.35395997762680054 780
1607613887112 0.354215145111084 781
1607613887346 0.3550857901573181 782
1607613887572 0.35492172837257385 783
1607613887788 0.3552802801132202 784
1607613887996 0.35456910729408264 785
1607613888202 0.35475337505340576 786
1607613888407 0.3538634777069092 787
1607613888626 0.3532084822654724 788
1607613888836 0.35303348302841187 789
1607613889045 0.3527584671974182 790
1607613889252 0.35301727056503296 791
1607613889461 0.35290342569351196 792
1607613889666 0.35347476601600647 793
1607613889870 0.35389453172683716 794
1607613890074 0.3545420467853546 795
1607613890283 0.35474565625190735 796
1607613890491 0.35477370023727417 797
1607613890703 0.3544963598251343 798
1607613890917 0.3541400730609894 799
1607613891121 0.35337743163108826 800
1607613891328 0.3531489968299866 801
1607613891534 0.3527233302593231 802
1607613891738 0.3527466356754303 803
1607613891944 0.3525804877281189 804
1607613892150 0.3523777425289154 805
1607613892360 0.3528554141521454 806
1607613892569 0.3530034124851227 807
1607613892777 0.3534229099750519 808
1607613892988 0.3536860942840576 809
1607613893198 0.3535882234573364 810
1607613893408 0.35358673334121704 811
1607613893610 0.35322558879852295 812
1607613893816 0.3531528413295746 813
1607613894021 0.35298454761505127 814
1607613894233 0.352750688791275 815
1607613894439 0.35244035720825195 816
1607613894646 0.3523077070713043 817
1607613894852 0.35255154967308044 818
1607613895057 0.3523542881011963 819
1607613895263 0.3526685833930969 820
1607613895469 0.3524789810180664 821
1607613895671 0.35294729471206665 822
1607613895878 0.3530128002166748 823
1607613896085 0.35326069593429565 824
1607613896290 0.3532646894454956 825
1607613896494 0.353406697511673 826
1607613896699 0.35310688614845276 827
1607613896904 0.3528863191604614 828
1607613897112 0.35261523723602295 829
1607613897327 0.3520563542842865 830
1607613897532 0.351941853761673 831
1607613897735 0.3513062298297882 832
1607613897946 0.35129886865615845 833
1607613898153 0.35094335675239563 834
1607613898359 0.35120803117752075 835
1607613898562 0.35135164856910706 836
1607613898765 0.35173171758651733 837
1607613898974 0.3523411154747009 838
1607613899176 0.3531414568424225 839
1607613899377 0.35368743538856506 840
1607613899587 0.3547450006008148 841
1607613899796 0.355729341506958 842
1607613900019 0.35555556416511536 843
1607613900238 0.35649192333221436 844
1607613900443 0.35433462262153625 845
1607613900663 0.3545447587966919 846
1607613900875 0.35256320238113403 847
1607613901080 0.352239191532135 848
1607613901287 0.3510739803314209 849
1607613901515 0.3509449362754822 850
1607613901730 0.35087019205093384 851
1607613901936 0.3509733974933624 852
1607613902144 0.3514012396335602 853
1607613902373 0.35162585973739624 854
1607613902592 0.352510541677475 855
1607613902799 0.3527902662754059 856
1607613903002 0.353245347738266 857
1607613903242 0.35301801562309265 858
1607613903466 0.35342299938201904 859
1607613903693 0.35308486223220825 860
1607613903920 0.35311388969421387 861
1607613904161 0.3529264032840729 862
1607613904399 0.35334765911102295 863
1607613904634 0.3536567687988281 864
1607613904892 0.3540496826171875 865
1607613905130 0.35418590903282166 866
1607613905365 0.3543468117713928 867
1607613905572 0.35484638810157776 868
1607613905783 0.35430359840393066 869
1607613905991 0.3543359339237213 870
1607613906196 0.3537342846393585 871
1607613906403 0.35327139496803284 872
1607613906612 0.3529323935508728 873
1607613906817 0.35280641913414 874
1607613907020 0.35271263122558594 875
1607613907226 0.3530992269515991 876
1607613907440 0.3526294529438019 877
1607613907655 0.35303980112075806 878
1607613907872 0.3526533246040344 879
1607613908077 0.35289910435676575 880
1607613908284 0.3522905707359314 881
1607613908487 0.3521488308906555 882
1607613908696 0.3518211245536804 883
1607613908909 0.35175392031669617 884
1607613909117 0.3516637086868286 885
1607613909341 0.3516068160533905 886
1607613909562 0.35188907384872437 887
1607613909771 0.3518800139427185 888
1607613909980 0.3523189127445221 889
1607613910187 0.3521278500556946 890
1607613910401 0.352620929479599 891
1607613910622 0.3521418869495392 892
1607613910844 0.35202911496162415 893
1607613911055 0.3515441119670868 894
1607613911263 0.35149824619293213 895
1607613911501 0.35130298137664795 896
1607613911711 0.35099828243255615 897
1607613911920 0.35085803270339966 898
1607613912133 0.3510381281375885 899
1607613912342 0.3511333167552948 900
1607613912546 0.35152772068977356 901
1607613912748 0.3517557382583618 902
1607613912952 0.3523290455341339 903
1607613913161 0.35277998447418213 904
1607613913374 0.3530443608760834 905
1607613913602 0.35334455966949463 906
1607613913826 0.35423359274864197 907
1607613914043 0.35441485047340393 908
1607613914258 0.3546583652496338 909
1607613914481 0.35395532846450806 910
1607613914695 0.3537532091140747 911
1607613914914 0.3530263900756836 912
1607613915137 0.3525978922843933 913
1607613915363 0.3520558774471283 914
1607613915585 0.35212263464927673 915
1607613915816 0.35169199109077454 916
1607613916044 0.3514605164527893 917
1607613916278 0.3514203131198883 918
1607613916511 0.35153287649154663 919
1607613916754 0.35146477818489075 920
1607613916990 0.3512839674949646 921
1607613917203 0.3514435589313507 922
1607613917440 0.3515837788581848 923
1607613917652 0.35180771350860596 924
1607613917876 0.35173696279525757 925
1607613918116 0.3515333831310272 926
1607613918332 0.3516601622104645 927
1607613918549 0.351480633020401 928
1607613918769 0.3513762354850769 929
1607613918975 0.35140982270240784 930
1607613919189 0.3512279689311981 931
1607613919456 0.3513437807559967 932
1607613919695 0.3513493537902832 933
1607613919909 0.35171207785606384 934
1607613920121 0.3521556556224823 935
1607613920329 0.3524182140827179 936
1607613920545 0.3530205488204956 937
1607613920757 0.35322096943855286 938
1607613920962 0.35354235768318176 939
1607613921170 0.35351452231407166 940
1607613921391 0.3537255525588989 941
1607613921604 0.3536413013935089 942
1607613921817 0.3538426458835602 943
1607613922024 0.3531564474105835 944
1607613922237 0.35291263461112976 945
1607613922449 0.3523827791213989 946
1607613922658 0.35213640332221985 947
1607613922877 0.35150301456451416 948
1607613923088 0.3514362573623657 949
1607613923306 0.35130447149276733 950
1607613923523 0.35106605291366577 951
1607613923738 0.3509708642959595 952
1607613923976 0.35075077414512634 953
1607613924206 0.3514818251132965 954
1607613924439 0.3515070676803589 955
1607613924664 0.3524330258369446 956
1607613924886 0.3522737920284271 957
1607613925102 0.3528210520744324 958
1607613925339 0.3533779978752136 959
1607613925559 0.353232204914093 960
1607613925774 0.3530656099319458 961
1607613926008 0.35262107849121094 962
1607613926245 0.35154470801353455 963
1607613926469 0.35158950090408325 964
1607613926686 0.35091328620910645 965
1607613926921 0.35086631774902344 966
1607613927187 0.3506087064743042 967
1607613927431 0.35055214166641235 968
1607613927662 0.3507770001888275 969
1607613927888 0.3515166938304901 970
1607613928100 0.35147911310195923 971
1607613928310 0.352139413356781 972
1607613928516 0.35218074917793274 973
1607613928730 0.3522750437259674 974
1607613928956 0.35243719816207886 975
1607613929181 0.351917028427124 976
1607613929430 0.35183122754096985 977
1607613929671 0.35112592577934265 978
1607613929903 0.3506479859352112 979
1607613930220 0.3501385450363159 980
1607613930459 0.34988147020339966 981
1607613930682 0.3495205044746399 982
1607613930924 0.3491881787776947 983
1607613931145 0.34911516308784485 984
1607613931363 0.34934085607528687 985
1607613931606 0.3496510982513428 986
1607613931840 0.35033807158470154 987
1607613932064 0.3505888283252716 988
1607613932302 0.3516770303249359 989
1607613932535 0.35225483775138855 990
1607613932769 0.3531021475791931 991
1607613933013 0.35311567783355713 992
1607613933229 0.3527940511703491 993
1607613933454 0.35245460271835327 994
1607613933697 0.35181525349617004 995
1607613933926 0.3511798679828644 996
1607613934147 0.35076838731765747 997
1607613934379 0.35040053725242615 998
1607613934592 0.35036638379096985 999
