1607667210285 0.4739919602870941 0
1607667210432 0.46464046835899353 1
1607667210570 0.4568370282649994 2
1607667210704 0.45244428515434265 3
1607667210840 0.4463132917881012 4
1607667210976 0.44233977794647217 5
1607667211117 0.44018879532814026 6
1607667211251 0.43896591663360596 7
1607667211381 0.4384903013706207 8
1607667211515 0.43806496262550354 9
1607667211657 0.4373914897441864 10
1607667211788 0.43532660603523254 11
1607667211924 0.43483397364616394 12
1607667212058 0.4347602128982544 13
1607667212191 0.43473052978515625 14
1607667212325 0.43345919251441956 15
1607667212456 0.4315122365951538 16
1607667212594 0.43070167303085327 17
1607667212728 0.43077728152275085 18
1607667212857 0.4309432804584503 19
1607667212989 0.43010127544403076 20
1607667213119 0.4286971986293793 21
1607667213249 0.4283347725868225 22
1607667213377 0.4282378554344177 23
1607667213504 0.4265114963054657 24
1607667213643 0.4250589609146118 25
1607667213771 0.42375144362449646 26
1607667213911 0.423427015542984 27
1607667214050 0.4227806627750397 28
1607667214181 0.4221213161945343 29
1607667214311 0.42133790254592896 30
1607667214444 0.4207164943218231 31
1607667214578 0.419853150844574 32
1607667214708 0.41922345757484436 33
1607667214840 0.41785264015197754 34
1607667214978 0.4167115092277527 35
1607667215119 0.41599971055984497 36
1607667215257 0.415544718503952 37
1607667215401 0.4157085418701172 38
1607667215533 0.41533347964286804 39
1607667215659 0.4141587018966675 40
1607667215789 0.41283419728279114 41
1607667215920 0.4116634130477905 42
1607667216070 0.4107895791530609 43
1607667216204 0.4102126657962799 44
1607667216339 0.40896376967430115 45
1607667216469 0.4082309603691101 46
1607667216605 0.40774449706077576 47
1607667216736 0.40683701634407043 48
1607667216866 0.40595269203186035 49
1607667217000 0.4051312804222107 50
1607667217133 0.404455304145813 51
1607667217264 0.40412652492523193 52
1607667217396 0.4031159579753876 53
1607667217552 0.40281251072883606 54
1607667217688 0.40239545702934265 55
1607667217821 0.40238460898399353 56
1607667217950 0.4021737575531006 57
1607667218079 0.40145400166511536 58
1607667218225 0.4009903073310852 59
1607667218372 0.4009924829006195 60
1607667218504 0.39942997694015503 61
1607667218640 0.3980447053909302 62
1607667218789 0.39645326137542725 63
1607667218934 0.3956785202026367 64
1607667219074 0.3952488303184509 65
1607667219217 0.3954694867134094 66
1607667219362 0.39725297689437866 67
1607667219497 0.39829862117767334 68
1607667219630 0.3974645435810089 69
1607667219765 0.3954271674156189 70
1607667219905 0.39474862813949585 71
1607667220050 0.39339953660964966 72
1607667220307 0.3923276662826538 73
1607667220447 0.39243507385253906 74
1607667220577 0.39250633120536804 75
1607667220714 0.3936874270439148 76
1607667220851 0.39374402165412903 77
1607667220988 0.3921603858470917 78
1607667221118 0.39001554250717163 79
1607667221249 0.3882347643375397 80
1607667221388 0.38732296228408813 81
1607667221526 0.38695475459098816 82
1607667221660 0.3869314193725586 83
1607667221789 0.38705548644065857 84
1607667221922 0.38823622465133667 85
1607667222054 0.38856860995292664 86
1607667222190 0.38845503330230713 87
1607667222331 0.3880085349082947 88
1607667222469 0.3874276578426361 89
1607667222601 0.3867666721343994 90
1607667222737 0.38631582260131836 91
1607667222887 0.38521918654441833 92
1607667223033 0.38418763875961304 93
1607667223176 0.3832698464393616 94
1607667223333 0.38278356194496155 95
1607667223479 0.38212457299232483 96
1607667223641 0.3818509578704834 97
1607667223800 0.3818760812282562 98
1607667223955 0.3833456337451935 99
1607667224110 0.3844185769557953 100
1607667224269 0.3852546215057373 101
1607667224431 0.38402071595191956 102
1607667224619 0.38279351592063904 103
1607667224770 0.38173267245292664 104
1607667224916 0.3818102478981018 105
1607667225049 0.38192182779312134 106
1607667225192 0.380982905626297 107
1607667225339 0.38122522830963135 108
1607667225485 0.38042715191841125 109
1607667225626 0.38096606731414795 110
1607667225767 0.3807450830936432 111
1607667225908 0.38034072518348694 112
1607667226043 0.37961244583129883 113
1607667226185 0.3791639506816864 114
1607667226315 0.37774306535720825 115
1607667226465 0.37718966603279114 116
1607667226604 0.37631383538246155 117
1607667226756 0.3763684630393982 118
1607667226906 0.377006471157074 119
1607667227043 0.3769766390323639 120
1607667227179 0.37795591354370117 121
1607667227314 0.37821415066719055 122
1607667227457 0.37898528575897217 123
1607667227594 0.37801215052604675 124
1607667227727 0.377843976020813 125
1607667227857 0.3765178322792053 126
1607667227992 0.3761492669582367 127
1607667228123 0.37608417868614197 128
1607667228262 0.3755703866481781 129
1607667228390 0.3757326006889343 130
1607667228521 0.37571775913238525 131
1607667228657 0.3761049509048462 132
1607667228796 0.37533873319625854 133
1607667228936 0.37526312470436096 134
1607667229077 0.37480178475379944 135
1607667229217 0.3751535415649414 136
1607667229352 0.374494343996048 137
1607667229483 0.3744147717952728 138
1607667229617 0.3742753565311432 139
1607667229748 0.3740042746067047 140
1607667229895 0.3731618821620941 141
1607667230043 0.3733537793159485 142
1607667230176 0.37318921089172363 143
1607667230305 0.3739348351955414 144
1607667230443 0.3735807240009308 145
1607667230594 0.37370097637176514 146
1607667230737 0.37339988350868225 147
1607667230867 0.3734966218471527 148
1607667230996 0.3737387955188751 149
1607667231131 0.37318503856658936 150
1607667231283 0.37289875745773315 151
1607667231433 0.3729135990142822 152
1607667231573 0.37289658188819885 153
1607667231706 0.3729513883590698 154
1607667231861 0.3731304109096527 155
1607667232003 0.37362685799598694 156
1607667232132 0.37381455302238464 157
1607667232271 0.3734816312789917 158
1607667232416 0.37313657999038696 159
1607667232565 0.37319353222846985 160
1607667232707 0.37292373180389404 161
1607667232857 0.3721766471862793 162
1607667232992 0.3710208833217621 163
1607667233132 0.37063783407211304 164
1607667233282 0.37022116780281067 165
1607667233426 0.37021899223327637 166
1607667233560 0.37017685174942017 167
1607667233699 0.3702548146247864 168
1607667233835 0.37006744742393494 169
1607667233988 0.3699980080127716 170
1607667234127 0.3699200749397278 171
1607667234264 0.3697831630706787 172
1607667234394 0.3693053722381592 173
1607667234536 0.369054913520813 174
1607667234691 0.36932653188705444 175
1607667234825 0.369383305311203 176
1607667234977 0.36967790126800537 177
1607667235109 0.37029892206192017 178
1607667235244 0.3711579442024231 179
1607667235396 0.37189000844955444 180
1607667235572 0.37248027324676514 181
1607667235727 0.3707024157047272 182
1607667235895 0.3686487376689911 183
1607667236043 0.3680884838104248 184
1607667236198 0.36825284361839294 185
1607667236383 0.3685978949069977 186
1607667236540 0.3687621057033539 187
1607667236699 0.36932218074798584 188
1607667236856 0.36997249722480774 189
1607667237014 0.3702293038368225 190
1607667237152 0.3704882860183716 191
1607667237284 0.37000182271003723 192
1607667237416 0.36914515495300293 193
1607667237547 0.3686736822128296 194
1607667237686 0.3683537542819977 195
1607667237827 0.36861273646354675 196
1607667237958 0.3684210479259491 197
1607667238096 0.3679875433444977 198
1607667238230 0.3680170476436615 199
1607667238370 0.3679076135158539 200
1607667238514 0.3674359917640686 201
1607667238652 0.3676466643810272 202
1607667238787 0.36798539757728577 203
1607667238930 0.3677685558795929 204
1607667239063 0.3678065240383148 205
1607667239195 0.3680126965045929 206
1607667239338 0.3683665990829468 207
1607667239490 0.36856627464294434 208
1607667239632 0.36742132902145386 209
1607667239765 0.36688023805618286 210
1607667239902 0.3664194643497467 211
1607667240036 0.3658866882324219 212
1607667240174 0.3660047650337219 213
1607667240312 0.3658761978149414 214
1607667240450 0.3664131164550781 215
1607667240585 0.366838276386261 216
1607667240719 0.3674907684326172 217
1607667240856 0.3674592971801758 218
1607667240991 0.36808648705482483 219
1607667241126 0.3675287663936615 220
1607667241260 0.3674717843532562 221
1607667241402 0.36643826961517334 222
1607667241538 0.36569100618362427 223
1607667241673 0.36523833870887756 224
1607667241805 0.36538177728652954 225
1607667241937 0.36510559916496277 226
1607667242077 0.36599013209342957 227
1607667242211 0.36660248041152954 228
1607667242343 0.36671820282936096 229
1607667242473 0.36721932888031006 230
1607667242615 0.36720865964889526 231
1607667242746 0.36714789271354675 232
1607667242880 0.3665729761123657 233
1607667243030 0.36572265625 234
1607667243166 0.3656385540962219 235
1607667243295 0.3653416037559509 236
1607667243427 0.36476054787635803 237
1607667243557 0.36457139253616333 238
1607667243697 0.3644806146621704 239
1607667243846 0.36480090022087097 240
1607667243979 0.36532679200172424 241
1607667244113 0.3652385473251343 242
1607667244247 0.36585739254951477 243
1607667244395 0.36597946286201477 244
1607667244537 0.36686596274375916 245
1607667244669 0.3667728304862976 246
1607667244805 0.36681750416755676 247
1607667244937 0.36617711186408997 248
1607667245092 0.36645960807800293 249
1607667245236 0.3664592504501343 250
1607667245369 0.3661709725856781 251
1607667245504 0.3655962347984314 252
1607667245643 0.3662301003932953 253
1607667245797 0.36571812629699707 254
1607667245935 0.36616265773773193 255
1607667246068 0.3651878833770752 256
1607667246202 0.3651859164237976 257
1607667246349 0.36438384652137756 258
1607667246499 0.3637082278728485 259
1607667246642 0.3631061911582947 260
1607667246781 0.36324506998062134 261
1607667246911 0.36254411935806274 262
1607667247056 0.3624137341976166 263
1607667247194 0.3620263636112213 264
1607667247331 0.362443208694458 265
1607667247464 0.3622495234012604 266
1607667247618 0.3623274862766266 267
1607667247786 0.3627253472805023 268
1607667247938 0.3634452819824219 269
1607667248092 0.36427247524261475 270
1607667248230 0.36448928713798523 271
1607667248384 0.36496490240097046 272
1607667248536 0.3654513955116272 273
1607667248690 0.36591634154319763 274
1607667248835 0.3654765188694 275
1607667248992 0.36495640873908997 276
1607667249149 0.3642829358577728 277
1607667249316 0.3639145791530609 278
1607667249458 0.3639693558216095 279
1607667249595 0.36323875188827515 280
1607667249732 0.36324742436408997 281
1607667249871 0.3628135919570923 282
1607667249999 0.3629570007324219 283
1607667250135 0.36295464634895325 284
1607667250276 0.36291050910949707 285
1607667250412 0.3626810312271118 286
1607667250545 0.362618088722229 287
1607667250674 0.362864226102829 288
1607667250809 0.36255261301994324 289
1607667250942 0.36247268319129944 290
1607667251070 0.3625886142253876 291
1607667251198 0.3628557324409485 292
1607667251328 0.36333370208740234 293
1607667251467 0.36295047402381897 294
1607667251607 0.36322644352912903 295
1607667251736 0.3627378046512604 296
1607667251870 0.3628264367580414 297
1607667252007 0.3620791733264923 298
1607667252142 0.3618791699409485 299
1607667252274 0.3618854880332947 300
1607667252405 0.36210232973098755 301
1607667252536 0.36230015754699707 302
1607667252677 0.3628792464733124 303
1607667252810 0.36378833651542664 304
1607667252945 0.3644578158855438 305
1607667253081 0.36420300602912903 306
1607667253214 0.3636051416397095 307
1607667253343 0.3634917438030243 308
1607667253470 0.36247268319129944 309
1607667253598 0.3618370294570923 310
1607667253730 0.3609067499637604 311
1607667253868 0.360475093126297 312
1607667254005 0.36039116978645325 313
1607667254137 0.3600309193134308 314
1607667254271 0.36026474833488464 315
1607667254401 0.36047109961509705 316
1607667254530 0.36042463779449463 317
1607667254659 0.361155241727829 318
1607667254786 0.36157190799713135 319
1607667254914 0.3619298040866852 320
1607667255059 0.36230865120887756 321
1607667255208 0.36215928196907043 322
1607667255346 0.36194029450416565 323
1607667255480 0.3618457019329071 324
1607667255612 0.3613297641277313 325
1607667255740 0.36137840151786804 326
1607667255889 0.3605973422527313 327
1607667256023 0.36104148626327515 328
1607667256154 0.36101219058036804 329
1607667256293 0.36112141609191895 330
1607667256429 0.36141419410705566 331
1607667256575 0.36194461584091187 332
1607667256710 0.3620940148830414 333
1607667256840 0.3622623682022095 334
1607667256972 0.36166051030158997 335
1607667257102 0.36128363013267517 336
1607667257251 0.361275315284729 337
1607667257388 0.3605636954307556 338
1607667257524 0.36015334725379944 339
1607667257661 0.36018916964530945 340
1607667257796 0.35985657572746277 341
1607667257952 0.36022695899009705 342
1607667258089 0.3603830337524414 343
1607667258222 0.3605005741119385 344
1607667258352 0.36094292998313904 345
1607667258479 0.36059334874153137 346
1607667258627 0.3608733117580414 347
1607667258764 0.3609597384929657 348
1607667258901 0.3608584702014923 349
1607667259040 0.3605492115020752 350
1607667259181 0.36088380217552185 351
1607667259404 0.3605280816555023 352
1607667259540 0.36093857884407043 353
1607667259700 0.36117640137672424 354
1607667259845 0.3605427145957947 355
1607667260000 0.36049026250839233 356
1607667260154 0.35986074805259705 357
1607667260322 0.36010506749153137 358
1607667260478 0.359915554523468 359
1607667260635 0.3596019744873047 360
1607667260779 0.35970088839530945 361
1607667260933 0.35978931188583374 362
1607667261170 0.3599851727485657 363
1607667261318 0.3599697947502136 364
1607667261470 0.35847151279449463 365
1607667261612 0.35821884870529175 366
1607667261760 0.3587368130683899 367
1607667261895 0.3593473434448242 368
1607667262030 0.3601996600627899 369
1607667262163 0.3617493212223053 370
1607667262295 0.3621697723865509 371
1607667262432 0.3625386953353882 372
1607667262561 0.3624224066734314 373
1607667262690 0.3620670437812805 374
1607667262825 0.36121001839637756 375
1607667262959 0.3601808547973633 376
1607667263089 0.3597620129585266 377
1607667263228 0.35945674777030945 378
1607667263367 0.35938096046447754 379
1607667263503 0.3594335913658142 380
1607667263636 0.35925671458244324 381
1607667263770 0.35971155762672424 382
1607667263894 0.3595576584339142 383
1607667264034 0.35996201634407043 384
1607667264163 0.3601009249687195 385
1607667264297 0.36052390933036804 386
1607667264434 0.36042100191116333 387
1607667264565 0.3600144684314728 388
1607667264695 0.3602757751941681 389
1607667264834 0.3596399426460266 390
1607667264976 0.3593578338623047 391
1607667265123 0.3586423993110657 392
1607667265279 0.3584042191505432 393
1607667265440 0.3581940829753876 394
1607667265579 0.3578949570655823 395
1607667265721 0.35824453830718994 396
1607667265866 0.35839608311653137 397
1607667266016 0.3594842255115509 398
1607667266173 0.35988426208496094 399
1607667266314 0.36040183901786804 400
1607667266446 0.36049896478652954 401
1607667266592 0.36072826385498047 402
1607667266731 0.36047977209091187 403
1607667266862 0.36016836762428284 404
1607667266994 0.35942092537879944 405
1607667267132 0.3590802252292633 406
1607667267265 0.35814327001571655 407
1607667267401 0.35812029242515564 408
1607667267541 0.3571750223636627 409
1607667267683 0.3573983609676361 410
1607667267825 0.3572256565093994 411
1607667267966 0.3573499023914337 412
1607667268105 0.3574088513851166 413
1607667268256 0.35800257325172424 414
1607667268403 0.3581644296646118 415
1607667268534 0.3590024709701538 416
1607667268668 0.3588716983795166 417
1607667268798 0.35955187678337097 418
1607667268945 0.35925906896591187 419
1607667269087 0.3593306839466095 420
1607667269226 0.3591959774494171 421
1607667269360 0.3585812747478485 422
1607667269493 0.35836029052734375 423
1607667269644 0.3579457700252533 424
1607667269791 0.3579643964767456 425
1607667269933 0.3574616611003876 426
1607667270069 0.3571835160255432 427
1607667270211 0.3570554852485657 428
1607667270372 0.3570636212825775 429
1607667270512 0.35701751708984375 430
1607667270649 0.35688692331314087 431
1607667270793 0.3572406768798828 432
1607667270936 0.3571184277534485 433
1607667271102 0.35738587379455566 434
1607667271259 0.3574448525905609 435
1607667271394 0.3578108847141266 436
1607667271526 0.3588089644908905 437
1607667271685 0.3592485785484314 438
1607667271872 0.36009079217910767 439
1607667272032 0.3602379858493805 440
1607667272176 0.3604085147380829 441
1607667272332 0.36038538813591003 442
1607667272514 0.3594106137752533 443
1607667272665 0.3585689663887024 444
1607667272822 0.3576551675796509 445
1607667272972 0.35722169280052185 446
1607667273126 0.3566364645957947 447
1607667273282 0.3568428158760071 448
1607667273447 0.3572806417942047 449
1607667273590 0.35779622197151184 450
1607667273735 0.3585056662559509 451
1607667273878 0.35922977328300476 452
1607667274022 0.3602759838104248 453
1607667274157 0.36078324913978577 454
1607667274292 0.3599430322647095 455
1607667274439 0.3587961196899414 456
1607667274584 0.35767415165901184 457
1607667274725 0.35734376311302185 458
1607667274864 0.3570869565010071 459
1607667274991 0.3567373752593994 460
1607667275125 0.35661134123802185 461
1607667275259 0.3566679358482361 462
1607667275394 0.3570471704006195 463
1607667275524 0.35713306069374084 464
1607667275666 0.3573249280452728 465
1607667275801 0.357194185256958 466
1607667275936 0.35772496461868286 467
1607667276068 0.35733523964881897 468
1607667276204 0.3574869930744171 469
1607667276344 0.35697755217552185 470
1607667276477 0.35729745030403137 471
1607667276607 0.3573839068412781 472
1607667276741 0.35684263706207275 473
1607667276880 0.35715875029563904 474
1607667277013 0.3565921485424042 475
1607667277159 0.3570449948310852 476
1607667277308 0.3569670617580414 477
1607667277441 0.3571142554283142 478
1607667277574 0.35733145475387573 479
1607667277715 0.35759204626083374 480
1607667277850 0.35816696286201477 481
1607667277993 0.3586847186088562 482
1607667278131 0.35883209109306335 483
1607667278264 0.35890987515449524 484
1607667278406 0.3584892153739929 485
1607667278547 0.35803619027137756 486
1607667278682 0.358137845993042 487
1607667278819 0.357615202665329 488
1607667278952 0.3571862280368805 489
1607667279086 0.35665327310562134 490
1607667279215 0.35691478848457336 491
1607667279357 0.3568722903728485 492
1607667279497 0.3568851351737976 493
1607667279630 0.35652288794517517 494
1607667279765 0.3565673828125 495
1607667279921 0.35624927282333374 496
1607667280062 0.35600948333740234 497
1607667280197 0.355784147977829 498
1607667280328 0.3554559051990509 499
1607667280462 0.35526639223098755 500
1607667280620 0.35502442717552185 501
1607667280764 0.35505586862564087 502
1607667280896 0.35552769899368286 503
1607667281037 0.3556599020957947 504
1607667281170 0.3565444052219391 505
1607667281320 0.35662832856178284 506
1607667281461 0.3570999801158905 507
1607667281594 0.3576282262802124 508
1607667281729 0.35719454288482666 509
1607667281870 0.3568873107433319 510
1607667282026 0.35633590817451477 511
1607667282173 0.35654205083847046 512
1607667282313 0.35592955350875854 513
1607667282448 0.3557085394859314 514
1607667282590 0.35590657591819763 515
1607667282743 0.3564304709434509 516
1607667282891 0.35724952816963196 517
1607667283024 0.35675671696662903 518
1607667283164 0.3574831783771515 519
1607667283300 0.3575631082057953 520
1607667283451 0.35802191495895386 521
1607667283592 0.35765352845191956 522
1607667283728 0.35724085569381714 523
1607667283869 0.3567652404308319 524
1607667284004 0.35655906796455383 525
1607667284158 0.3560241162776947 526
1607667284303 0.3557865023612976 527
1607667284470 0.3558600842952728 528
1607667284811 0.3553737998008728 529
1607667284963 0.3555465042591095 530
1607667285117 0.35534214973449707 531
1607667285264 0.355712890625 532
1607667285434 0.3560704290866852 533
1607667285590 0.35678204894065857 534
1607667285744 0.3565189242362976 535
1607667285914 0.3571019470691681 536
1607667286066 0.3569527566432953 537
1607667286202 0.3572576642036438 538
1607667286338 0.35695692896842957 539
1607667286474 0.3571314513683319 540
1607667286604 0.35716742277145386 541
1607667286740 0.3575945794582367 542
1607667286876 0.3576325476169586 543
1607667287011 0.3573967516422272 544
1607667287154 0.3572748601436615 545
1607667287289 0.3566237986087799 546
1607667287426 0.35474881529808044 547
1607667287558 0.3543529510498047 548
1607667287694 0.35413411259651184 549
1607667287825 0.3542182147502899 550
1607667287963 0.354231059551239 551
1607667288110 0.3544835150241852 552
1607667288251 0.35534054040908813 553
1607667288390 0.3553295135498047 554
1607667288527 0.3558456301689148 555
1607667288657 0.35523492097854614 556
1607667288787 0.35566678643226624 557
1607667288920 0.3550896942615509 558
1607667289054 0.35516980290412903 559
1607667289184 0.35450881719589233 560
1607667289323 0.35441839694976807 561
1607667289457 0.354231059551239 562
1607667289586 0.35466253757476807 563
1607667289716 0.354719340801239 564
1607667289848 0.35505425930023193 565
1607667289980 0.3553908169269562 566
1607667290113 0.3562310039997101 567
1607667290244 0.35609376430511475 568
1607667290373 0.3563888967037201 569
1607667290505 0.3558600842952728 570
1607667290646 0.3556731045246124 571
1607667290782 0.3550603985786438 572
1607667290914 0.35516783595085144 573
1607667291047 0.35488787293434143 574
1607667291181 0.35519731044769287 575
1607667291313 0.3553132116794586 576
1607667291444 0.3555172085762024 577
1607667291576 0.35562047362327576 578
1607667291715 0.3553866446018219 579
1607667291848 0.35542047023773193 580
1607667291984 0.35511085391044617 581
1607667292127 0.35483109951019287 582
1607667292271 0.35458874702453613 583
1607667292401 0.35472384095191956 584
1607667292528 0.35467085242271423 585
1607667292654 0.3548732399940491 586
1607667292811 0.35492566227912903 587
1607667292955 0.3556373119354248 588
1607667293094 0.3558393120765686 589
1607667293220 0.35590457916259766 590
1607667293350 0.3556206524372101 591
1607667293506 0.3556349575519562 592
1607667293643 0.35522064566612244 593
1607667293776 0.35466253757476807 594
1607667293908 0.35469022393226624 595
1607667294043 0.3546627163887024 596
1607667294204 0.3546878695487976 597
1607667294341 0.35486292839050293 598
1607667294470 0.3548477292060852 599
1607667294603 0.355869323015213 600
1607667294737 0.3559507131576538 601
1607667294887 0.3560121953487396 602
1607667295023 0.3556351363658905 603
1607667295159 0.3554689288139343 604
1607667295301 0.35534271597862244 605
1607667295436 0.3550540804862976 606
1607667295591 0.3548648953437805 607
1607667295729 0.35471317172050476 608
1607667295868 0.35496383905410767 609
1607667296004 0.35516566038131714 610
1607667296139 0.3550417721271515 611
1607667296295 0.35511520504951477 612
1607667296441 0.3555785119533539 613
1607667296596 0.35562047362327576 614
1607667296757 0.35545212030410767 615
1607667296920 0.35522714257240295 616
1607667297075 0.3553130328655243 617
1607667297229 0.35531142354011536 618
1607667297382 0.35471317172050476 619
1607667297555 0.35494086146354675 620
1607667297703 0.35451966524124146 621
1607667297859 0.3548712432384491 622
1607667298014 0.3543849587440491 623
1607667298164 0.35456180572509766 624
1607667298300 0.3548775613307953 625
1607667298439 0.35473018884658813 626
1607667298571 0.35489004850387573 627
1607667298700 0.3546419143676758 628
1607667298829 0.35448169708251953 629
1607667298963 0.3545135259628296 630
1607667299094 0.3541196584701538 631
1607667299227 0.35435348749160767 632
1607667299368 0.35405871272087097 633
1607667299502 0.35441043972969055 634
1607667299635 0.3545806109905243 635
1607667299767 0.35477665066719055 636
1607667299908 0.35471317172050476 637
1607667300039 0.35503363609313965 638
1607667300171 0.35478460788726807 639
1607667300306 0.35461878776550293 640
1607667300444 0.3543679416179657 641
1607667300585 0.3542945384979248 642
1607667300728 0.35378706455230713 643
1607667300865 0.3538861870765686 644
1607667301004 0.35370713472366333 645
1607667301145 0.35406720638275146 646
1607667301274 0.3542080819606781 647
1607667301411 0.35448405146598816 648
1607667301541 0.3549533486366272 649
1607667301672 0.35502496361732483 650
1607667301813 0.355416476726532 651
1607667301956 0.35545626282691956 652
1607667302094 0.3553324043750763 653
1607667302227 0.35512152314186096 654
1607667302363 0.3546335995197296 655
1607667302503 0.3542816936969757 656
1607667302642 0.35383787751197815 657
1607667302788 0.3531050980091095 658
1607667302934 0.3530253469944 659
1607667303083 0.3525242209434509 660
1607667303222 0.3528738021850586 661
1607667303357 0.35256004333496094 662
1607667303498 0.35326534509658813 663
1607667303635 0.3529430627822876 664
1607667303767 0.3537284731864929 665
1607667303913 0.3533872365951538 666
1607667304074 0.3540590703487396 667
1607667304212 0.35362502932548523 668
1607667304353 0.3538926839828491 669
1607667304494 0.35358306765556335 670
1607667304641 0.35383155941963196 671
1607667304784 0.35374531149864197 672
1607667304921 0.3539302945137024 673
1607667305055 0.35417914390563965 674
1607667305192 0.35421639680862427 675
1607667305341 0.3546213209629059 676
1607667305486 0.35434913635253906 677
1607667305633 0.3543494939804077 678
1607667305768 0.35367152094841003 679
1607667305900 0.3534843325614929 680
1607667306053 0.3528801500797272 681
1607667306196 0.352922260761261 682
1607667306329 0.3525075912475586 683
1607667306459 0.35264015197753906 684
1607667306590 0.3527497351169586 685
1607667306737 0.35302734375 686
1607667306875 0.3539203703403473 687
1607667307011 0.35435348749160767 688
1607667307143 0.3551980257034302 689
1607667307276 0.35500597953796387 690
1607667307427 0.355191707611084 691
1607667307567 0.35477447509765625 692
1607667307701 0.35441893339157104 693
1607667307835 0.3533179759979248 694
1607667307998 0.35313910245895386 695
1607667308152 0.3528423309326172 696
1607667308303 0.35248011350631714 697
1607667308449 0.35241302847862244 698
1607667308592 0.3527497351169586 699
1607667308745 0.3532779812812805 700
1607667308892 0.35406339168548584 701
1607667309045 0.3538610339164734 702
1607667309241 0.35516637563705444 703
1607667309400 0.35513436794281006 704
1607667309555 0.35520851612091064 705
1607667309726 0.35469022393226624 706
1607667309872 0.35492005944252014 707
1607667310026 0.3540840148925781 708
1607667310187 0.3537895977497101 709
1607667310342 0.35309696197509766 710
1607667310484 0.3532591760158539 711
1607667310628 0.35284650325775146 712
1607667310767 0.3527012765407562 713
1607667310925 0.35245081782341003 714
1607667311066 0.3523940145969391 715
1607667311204 0.3523518741130829 716
1607667311338 0.35236871242523193 717
1607667311473 0.35227611660957336 718
1607667311607 0.35247179865837097 719
1607667311740 0.3525519073009491 720
1607667311873 0.35265281796455383 721
1607667312010 0.352958083152771 722
1607667312151 0.35307615995407104 723
1607667312297 0.35341688990592957 724
1607667312440 0.35454118251800537 725
1607667312577 0.3548714220523834 726
1607667312718 0.3554908037185669 727
1607667312855 0.3553996682167053 728
1607667312995 0.3541811406612396 729
1607667313132 0.3536148965358734 730
1607667313274 0.3536148965358734 731
1607667313425 0.3535284698009491 732
1607667313567 0.3532865047454834 733
1607667313706 0.35281068086624146 734
1607667313851 0.3531792461872101 735
1607667314009 0.35326117277145386 736
1607667314163 0.35330331325531006 737
1607667314303 0.3531266152858734 738
1607667314435 0.35281485319137573 739
1607667314565 0.35290148854255676 740
1607667314711 0.35236653685569763 741
1607667314852 0.3524278402328491 742
1607667315004 0.35269927978515625 743
1607667315151 0.35280871391296387 744
1607667315291 0.35330748558044434 745
1607667315429 0.3536235988140106 746
1607667315568 0.3535662591457367 747
1607667315703 0.3546108305454254 748
1607667315848 0.35449036955833435 749
1607667316003 0.3546820878982544 750
1607667316153 0.3536170721054077 751
1607667316311 0.35318756103515625 752
1607667316464 0.3529667556285858 753
1607667316603 0.3522149920463562 754
1607667316743 0.35167860984802246 755
1607667316882 0.35145092010498047 756
1607667317035 0.3517796993255615 757
1607667317172 0.35166776180267334 758
1607667317316 0.3523291051387787 759
1607667317452 0.35264864563941956 760
1607667317602 0.3534657061100006 761
1607667317748 0.3538254201412201 762
1607667317886 0.3543645143508911 763
1607667318028 0.3540169298648834 764
1607667318164 0.3544571101665497 765
1607667318322 0.35363391041755676 766
1607667318460 0.3531687557697296 767
1607667318611 0.35204896330833435 768
1607667318754 0.35171422362327576 769
1607667318891 0.35147225856781006 770
1607667319046 0.3512026071548462 771
1607667319183 0.3512027859687805 772
1607667319326 0.35156068205833435 773
1607667319462 0.3518994152545929 774
1607667319603 0.3527815639972687 775
1607667319764 0.353253036737442 776
1607667319927 0.35429903864860535 777
1607667320067 0.35513290762901306 778
1607667320223 0.35450103878974915 779
1607667320370 0.35460665822029114 780
1607667320527 0.35346752405166626 781
1607667320681 0.3531392812728882 782
1607667320837 0.3520406484603882 783
1607667321021 0.35187843441963196 784
1607667321196 0.3514827489852905 785
1607667321360 0.35139647126197815 786
1607667321517 0.3510091006755829 787
1607667321662 0.3516702950000763 788
1607667321817 0.3515773415565491 789
1607667321977 0.3521186113357544 790
1607667322135 0.3518889248371124 791
1607667322290 0.3524974584579468 792
1607667322447 0.35262569785118103 793
1607667322601 0.35323622822761536 794
1607667322839 0.353532999753952 795
1607667322993 0.3539118468761444 796
1607667323143 0.3536825478076935 797
1607667323298 0.3532572090625763 798
1607667323455 0.352905809879303 799
1607667323635 0.3518995940685272 800
1607667323783 0.3515438735485077 801
1607667323930 0.35086822509765625 802
1607667324065 0.35066404938697815 803
1607667324215 0.3505103588104248 804
1607667324362 0.35087457299232483 805
1607667324506 0.35123443603515625 806
1607667324644 0.35210612416267395 807
1607667324780 0.3533098101615906 808
1607667324913 0.35407841205596924 809
1607667325047 0.354475736618042 810
1607667325182 0.35498571395874023 811
1607667325314 0.3544086515903473 812
1607667325458 0.3543728291988373 813
1607667325595 0.3533794581890106 814
1607667325737 0.3527161180973053 815
1607667325876 0.3524576723575592 816
1607667326013 0.35237088799476624 817
1607667326143 0.352573424577713 818
1607667326286 0.35227829217910767 819
1607667326420 0.35310184955596924 820
1607667326556 0.3527497351169586 821
1607667326705 0.3537691831588745 822
1607667326838 0.3533814251422882 823
1607667326978 0.35337114334106445 824
1607667327115 0.3521142601966858 825
1607667327249 0.3517165780067444 826
1607667327381 0.35108307003974915 827
1607667327519 0.35040292143821716 828
1607667327652 0.350045382976532 829
1607667327798 0.3496156930923462 830
1607667327936 0.35027071833610535 831
1607667328073 0.35008084774017334 832
1607667328210 0.3509105443954468 833
1607667328341 0.35127657651901245 834
1607667328474 0.35227665305137634 835
1607667328607 0.3527710735797882 836
1607667328740 0.3531564772129059 837
1607667328869 0.3525773882865906 838
1607667329002 0.3528933525085449 839
1607667329146 0.3517395555973053 840
1607667329283 0.35141780972480774 841
1607667329418 0.35085558891296387 842
1607667329555 0.35107457637786865 843
1607667329688 0.3510662615299225 844
1607667329822 0.3511018753051758 845
1607667329957 0.3514726161956787 846
1607667330087 0.35160499811172485 847
1607667330224 0.3519229292869568 848
1607667330370 0.35235875844955444 849
1607667330504 0.3520321547985077 850
1607667330637 0.3525819182395935 851
1607667330774 0.35200485587120056 852
1607667330908 0.35284286737442017 853
1607667331043 0.35255444049835205 854
1607667331178 0.35254377126693726 855
1607667331313 0.3524661958217621 856
1607667331439 0.3520659804344177 857
1607667331576 0.3518977761268616 858
1607667331713 0.3516598045825958 859
1607667331849 0.3514512777328491 860
1607667331984 0.3517337739467621 861
1607667332126 0.35162797570228577 862
1607667332262 0.3522200584411621 863
1607667332395 0.35242584347724915 864
1607667332535 0.3526260554790497 865
1607667332676 0.3527123034000397 866
1607667332817 0.3526933193206787 867
1607667332959 0.3523819148540497 868
1607667333097 0.352276474237442 869
1607667333234 0.3516198396682739 870
1607667333369 0.3519209325313568 871
1607667333507 0.3515312075614929 872
1607667333642 0.35208749771118164 873
1607667333774 0.35150372982025146 874
1607667333902 0.35212963819503784 875
1607667334066 0.3515268862247467 876
1607667334210 0.3518200218677521 877
1607667334351 0.350969135761261 878
1607667334484 0.3510579466819763 879
1607667334640 0.3506872057914734 880
1607667334791 0.35120299458503723 881
1607667334927 0.351438969373703 882
1607667335064 0.3521142601966858 883
1607667335198 0.3526831865310669 884
1607667335342 0.35286784172058105 885
1607667335508 0.35321560502052307 886
1607667335655 0.35250577330589294 887
1607667335790 0.3522198796272278 888
1607667335924 0.35140931606292725 889
1607667336057 0.35100314021110535 890
1607667336211 0.3503526449203491 891
1607667336352 0.3500770330429077 892
1607667336485 0.3497464656829834 893
1607667336625 0.3496392071247101 894
1607667336778 0.349714994430542 895
1607667336936 0.35002440214157104 896
1607667337069 0.3501633107662201 897
1607667337224 0.35067471861839294 898
1607667337370 0.3506685793399811 899
1607667337524 0.35128724575042725 900
1607667337672 0.35132524371147156 901
1607667337803 0.35144513845443726 902
1607667337945 0.35149577260017395 903
1607667338093 0.35140517354011536 904
1607667338249 0.35175472497940063 905
1607667338407 0.3514934182167053 906
1607667338565 0.3520473539829254 907
1607667338709 0.35123878717422485 908
1607667338843 0.35195040702819824 909
1607667338982 0.3506808876991272 910
1607667339114 0.34996113181114197 911
1607667339272 0.349679172039032 912
1607667339462 0.3499148190021515 913
1607667339616 0.35017597675323486 914
1607667339773 0.3502368927001953 915
1607667339925 0.3508537709712982 916
1607667340081 0.35116735100746155 917
1607667340239 0.3517145812511444 918
1607667340388 0.3518872857093811 919
1607667340540 0.35189563035964966 920
1607667340720 0.3521063029766083 921
1607667340871 0.351720929145813 922
1607667341027 0.3514955937862396 923
1607667341171 0.35097384452819824 924
1607667341316 0.3507821559906006 925
1607667341452 0.35076966881752014 926
1607667341579 0.3512747883796692 927
1607667341717 0.35158854722976685 928
1607667341850 0.3520659804344177 929
1607667341997 0.3525253236293793 930
1607667342135 0.3524743318557739 931
1607667342268 0.3531714677810669 932
1607667342409 0.3527795970439911 933
1607667342544 0.3528597056865692 934
1607667342687 0.35221752524375916 935
1607667342824 0.3519252836704254 936
1607667342966 0.35156503319740295 937
1607667343107 0.35129573941230774 938
1607667343253 0.35030850768089294 939
1607667343393 0.3501549959182739 940
1607667343529 0.3501569628715515 941
1607667343661 0.3502139449119568 942
1607667343792 0.3499990999698639 943
1607667343927 0.35077816247940063 944
1607667344061 0.3512178063392639 945
1607667344200 0.35187265276908875 946
1607667344336 0.3524347245693207 947
1607667344478 0.35288500785827637 948
1607667344614 0.3533799946308136 949
1607667344749 0.3532702326774597 950
1607667344882 0.35285988450050354 951
1607667345017 0.3521251082420349 952
1607667345154 0.3511485457420349 953
1607667345291 0.3508559465408325 954
1607667345435 0.350081205368042 955
1607667345566 0.3501591384410858 956
1607667345706 0.34960559010505676 957
1607667345840 0.3499549627304077 958
1607667345970 0.349748820066452 959
1607667346104 0.34976544976234436 960
1607667346244 0.3500182628631592 961
1607667346383 0.35019710659980774 962
1607667346513 0.35084110498428345 963
1607667346644 0.3512454926967621 964
1607667346779 0.3511946499347687 965
1607667346930 0.3516223728656769 966
1607667347065 0.3514977693557739 967
1607667347201 0.3514138460159302 968
1607667347333 0.3507716655731201 969
1607667347481 0.3507635295391083 970
1607667347628 0.35084110498428345 971
1607667347781 0.3510308265686035 972
1607667347952 0.3505779802799225 973
1607667348118 0.35072970390319824 974
1607667348302 0.3504139482975006 975
1607667348488 0.350708544254303 976
1607667348637 0.3507360517978668 977
1607667348794 0.35105812549591064 978
1607667348948 0.351074755191803 979
1607667349096 0.35201171040534973 980
1607667349247 0.35116735100746155 981
1607667349484 0.35197192430496216 982
1607667349631 0.3510432839393616 983
1607667349778 0.3510875999927521 984
1607667350102 0.3501698076725006 985
1607667350247 0.34998661279678345 986
1607667350383 0.349854052066803 987
1607667350523 0.34986039996147156 988
1607667350650 0.3498813509941101 989
1607667350780 0.3505593538284302 990
1607667350915 0.3504832088947296 991
1607667351047 0.35131511092185974 992
1607667351195 0.35132524371147156 993
1607667351359 0.3519929051399231 994
1607667351510 0.3513335585594177 995
1607667351658 0.35144367814064026 996
1607667351797 0.35087475180625916 997
1607667351935 0.3514077067375183 998
1607667352074 0.3503676652908325 999
