1607667210285 0.47393813729286194 0
1607667210432 0.464635968208313 1
1607667210570 0.45681142807006836 2
1607667210704 0.45243096351623535 3
1607667210840 0.44632089138031006 4
1607667210976 0.4423496127128601 5
1607667211117 0.4402124583721161 6
1607667211251 0.43894943594932556 7
1607667211381 0.4384307265281677 8
1607667211515 0.43807101249694824 9
1607667211657 0.4373731017112732 10
1607667211788 0.43535083532333374 11
1607667211924 0.4348197281360626 12
1607667212058 0.4347287714481354 13
1607667212191 0.4347611963748932 14
1607667212325 0.43342751264572144 15
1607667212456 0.4314838647842407 16
1607667212594 0.43064892292022705 17
1607667212728 0.43070411682128906 18
1607667212857 0.43093687295913696 19
1607667212989 0.4300803542137146 20
1607667213119 0.42869144678115845 21
1607667213249 0.4282950758934021 22
1607667213377 0.42821618914604187 23
1607667213504 0.4264892637729645 24
1607667213643 0.42502233386039734 25
1607667213771 0.4237282872200012 26
1607667213911 0.42341452836990356 27
1607667214050 0.4227771461009979 28
1607667214181 0.42209020256996155 29
1607667214311 0.4213463068008423 30
1607667214444 0.4207236170768738 31
1607667214578 0.41988757252693176 32
1607667214708 0.41921496391296387 33
1607667214840 0.41783031821250916 34
1607667214978 0.41670912504196167 35
1607667215119 0.41598767042160034 36
1607667215257 0.41550302505493164 37
1607667215401 0.41571393609046936 38
1607667215533 0.4153138995170593 39
1607667215659 0.4141455888748169 40
1607667215789 0.41284850239753723 41
1607667215920 0.41161224246025085 42
1607667216070 0.41076239943504333 43
1607667216204 0.4101877510547638 44
1607667216339 0.40898051857948303 45
1607667216469 0.40821343660354614 46
1607667216605 0.4077582061290741 47
1607667216736 0.4068383276462555 48
1607667216866 0.4059193730354309 49
1607667217000 0.40511366724967957 50
1607667217133 0.4044612944126129 51
1607667217264 0.40408384799957275 52
1607667217396 0.40307170152664185 53
1607667217552 0.402809739112854 54
1607667217688 0.4024035334587097 55
1607667217821 0.4023906886577606 56
1607667217950 0.40217655897140503 57
1607667218079 0.4014439582824707 58
1607667218225 0.40098533034324646 59
1607667218372 0.40095776319503784 60
1607667218504 0.3994514048099518 61
1607667218640 0.3980264961719513 62
1607667218789 0.3964497447013855 63
1607667218934 0.39568328857421875 64
1607667219074 0.395192950963974 65
1607667219217 0.3954620063304901 66
1607667219362 0.39725232124328613 67
1607667219497 0.39828377962112427 68
1607667219630 0.39747124910354614 69
1607667219765 0.39542651176452637 70
1607667219905 0.39471200108528137 71
1607667220050 0.3933873176574707 72
1607667220307 0.39237087965011597 73
1607667220447 0.3924216628074646 74
1607667220577 0.3924943804740906 75
1607667220714 0.39371004700660706 76
1607667220851 0.3937286138534546 77
1607667220988 0.39215174317359924 78
1607667221118 0.3899764120578766 79
1607667221249 0.3882131278514862 80
1607667221388 0.38730180263519287 81
1607667221526 0.38693860173225403 82
1607667221660 0.38690581917762756 83
1607667221789 0.38701972365379333 84
1607667221922 0.3882202208042145 85
1607667222054 0.38854745030403137 86
1607667222190 0.3884351849555969 87
1607667222331 0.38799330592155457 88
1607667222469 0.3874024748802185 89
1607667222601 0.3867422640323639 90
1607667222737 0.3862956762313843 91
1607667222887 0.3852255940437317 92
1607667223033 0.38417285680770874 93
1607667223176 0.38327106833457947 94
1607667223333 0.3827510476112366 95
1607667223479 0.3820956349372864 96
1607667223641 0.38186848163604736 97
1607667223800 0.3818521201610565 98
1607667223955 0.383335679769516 99
1607667224110 0.3844081461429596 100
1607667224269 0.38525113463401794 101
1607667224431 0.3840338885784149 102
1607667224619 0.38280656933784485 103
1607667224770 0.38176119327545166 104
1607667224916 0.38179853558540344 105
1607667225049 0.38190770149230957 106
1607667225192 0.3809705972671509 107
1607667225339 0.3811981976032257 108
1607667225485 0.3804304599761963 109
1607667225626 0.38093116879463196 110
1607667225767 0.3807274401187897 111
1607667225908 0.3803543746471405 112
1607667226043 0.37962013483047485 113
1607667226185 0.3791438043117523 114
1607667226315 0.3777337074279785 115
1607667226465 0.377188503742218 116
1607667226604 0.3763068616390228 117
1607667226756 0.376379132270813 118
1607667226906 0.37698236107826233 119
1607667227043 0.3769858479499817 120
1607667227179 0.3779445290565491 121
1607667227314 0.37819206714630127 122
1607667227457 0.3789672255516052 123
1607667227594 0.3780113160610199 124
1607667227727 0.3778684139251709 125
1607667227857 0.3765500783920288 126
1607667227992 0.3761477470397949 127
1607667228123 0.37606364488601685 128
1607667228262 0.3755711615085602 129
1607667228390 0.37570396065711975 130
1607667228521 0.3757212460041046 131
1607667228657 0.3761359453201294 132
1607667228796 0.37534794211387634 133
1607667228936 0.37526655197143555 134
1607667229077 0.37478703260421753 135
1607667229217 0.3751290440559387 136
1607667229352 0.37447166442871094 137
1607667229483 0.3744327425956726 138
1607667229617 0.3742641508579254 139
1607667229748 0.3740200698375702 140
1607667229895 0.3731856644153595 141
1607667230043 0.37332144379615784 142
1607667230176 0.3731909990310669 143
1607667230305 0.3739302456378937 144
1607667230443 0.3735296428203583 145
1607667230594 0.37368860840797424 146
1607667230737 0.37337538599967957 147
1607667230867 0.37350961565971375 148
1607667230996 0.37372177839279175 149
1607667231131 0.37315666675567627 150
1607667231283 0.3728767931461334 151
1607667231433 0.3728809356689453 152
1607667231573 0.37286752462387085 153
1607667231706 0.3729420006275177 154
1607667231861 0.3731253743171692 155
1607667232003 0.37360048294067383 156
1607667232132 0.3738207221031189 157
1607667232271 0.37347275018692017 158
1607667232416 0.3731304109096527 159
1607667232565 0.3731856644153595 160
1607667232707 0.37289461493492126 161
1607667232857 0.37214788794517517 162
1607667232992 0.37101876735687256 163
1607667233132 0.3705906867980957 164
1607667233282 0.3702503442764282 165
1607667233426 0.37021777033805847 166
1607667233560 0.37015703320503235 167
1607667233699 0.37024548649787903 168
1607667233835 0.3700554370880127 169
1607667233988 0.37001869082450867 170
1607667234127 0.36992645263671875 171
1607667234264 0.369790643453598 172
1607667234394 0.3692938983440399 173
1607667234536 0.3690691590309143 174
1607667234691 0.36934298276901245 175
1607667234825 0.36938172578811646 176
1607667234977 0.3696654736995697 177
1607667235109 0.37026509642601013 178
1607667235244 0.37114953994750977 179
1607667235396 0.3718589246273041 180
1607667235572 0.37247857451438904 181
1607667235727 0.37070250511169434 182
1607667235895 0.3686537444591522 183
1607667236043 0.36811453104019165 184
1607667236198 0.36826184391975403 185
1607667236383 0.36860865354537964 186
1607667236540 0.36873966455459595 187
1607667236699 0.3693307042121887 188
1607667236856 0.36997461318969727 189
1607667237014 0.37022754549980164 190
1607667237152 0.37046924233436584 191
1607667237284 0.36999231576919556 192
1607667237416 0.3691122233867645 193
1607667237547 0.3686879575252533 194
1607667237686 0.3683328628540039 195
1607667237827 0.36858436465263367 196
1607667237958 0.3683808445930481 197
1607667238096 0.3679547905921936 198
1607667238230 0.3680304288864136 199
1607667238370 0.3679017126560211 200
1607667238514 0.3673868179321289 201
1607667238652 0.36764875054359436 202
1607667238787 0.36798661947250366 203
1607667238930 0.36776652932167053 204
1607667239063 0.36782312393188477 205
1607667239195 0.3679724931716919 206
1607667239338 0.3683401346206665 207
1607667239490 0.36853641271591187 208
1607667239632 0.3673967719078064 209
1607667239765 0.36686044931411743 210
1607667239902 0.3664283752441406 211
1607667240036 0.36585986614227295 212
1607667240174 0.36597150564193726 213
1607667240312 0.3658710718154907 214
1607667240450 0.3664514422416687 215
1607667240585 0.3667818307876587 216
1607667240719 0.3674974739551544 217
1607667240856 0.3675089180469513 218
1607667240991 0.368090957403183 219
1607667241126 0.3675690293312073 220
1607667241260 0.36745718121528625 221
1607667241402 0.36645084619522095 222
1607667241538 0.36567896604537964 223
1607667241673 0.36524051427841187 224
1607667241805 0.3653779625892639 225
1607667241937 0.3650752007961273 226
1607667242077 0.36599066853523254 227
1607667242211 0.3665953576564789 228
1607667242343 0.36671051383018494 229
1607667242473 0.3671964108943939 230
1607667242615 0.3672040104866028 231
1607667242746 0.3671475350856781 232
1607667242880 0.3665381371974945 233
1607667243030 0.36574339866638184 234
1607667243166 0.3656453490257263 235
1607667243295 0.3653070628643036 236
1607667243427 0.36478203535079956 237
1607667243557 0.36458221077919006 238
1607667243697 0.36449113488197327 239
1607667243846 0.3647924065589905 240
1607667243979 0.3652799427509308 241
1607667244113 0.3652116358280182 242
1607667244247 0.36586055159568787 243
1607667244395 0.3660021722316742 244
1607667244537 0.36688047647476196 245
1607667244669 0.36678752303123474 246
1607667244805 0.3668062686920166 247
1607667244937 0.3661918044090271 248
1607667245092 0.3664441704750061 249
1607667245236 0.3664536476135254 250
1607667245369 0.3661542534828186 251
1607667245504 0.3656681180000305 252
1607667245643 0.36621490120887756 253
1607667245797 0.3657074570655823 254
1607667245935 0.3661673069000244 255
1607667246068 0.36516356468200684 256
1607667246202 0.36517333984375 257
1607667246349 0.36439797282218933 258
1607667246499 0.36371809244155884 259
1607667246642 0.36309078335762024 260
1607667246781 0.3632121980190277 261
1607667246911 0.3625541031360626 262
1607667247056 0.36238235235214233 263
1607667247194 0.3620022237300873 264
1607667247331 0.3624219596385956 265
1607667247464 0.3622392416000366 266
1607667247618 0.362345427274704 267
1607667247786 0.3627013564109802 268
1607667247938 0.3634190857410431 269
1607667248092 0.3642970621585846 270
1607667248230 0.3644748628139496 271
1607667248384 0.36493927240371704 272
1607667248536 0.36544373631477356 273
1607667248690 0.36592474579811096 274
1607667248835 0.3654703199863434 275
1607667248992 0.3649868071079254 276
1607667249149 0.3642847239971161 277
1607667249316 0.36388617753982544 278
1607667249458 0.36396655440330505 279
1607667249595 0.3632376790046692 280
1607667249732 0.36324188113212585 281
1607667249871 0.36279910802841187 282
1607667249999 0.3629404902458191 283
1607667250135 0.3629639148712158 284
1607667250276 0.3629217743873596 285
1607667250412 0.36265045404434204 286
1607667250545 0.36266106367111206 287
1607667250674 0.3628424406051636 288
1607667250809 0.3625847399234772 289
1607667250942 0.3624875545501709 290
1607667251070 0.3626180589199066 291
1607667251198 0.3628527522087097 292
1607667251328 0.36329835653305054 293
1607667251467 0.3629630506038666 294
1607667251607 0.3631961941719055 295
1607667251736 0.362717866897583 296
1607667251870 0.3628174066543579 297
1607667252007 0.36210185289382935 298
1607667252142 0.3618861138820648 299
1607667252274 0.3619025945663452 300
1607667252405 0.36208105087280273 301
1607667252536 0.36227020621299744 302
1607667252677 0.362863689661026 303
1607667252810 0.36377179622650146 304
1607667252945 0.364419162273407 305
1607667253081 0.3642311990261078 306
1607667253214 0.36358362436294556 307
1607667253343 0.36350110173225403 308
1607667253470 0.3624696731567383 309
1607667253598 0.36183956265449524 310
1607667253730 0.36094626784324646 311
1607667253868 0.36047112941741943 312
1607667254005 0.3603692352771759 313
1607667254137 0.3600146174430847 314
1607667254271 0.3602430820465088 315
1607667254401 0.3604586720466614 316
1607667254530 0.36047470569610596 317
1607667254659 0.36113664507865906 318
1607667254786 0.36159247159957886 319
1607667254914 0.36189982295036316 320
1607667255059 0.36229580640792847 321
1607667255208 0.3621578514575958 322
1607667255346 0.36194947361946106 323
1607667255480 0.361844927072525 324
1607667255612 0.36134037375450134 325
1607667255740 0.36137402057647705 326
1607667255889 0.3605940639972687 327
1607667256023 0.361004114151001 328
1607667256154 0.36098435521125793 329
1607667256293 0.3611242175102234 330
1607667256429 0.3614368438720703 331
1607667256575 0.3619198799133301 332
1607667256710 0.36208072304725647 333
1607667256840 0.362253874540329 334
1607667256972 0.36167389154434204 335
1607667257102 0.36125823855400085 336
1607667257251 0.36130616068840027 337
1607667257388 0.3605213165283203 338
1607667257524 0.36014387011528015 339
1607667257661 0.36019274592399597 340
1607667257796 0.359864205121994 341
1607667257952 0.36024048924446106 342
1607667258089 0.36036354303359985 343
1607667258222 0.3605005443096161 344
1607667258352 0.3609016239643097 345
1607667258479 0.36059486865997314 346
1607667258627 0.3608616292476654 347
1607667258764 0.3609512746334076 348
1607667258901 0.3608454763889313 349
1607667259040 0.3605322539806366 350
1607667259181 0.3608582615852356 351
1607667259404 0.3605319559574127 352
1607667259540 0.3609170615673065 353
1607667259700 0.3611484467983246 354
1607667259845 0.36055347323417664 355
1607667260000 0.3604815900325775 356
1607667260154 0.359839528799057 357
1607667260322 0.36010879278182983 358
1607667260478 0.35992512106895447 359
1607667260635 0.35963374376296997 360
1607667260779 0.35973429679870605 361
1607667260933 0.3597748875617981 362
1607667261170 0.3599933981895447 363
1607667261318 0.3599661886692047 364
1607667261470 0.3584517240524292 365
1607667261612 0.35821962356567383 366
1607667261760 0.35873106122016907 367
1607667261895 0.359322726726532 368
1607667262030 0.36017823219299316 369
1607667262163 0.36175715923309326 370
1607667262295 0.3621791899204254 371
1607667262432 0.3625146746635437 372
1607667262561 0.3624122738838196 373
1607667262690 0.3620574176311493 374
1607667262825 0.36120226979255676 375
1607667262959 0.360146164894104 376
1607667263089 0.35973626375198364 377
1607667263228 0.3594494163990021 378
1607667263367 0.3593737781047821 379
1607667263503 0.3594166040420532 380
1607667263636 0.3592611253261566 381
1607667263770 0.3597373366355896 382
1607667263894 0.35952454805374146 383
1607667264034 0.3599412143230438 384
1607667264163 0.36008167266845703 385
1607667264297 0.3605114817619324 386
1607667264434 0.3604365289211273 387
1607667264565 0.3600328266620636 388
1607667264695 0.36028826236724854 389
1607667264834 0.3596481382846832 390
1607667264976 0.35934966802597046 391
1607667265123 0.35864508152008057 392
1607667265279 0.3583909273147583 393
1607667265440 0.3582499325275421 394
1607667265579 0.3579047620296478 395
1607667265721 0.3582093119621277 396
1607667265866 0.3583775758743286 397
1607667266016 0.3594723641872406 398
1607667266173 0.359892338514328 399
1607667266314 0.360400915145874 400
1607667266446 0.3605012595653534 401
1607667266592 0.36075446009635925 402
1607667266731 0.3604865074157715 403
1607667266862 0.3601512908935547 404
1607667266994 0.35937920212745667 405
1607667267132 0.3590553104877472 406
1607667267265 0.35816970467567444 407
1607667267401 0.35809266567230225 408
1607667267541 0.35714906454086304 409
1607667267683 0.3573755621910095 410
1607667267825 0.3572307825088501 411
1607667267966 0.357368141412735 412
1607667268105 0.3574073612689972 413
1607667268256 0.35798659920692444 414
1607667268403 0.35817137360572815 415
1607667268534 0.3589734137058258 416
1607667268668 0.35885491967201233 417
1607667268798 0.35955187678337097 418
1607667268945 0.35927966237068176 419
1607667269087 0.359363317489624 420
1607667269226 0.35922589898109436 421
1607667269360 0.3585781455039978 422
1607667269493 0.35837602615356445 423
1607667269644 0.3579378128051758 424
1607667269791 0.3579416275024414 425
1607667269933 0.35741138458251953 426
1607667270069 0.35716167092323303 427
1607667270211 0.357032835483551 428
1607667270372 0.3570898771286011 429
1607667270512 0.35697048902511597 430
1607667270649 0.35688918828964233 431
1607667270793 0.35722291469573975 432
1607667270936 0.357118159532547 433
1607667271102 0.35738077759742737 434
1607667271259 0.3574308753013611 435
1607667271394 0.35778293013572693 436
1607667271526 0.35880038142204285 437
1607667271685 0.35921716690063477 438
1607667271872 0.3600771427154541 439
1607667272032 0.3602601885795593 440
1607667272176 0.3603833317756653 441
1607667272332 0.36038488149642944 442
1607667272514 0.3594069182872772 443
1607667272665 0.35856327414512634 444
1607667272822 0.35763582587242126 445
1607667272972 0.3572205901145935 446
1607667273126 0.356632262468338 447
1607667273282 0.35685592889785767 448
1607667273447 0.357276052236557 449
1607667273590 0.357791543006897 450
1607667273735 0.3585401773452759 451
1607667273878 0.3592516779899597 452
1607667274022 0.36030298471450806 453
1607667274157 0.3607695996761322 454
1607667274292 0.35994207859039307 455
1607667274439 0.3587712347507477 456
1607667274584 0.357662558555603 457
1607667274725 0.35735851526260376 458
1607667274864 0.3570456802845001 459
1607667274991 0.3566780984401703 460
1607667275125 0.35662809014320374 461
1607667275259 0.3566594123840332 462
1607667275394 0.3570840656757355 463
1607667275524 0.35711508989334106 464
1607667275666 0.3573061525821686 465
1607667275801 0.35720381140708923 466
1607667275936 0.3577229678630829 467
1607667276068 0.3573603928089142 468
1607667276204 0.3574867248535156 469
1607667276344 0.35700303316116333 470
1607667276477 0.357308566570282 471
1607667276607 0.3574143648147583 472
1607667276741 0.3568192720413208 473
1607667276880 0.357147753238678 474
1607667277013 0.35655951499938965 475
1607667277159 0.35703808069229126 476
1607667277308 0.3569662272930145 477
1607667277441 0.3570953607559204 478
1607667277574 0.3573245704174042 479
1607667277715 0.3575831353664398 480
1607667277850 0.3581662178039551 481
1607667277993 0.35867735743522644 482
1607667278131 0.35879454016685486 483
1607667278264 0.35893112421035767 484
1607667278406 0.35850611329078674 485
1607667278547 0.35800066590309143 486
1607667278682 0.3581249415874481 487
1607667278819 0.35762205719947815 488
1607667278952 0.35719969868659973 489
1607667279086 0.35667330026626587 490
1607667279215 0.3568946123123169 491
1607667279357 0.3568836450576782 492
1607667279497 0.3568829894065857 493
1607667279630 0.3565105199813843 494
1607667279765 0.3565525412559509 495
1607667279921 0.35623571276664734 496
1607667280062 0.3560279309749603 497
1607667280197 0.3557686507701874 498
1607667280328 0.3554534316062927 499
1607667280462 0.3552640378475189 500
1607667280620 0.3550659716129303 501
1607667280764 0.3550720810890198 502
1607667280896 0.35551315546035767 503
1607667281037 0.3556636869907379 504
1607667281170 0.35652515292167664 505
1607667281320 0.3566518723964691 506
1607667281461 0.3570612668991089 507
1607667281594 0.3576536178588867 508
1607667281729 0.35718169808387756 509
1607667281870 0.35689303278923035 510
1607667282026 0.35631895065307617 511
1607667282173 0.35653960704803467 512
1607667282313 0.35592833161354065 513
1607667282448 0.355711430311203 514
1607667282590 0.35594308376312256 515
1607667282743 0.35644611716270447 516
1607667282891 0.35723963379859924 517
1607667283024 0.3567519187927246 518
1607667283164 0.3574970066547394 519
1607667283300 0.3575880825519562 520
1607667283451 0.3580228090286255 521
1607667283592 0.35763847827911377 522
1607667283728 0.3572317957878113 523
1607667283869 0.3567551374435425 524
1607667284004 0.35651394724845886 525
1607667284158 0.3560240864753723 526
1607667284303 0.35576340556144714 527
1607667284470 0.3558536171913147 528
1607667284811 0.3553806245326996 529
1607667284963 0.35550037026405334 530
1607667285117 0.35532158613204956 531
1607667285264 0.35576722025871277 532
1607667285434 0.3560548722743988 533
1607667285590 0.3567698001861572 534
1607667285744 0.35655391216278076 535
1607667285914 0.3571353256702423 536
1607667286066 0.35691604018211365 537
1607667286202 0.357253760099411 538
1607667286338 0.3569753170013428 539
1607667286474 0.35709306597709656 540
1607667286604 0.35716256499290466 541
1607667286740 0.3575266897678375 542
1607667286876 0.35762739181518555 543
1607667287011 0.3573974668979645 544
1607667287154 0.35724586248397827 545
1607667287289 0.3565860092639923 546
1607667287426 0.3547211289405823 547
1607667287558 0.35437309741973877 548
1607667287694 0.35411450266838074 549
1607667287825 0.3542383909225464 550
1607667287963 0.35425251722335815 551
1607667288110 0.3544752299785614 552
1607667288251 0.35537436604499817 553
1607667288390 0.3553304374217987 554
1607667288527 0.3558201789855957 555
1607667288657 0.35520586371421814 556
1607667288787 0.355666846036911 557
1607667288920 0.35505780577659607 558
1607667289054 0.35517755150794983 559
1607667289184 0.3544856905937195 560
1607667289323 0.3544090986251831 561
1607667289457 0.3542134165763855 562
1607667289586 0.3546161651611328 563
1607667289716 0.35472923517227173 564
1607667289848 0.35505756735801697 565
1607667289980 0.35541197657585144 566
1607667290113 0.3562175929546356 567
1607667290244 0.3560941815376282 568
1607667290373 0.35639211535453796 569
1607667290505 0.35585662722587585 570
1607667290646 0.3556446433067322 571
1607667290782 0.3550319969654083 572
1607667290914 0.3551578223705292 573
1607667291047 0.354885071516037 574
1607667291181 0.35519811511039734 575
1607667291313 0.35531020164489746 576
1607667291444 0.3555554747581482 577
1607667291576 0.35560286045074463 578
1607667291715 0.35538917779922485 579
1607667291848 0.35543549060821533 580
1607667291984 0.3550850749015808 581
1607667292127 0.3548051714897156 582
1607667292271 0.3545687198638916 583
1607667292401 0.3547269403934479 584
1607667292528 0.35464414954185486 585
1607667292654 0.35485392808914185 586
1607667292811 0.35492658615112305 587
1607667292955 0.3556402623653412 588
1607667293094 0.3558371961116791 589
1607667293220 0.35594114661216736 590
1607667293350 0.35563281178474426 591
1607667293506 0.35563287138938904 592
1607667293643 0.3552021384239197 593
1607667293776 0.3546225428581238 594
1607667293908 0.35470977425575256 595
1607667294043 0.3546549379825592 596
1607667294204 0.3547023832798004 597
1607667294341 0.3548959791660309 598
1607667294470 0.3548433780670166 599
1607667294603 0.3558759093284607 600
1607667294737 0.3559536933898926 601
1607667294887 0.3560565412044525 602
1607667295023 0.35560712218284607 603
1607667295159 0.3554786145687103 604
1607667295301 0.35535579919815063 605
1607667295436 0.35503995418548584 606
1607667295591 0.3548488914966583 607
1607667295729 0.35467806458473206 608
1607667295868 0.3549513816833496 609
1607667296004 0.3551594018936157 610
1607667296139 0.3550169765949249 611
1607667296295 0.35511326789855957 612
1607667296441 0.35558226704597473 613
1607667296596 0.35561302304267883 614
1607667296757 0.35543012619018555 615
1607667296920 0.3552195131778717 616
1607667297075 0.3553254008293152 617
1607667297229 0.3552986979484558 618
1607667297382 0.3546941578388214 619
1607667297555 0.35492661595344543 620
1607667297703 0.35448724031448364 621
1607667297859 0.3548705279827118 622
1607667298014 0.35435810685157776 623
1607667298164 0.35455211997032166 624
1607667298300 0.3548299968242645 625
1607667298439 0.35471370816230774 626
1607667298571 0.35490524768829346 627
1607667298700 0.35465559363365173 628
1607667298829 0.3544928729534149 629
1607667298963 0.3545534610748291 630
1607667299094 0.3541499972343445 631
1607667299227 0.3543424606323242 632
1607667299368 0.35405880212783813 633
1607667299502 0.3544354736804962 634
1607667299635 0.35460200905799866 635
1607667299767 0.354772686958313 636
1607667299908 0.3546827733516693 637
1607667300039 0.3550247848033905 638
1607667300171 0.3547484278678894 639
1607667300306 0.3545866906642914 640
1607667300444 0.35436949133872986 641
1607667300585 0.3543131351470947 642
1607667300728 0.3537737727165222 643
1607667300865 0.353866845369339 644
1607667301004 0.3536982834339142 645
1607667301145 0.3540278673171997 646
1607667301274 0.35418447852134705 647
1607667301411 0.3544710874557495 648
1607667301541 0.35495856404304504 649
1607667301672 0.3550301194190979 650
1607667301813 0.3554079532623291 651
1607667301956 0.3554481267929077 652
1607667302094 0.35537421703338623 653
1607667302227 0.3551081717014313 654
1607667302363 0.3546468913555145 655
1607667302503 0.35432204604148865 656
1607667302642 0.3538321852684021 657
1607667302788 0.35310059785842896 658
1607667302934 0.3530098795890808 659
1607667303083 0.35251855850219727 660
1607667303222 0.35285601019859314 661
1607667303357 0.35259321331977844 662
1607667303498 0.3532877266407013 663
1607667303635 0.3529582917690277 664
1607667303767 0.35373926162719727 665
1607667303913 0.35338959097862244 666
1607667304074 0.3540656566619873 667
1607667304212 0.3536500334739685 668
1607667304353 0.35388168692588806 669
1607667304494 0.3535866439342499 670
1607667304641 0.35382694005966187 671
1607667304784 0.35374629497528076 672
1607667304921 0.35392022132873535 673
1607667305055 0.3541845381259918 674
1607667305192 0.3542207181453705 675
1607667305341 0.3546210527420044 676
1607667305486 0.3543659448623657 677
1607667305633 0.35434386134147644 678
1607667305768 0.35365939140319824 679
1607667305900 0.3534693419933319 680
1607667306053 0.3528697192668915 681
1607667306196 0.35295045375823975 682
1607667306329 0.3525155186653137 683
1607667306459 0.3526461124420166 684
1607667306590 0.35271695256233215 685
1607667306737 0.35301539301872253 686
1607667306875 0.3539397418498993 687
1607667307011 0.3543543219566345 688
1607667307143 0.3551725745201111 689
1607667307276 0.3550111949443817 690
1607667307427 0.35518109798431396 691
1607667307567 0.35476192831993103 692
1607667307701 0.35441985726356506 693
1607667307835 0.35335150361061096 694
1607667307998 0.3531295657157898 695
1607667308152 0.35277509689331055 696
1607667308303 0.3524620532989502 697
1607667308449 0.3524045944213867 698
1607667308592 0.3527594804763794 699
1607667308745 0.35327884554862976 700
1607667308892 0.35404810309410095 701
1607667309045 0.3538914620876312 702
1607667309241 0.355138897895813 703
1607667309400 0.35512110590934753 704
1607667309555 0.35520461201667786 705
1607667309726 0.35466739535331726 706
1607667309872 0.35489287972450256 707
1607667310026 0.35410770773887634 708
1607667310187 0.35380664467811584 709
1607667310342 0.3531036972999573 710
1607667310484 0.35328254103660583 711
1607667310628 0.3528079092502594 712
1607667310767 0.3526763916015625 713
1607667310925 0.35244619846343994 714
1607667311066 0.3523816168308258 715
1607667311204 0.35234159231185913 716
1607667311338 0.35236769914627075 717
1607667311473 0.352202445268631 718
1607667311607 0.3524344861507416 719
1607667311740 0.35255950689315796 720
1607667311873 0.3526577353477478 721
1607667312010 0.3529900908470154 722
1607667312151 0.35305672883987427 723
1607667312297 0.3534384071826935 724
1607667312440 0.3545750677585602 725
1607667312577 0.35486558079719543 726
1607667312718 0.3554721176624298 727
1607667312855 0.3554011881351471 728
1607667312995 0.35416853427886963 729
1607667313132 0.3536262512207031 730
1607667313274 0.3536321818828583 731
1607667313425 0.35352852940559387 732
1607667313567 0.35327431559562683 733
1607667313706 0.35279402136802673 734
1607667313851 0.353166401386261 735
1607667314009 0.35324278473854065 736
1607667314163 0.3532937169075012 737
1607667314303 0.353114515542984 738
1607667314435 0.3528038561344147 739
1607667314565 0.3528840243816376 740
1607667314711 0.35239022970199585 741
1607667314852 0.3524339199066162 742
1607667315004 0.3527488112449646 743
1607667315151 0.35279062390327454 744
1607667315291 0.35331153869628906 745
1607667315429 0.3536328077316284 746
1607667315568 0.3535645008087158 747
1607667315703 0.3545997440814972 748
1607667315848 0.35449159145355225 749
1607667316003 0.35465672612190247 750
1607667316153 0.3536252975463867 751
1607667316311 0.35320135951042175 752
1607667316464 0.3529617488384247 753
1607667316603 0.35217779874801636 754
1607667316743 0.3517095744609833 755
1607667316882 0.35142001509666443 756
1607667317035 0.35175296664237976 757
1607667317172 0.3516446053981781 758
1607667317316 0.3523460626602173 759
1607667317452 0.352651447057724 760
1607667317602 0.3534488379955292 761
1607667317748 0.3538482189178467 762
1607667317886 0.3543512523174286 763
1607667318028 0.3539988398551941 764
1607667318164 0.3544600009918213 765
1607667318322 0.3536168336868286 766
1607667318460 0.35319143533706665 767
1607667318611 0.35205355286598206 768
1607667318754 0.35172581672668457 769
1607667318891 0.35147759318351746 770
1607667319046 0.3511669635772705 771
1607667319183 0.35118594765663147 772
1607667319326 0.3515768051147461 773
1607667319462 0.3518710434436798 774
1607667319603 0.35277387499809265 775
1607667319764 0.35325515270233154 776
1607667319927 0.3542660176753998 777
1607667320067 0.35514312982559204 778
1607667320223 0.3544921278953552 779
1607667320370 0.3545946180820465 780
1607667320527 0.35349413752555847 781
1607667320681 0.35316041111946106 782
1607667320837 0.3520212471485138 783
1607667321021 0.3518862724304199 784
1607667321196 0.3514743745326996 785
1607667321360 0.3513997197151184 786
1607667321517 0.35099634528160095 787
1607667321662 0.351657509803772 788
1607667321817 0.35156938433647156 789
1607667321977 0.35208332538604736 790
1607667322135 0.351913720369339 791
1607667322290 0.3524826169013977 792
1607667322447 0.3526337146759033 793
1607667322601 0.3532201051712036 794
1607667322839 0.3535222113132477 795
1607667322993 0.35386449098587036 796
1607667323143 0.35368162393569946 797
1607667323298 0.3532695770263672 798
1607667323455 0.35287946462631226 799
1607667323635 0.35190069675445557 800
1607667323783 0.35154953598976135 801
1607667323930 0.3508588671684265 802
1607667324065 0.3506442606449127 803
1607667324215 0.3504844903945923 804
1607667324362 0.3508642911911011 805
1607667324506 0.3512394428253174 806
1607667324644 0.35209280252456665 807
1607667324780 0.35331079363822937 808
1607667324913 0.3540617525577545 809
1607667325047 0.3545357286930084 810
1607667325182 0.35501477122306824 811
1607667325314 0.35443708300590515 812
1607667325458 0.3543589413166046 813
1607667325595 0.3533748686313629 814
1607667325737 0.3526986241340637 815
1607667325876 0.35244375467300415 816
1607667326013 0.35235917568206787 817
1607667326143 0.3525531589984894 818
1607667326286 0.3522804379463196 819
1607667326420 0.3530949354171753 820
1607667326556 0.35273879766464233 821
1607667326705 0.3537885546684265 822
1607667326838 0.3533914387226105 823
1607667326978 0.3533761203289032 824
1607667327115 0.3521060347557068 825
1607667327249 0.351733535528183 826
1607667327381 0.3511199355125427 827
1607667327519 0.3503948152065277 828
1607667327652 0.3500598967075348 829
1607667327798 0.3496169149875641 830
1607667327936 0.35027483105659485 831
1607667328073 0.3500852584838867 832
1607667328210 0.35091400146484375 833
1607667328341 0.3512473404407501 834
1607667328474 0.35228776931762695 835
1607667328607 0.35274457931518555 836
1607667328740 0.35314932465553284 837
1607667328869 0.35259759426116943 838
1607667329002 0.3528941869735718 839
1607667329146 0.35172131657600403 840
1607667329283 0.35140347480773926 841
1607667329418 0.35084912180900574 842
1607667329555 0.3511102795600891 843
1607667329688 0.35106903314590454 844
1607667329822 0.35110101103782654 845
1607667329957 0.351502925157547 846
1607667330087 0.35159194469451904 847
1607667330224 0.3519229590892792 848
1607667330370 0.35233962535858154 849
1607667330504 0.35203248262405396 850
1607667330637 0.35255351662635803 851
1607667330774 0.3519824743270874 852
1607667330908 0.35284504294395447 853
1607667331043 0.3525961637496948 854
1607667331178 0.35255590081214905 855
1607667331313 0.35250651836395264 856
1607667331439 0.3520601987838745 857
1607667331576 0.35188111662864685 858
1607667331713 0.35165631771087646 859
1607667331849 0.3514059782028198 860
1607667331984 0.3517223000526428 861
1607667332126 0.3516365587711334 862
1607667332262 0.352240651845932 863
1607667332395 0.35239332914352417 864
1607667332535 0.3525984287261963 865
1607667332676 0.3526822030544281 866
1607667332817 0.35269445180892944 867
1607667332959 0.35241788625717163 868
1607667333097 0.3522937297821045 869
1607667333234 0.3515914976596832 870
1607667333369 0.35192668437957764 871
1607667333507 0.35154232382774353 872
1607667333642 0.3520445227622986 873
1607667333774 0.35147354006767273 874
1607667333902 0.352135568857193 875
1607667334066 0.35149750113487244 876
1607667334210 0.3518490493297577 877
1607667334351 0.3509519100189209 878
1607667334484 0.35105618834495544 879
1607667334640 0.3506676256656647 880
1607667334791 0.351205050945282 881
1607667334927 0.35144272446632385 882
1607667335064 0.35210123658180237 883
1607667335198 0.35265350341796875 884
1607667335342 0.3528652787208557 885
1607667335508 0.3532203137874603 886
1607667335655 0.35250842571258545 887
1607667335790 0.3522369861602783 888
1607667335924 0.35140517354011536 889
1607667336057 0.35099929571151733 890
1607667336211 0.3503599166870117 891
1607667336352 0.35009291768074036 892
1607667336485 0.34973660111427307 893
1607667336625 0.3496389091014862 894
1607667336778 0.3497251272201538 895
1607667336936 0.35002127289772034 896
1607667337069 0.35014253854751587 897
1607667337224 0.35063034296035767 898
1607667337370 0.3506609797477722 899
1607667337524 0.35126128792762756 900
1607667337672 0.3513105809688568 901
1607667337803 0.3514682948589325 902
1607667337945 0.3514765501022339 903
1607667338093 0.351385235786438 904
1607667338249 0.35176315903663635 905
1607667338407 0.35151436924934387 906
1607667338565 0.352011501789093 907
1607667338709 0.3512565791606903 908
1607667338843 0.351919025182724 909
1607667338982 0.3506796061992645 910
1607667339114 0.34997066855430603 911
1607667339272 0.34969618916511536 912
1607667339462 0.3499298095703125 913
1607667339616 0.3501761555671692 914
1607667339773 0.3502265214920044 915
1607667339925 0.3508526086807251 916
1607667340081 0.3511371612548828 917
1607667340239 0.3517163395881653 918
1607667340388 0.35188814997673035 919
1607667340540 0.3518969416618347 920
1607667340720 0.3520883321762085 921
1607667340871 0.3516680896282196 922
1607667341027 0.35145601630210876 923
1607667341171 0.35096314549446106 924
1607667341316 0.3507726490497589 925
1607667341452 0.35076361894607544 926
1607667341579 0.3512762188911438 927
1607667341717 0.3515758514404297 928
1607667341850 0.35209041833877563 929
1607667341997 0.3525148034095764 930
1607667342135 0.35248932242393494 931
1607667342268 0.353170245885849 932
1607667342409 0.35282859206199646 933
1607667342544 0.3528608977794647 934
1607667342687 0.3522041440010071 935
1607667342824 0.351910263299942 936
1607667342966 0.3515481650829315 937
1607667343107 0.351270854473114 938
1607667343253 0.3503141701221466 939
1607667343393 0.35018837451934814 940
1607667343529 0.35015228390693665 941
1607667343661 0.3502005934715271 942
1607667343792 0.35000160336494446 943
1607667343927 0.3507845997810364 944
1607667344061 0.3511795103549957 945
1607667344200 0.35184821486473083 946
1607667344336 0.35241106152534485 947
1607667344478 0.35287535190582275 948
1607667344614 0.35338664054870605 949
1607667344749 0.353267639875412 950
1607667344882 0.35285764932632446 951
1607667345017 0.35210373997688293 952
1607667345154 0.3511458933353424 953
1607667345291 0.35083961486816406 954
1607667345435 0.3501184582710266 955
1607667345566 0.35014283657073975 956
1607667345706 0.3496013879776001 957
1607667345840 0.3499562442302704 958
1607667345970 0.3497389554977417 959
1607667346104 0.34973961114883423 960
1607667346244 0.35000380873680115 961
1607667346383 0.3502199351787567 962
1607667346513 0.35086044669151306 963
1607667346644 0.3511841297149658 964
1607667346779 0.3511737287044525 965
1607667346930 0.35162174701690674 966
1607667347065 0.3514944911003113 967
1607667347201 0.3513951897621155 968
1607667347333 0.3507794737815857 969
1607667347481 0.3507567346096039 970
1607667347628 0.3508530557155609 971
1607667347781 0.35103416442871094 972
1607667347952 0.35055863857269287 973
1607667348118 0.35071367025375366 974
1607667348302 0.35042229294776917 975
1607667348488 0.35070982575416565 976
1607667348637 0.3507291078567505 977
1607667348794 0.351063072681427 978
1607667348948 0.351056307554245 979
1607667349096 0.3519801199436188 980
1607667349247 0.35114625096321106 981
1607667349484 0.3519478440284729 982
1607667349631 0.35105565190315247 983
1607667349778 0.3510923385620117 984
1607667350102 0.35017552971839905 985
1607667350247 0.3499455749988556 986
1607667350383 0.3498259484767914 987
1607667350523 0.34983062744140625 988
1607667350650 0.3498646914958954 989
1607667350780 0.35051804780960083 990
1607667350915 0.3504561483860016 991
1607667351047 0.3513115346431732 992
1607667351195 0.35135820508003235 993
1607667351359 0.3519569933414459 994
1607667351510 0.3513346314430237 995
1607667351658 0.35143017768859863 996
1607667351797 0.3508490324020386 997
1607667351935 0.3513903319835663 998
1607667352074 0.3503624498844147 999
