1607610892490 0.47417810559272766 0
1607610892618 0.4688304364681244 1
1607610892736 0.4575712978839874 2
1607610892859 0.44990798830986023 3
1607610892987 0.4446750283241272 4
1607610893116 0.44261521100997925 5
1607610893242 0.4407118558883667 6
1607610893371 0.43972259759902954 7
1607610893493 0.4395007789134979 8
1607610893621 0.43965914845466614 9
1607610893752 0.43936920166015625 10
1607610893881 0.43784669041633606 11
1607610894006 0.43667078018188477 12
1607610894135 0.4358016550540924 13
1607610894255 0.435510516166687 14
1607610894396 0.4352322518825531 15
1607610894517 0.43511059880256653 16
1607610894646 0.4344683587551117 17
1607610894773 0.4340053200721741 18
1607610894889 0.43265852332115173 19
1607610895017 0.43124642968177795 20
1607610895134 0.4299204349517822 21
1607610895254 0.4286438524723053 22
1607610895389 0.4276360869407654 23
1607610895512 0.42680832743644714 24
1607610895635 0.42613571882247925 25
1607610895756 0.42609184980392456 26
1607610895887 0.4261173903942108 27
1607610896020 0.4253077507019043 28
1607610896142 0.423954039812088 29
1607610896266 0.42333048582077026 30
1607610896394 0.42270028591156006 31
1607610896516 0.4226130247116089 32
1607610896639 0.4228232502937317 33
1607610896762 0.422544002532959 34
1607610896877 0.42115238308906555 35
1607610897002 0.41977015137672424 36
1607610897138 0.41869035363197327 37
1607610897253 0.4178779721260071 38
1607610897377 0.41681841015815735 39
1607610897500 0.41581496596336365 40
1607610897639 0.41468673944473267 41
1607610897763 0.4146510064601898 42
1607610897885 0.4149332344532013 43
1607610898017 0.41521570086479187 44
1607610898140 0.41484037041664124 45
1607610898263 0.41355404257774353 46
1607610898385 0.41241124272346497 47
1607610898507 0.4105566740036011 48
1607610898628 0.4096626937389374 49
1607610898758 0.4092332720756531 50
1607610898876 0.4090372622013092 51
1607610898998 0.40906959772109985 52
1607610899124 0.40873223543167114 53
1607610899250 0.4085780084133148 54
1607610899376 0.40776383876800537 55
1607610899501 0.40712785720825195 56
1607610899621 0.40614163875579834 57
1607610899740 0.40502166748046875 58
1607610899876 0.4040301740169525 59
1607610900008 0.4035038650035858 60
1607610900135 0.4018996059894562 61
1607610900259 0.4009685516357422 62
1607610900386 0.4001123905181885 63
1607610900504 0.3997233211994171 64
1607610900626 0.39984190464019775 65
1607610900748 0.39980238676071167 66
1607610900865 0.39983639121055603 67
1607610900991 0.39927080273628235 68
1607610901134 0.39923420548439026 69
1607610901277 0.39948585629463196 70
1607610901421 0.3988562524318695 71
1607610901543 0.3981994688510895 72
1607610901664 0.3969550132751465 73
1607610901783 0.3967668116092682 74
1607610901905 0.39613401889801025 75
1607610902025 0.39508238434791565 76
1607610902149 0.39415445923805237 77
1607610902275 0.3937995135784149 78
1607610902393 0.3932091295719147 79
1607610902531 0.39287352561950684 80
1607610902658 0.39177533984184265 81
1607610902784 0.3918147683143616 82
1607610902920 0.39244869351387024 83
1607610903054 0.3927309513092041 84
1607610903181 0.3920600414276123 85
1607610903305 0.3912922143936157 86
1607610903447 0.390201598405838 87
1607610903569 0.3902982175350189 88
1607610903693 0.3906692564487457 89
1607610903816 0.3902004659175873 90
1607610903949 0.3888331949710846 91
1607610904074 0.3881826400756836 92
1607610904193 0.3880171775817871 93
1607610904318 0.3878127336502075 94
1607610904445 0.3889109194278717 95
1607610904563 0.389312744140625 96
1607610904685 0.387773722410202 97
1607610904802 0.3868839144706726 98
1607610904918 0.3856116235256195 99
1607610905038 0.3854016065597534 100
1607610905159 0.3854478597640991 101
1607610905280 0.38565853238105774 102
1607610905397 0.3857775032520294 103
1607610905526 0.38606202602386475 104
1607610905644 0.3858734369277954 105
1607610905765 0.3849552273750305 106
1607610905889 0.3844943642616272 107
1607610906015 0.3846988081932068 108
1607610906139 0.3840348422527313 109
1607610906259 0.3841969966888428 110
1607610906390 0.3833868205547333 111
1607610906512 0.38326022028923035 112
1607610906660 0.38201460242271423 113
1607610906784 0.38191550970077515 114
1607610906905 0.3821186125278473 115
1607610907032 0.3816390335559845 116
1607610907160 0.38201117515563965 117
1607610907293 0.3816639184951782 118
1607610907437 0.38132616877555847 119
1607610907580 0.38117992877960205 120
1607610907710 0.3815408945083618 121
1607610907834 0.38116657733917236 122
1607610907955 0.3813530504703522 123
1607610908079 0.38096800446510315 124
1607610908221 0.3807125389575958 125
1607610908346 0.3810773491859436 126
1607610908480 0.38035744428634644 127
1607610908618 0.3795787990093231 128
1607610908760 0.3785557746887207 129
1607610908888 0.37788131833076477 130
1607610909037 0.37747642397880554 131
1607610909169 0.3768138587474823 132
1607610909301 0.3763348162174225 133
1607610909430 0.37652823328971863 134
1607610909549 0.376756876707077 135
1607610909668 0.37727105617523193 136
1607610909806 0.3785581886768341 137
1607610909933 0.37833303213119507 138
1607610910061 0.3784838616847992 139
1607610910188 0.3779085576534271 140
1607610910443 0.3777587413787842 141
1607610910577 0.37774184346199036 142
1607610910696 0.37718111276626587 143
1607610910815 0.3771330416202545 144
1607610910939 0.37702736258506775 145
1607610911058 0.37649962306022644 146
1607610911178 0.37636005878448486 147
1607610911314 0.375811904668808 148
1607610911440 0.3754618763923645 149
1607610911560 0.3753640949726105 150
1607610911686 0.3751835525035858 151
1607610911804 0.3752812147140503 152
1607610911924 0.37563398480415344 153
1607610912060 0.3748821020126343 154
1607610912203 0.37492635846138 155
1607610912347 0.3746475875377655 156
1607610912490 0.374387264251709 157
1607610912633 0.37350520491600037 158
1607610912776 0.3736976385116577 159
1607610912938 0.37346401810646057 160
1607610913081 0.3738460838794708 161
1607610913202 0.37392252683639526 162
1607610913324 0.37429285049438477 163
1607610913447 0.3745953440666199 164
1607610913576 0.37493669986724854 165
1607610913698 0.37493741512298584 166
1607610913823 0.3758936822414398 167
1607610913959 0.3754476010799408 168
1607610914086 0.37530821561813354 169
1607610914204 0.37449291348457336 170
1607610914321 0.3741815388202667 171
1607610914440 0.37355515360832214 172
1607610914573 0.37302157282829285 173
1607610914694 0.3726688325405121 174
1607610914818 0.3719937205314636 175
1607610914941 0.3718889057636261 176
1607610915064 0.3714664876461029 177
1607610915181 0.37177345156669617 178
1607610915306 0.37179338932037354 179
1607610915432 0.37158671021461487 180
1607610915556 0.37157687544822693 181
1607610915680 0.37129315733909607 182
1607610915799 0.3716212809085846 183
1607610915916 0.3712224066257477 184
1607610916037 0.3711921274662018 185
1607610916158 0.3711707592010498 186
1607610916280 0.37123197317123413 187
1607610916400 0.3711269795894623 188
1607610916522 0.37129321694374084 189
1607610916640 0.37159737944602966 190
1607610916761 0.3719509243965149 191
1607610916883 0.37093913555145264 192
1607610917011 0.3704817295074463 193
1607610917145 0.3703363239765167 194
1607610917267 0.3702682852745056 195
1607610917383 0.3699154555797577 196
1607610917497 0.3705071210861206 197
1607610917622 0.3711928725242615 198
1607610917764 0.37175655364990234 199
1607610917898 0.3720813989639282 200
1607610918030 0.3726639747619629 201
1607610918155 0.3735688030719757 202
1607610918279 0.37219953536987305 203
1607610918411 0.3713873028755188 204
1607610918564 0.37046873569488525 205
1607610918706 0.3703012764453888 206
1607610918831 0.3703133761882782 207
1607610918971 0.36945077776908875 208
1607610919105 0.3697684109210968 209
1607610919258 0.3693411946296692 210
1607610919381 0.3693435788154602 211
1607610919498 0.3692808151245117 212
1607610919618 0.3695618510246277 213
1607610919747 0.369344025850296 214
1607610919881 0.36972227692604065 215
1607610920024 0.3690761625766754 216
1607610920154 0.3699159324169159 217
1607610920291 0.3694126605987549 218
1607610920421 0.3701561689376831 219
1607610920549 0.36965620517730713 220
1607610920675 0.37002453207969666 221
1607610920815 0.3703649640083313 222
1607610920947 0.3695453703403473 223
1607610921077 0.36990582942962646 224
1607610921195 0.36899086833000183 225
1607610921328 0.3687050938606262 226
1607610921480 0.3679032325744629 227
1607610921611 0.3677857518196106 228
1607610921735 0.3673468232154846 229
1607610921866 0.36757510900497437 230
1607610921989 0.3676844537258148 231
1607610922111 0.368061363697052 232
1607610922241 0.36812224984169006 233
1607610922382 0.3687453269958496 234
1607610922506 0.36844056844711304 235
1607610922632 0.36893004179000854 236
1607610922758 0.3678615093231201 237
1607610922884 0.3677288591861725 238
1607610923007 0.36721929907798767 239
1607610923152 0.3671247065067291 240
1607610923295 0.3665531575679779 241
1607610923437 0.36683323979377747 242
1607610923581 0.3666376769542694 243
1607610923724 0.36748185753822327 244
1607610923866 0.3669615685939789 245
1607610924009 0.3677355647087097 246
1607610924152 0.36700665950775146 247
1607610924277 0.36736011505126953 248
1607610924400 0.3667038083076477 249
1607610924522 0.36657068133354187 250
1607610924645 0.3661695122718811 251
1607610924760 0.36668550968170166 252
1607610924877 0.36612415313720703 253
1607610924999 0.3664110600948334 254
1607610925118 0.36648494005203247 255
1607610925237 0.36650893092155457 256
1607610925356 0.3668213188648224 257
1607610925474 0.36697834730148315 258
1607610925588 0.36720961332321167 259
1607610925708 0.36722224950790405 260
1607610925826 0.3683597445487976 261
1607610925943 0.3678138256072998 262
1607610926064 0.36794814467430115 263
1607610926183 0.3675028085708618 264
1607610926306 0.36724576354026794 265
1607610926423 0.36761459708213806 266
1607610926544 0.3677275478839874 267
1607610926663 0.36801642179489136 268
1607610926780 0.368146687746048 269
1607610926898 0.36799314618110657 270
1607610927017 0.3681173324584961 271
1607610927137 0.36786043643951416 272
1607610927255 0.3678795397281647 273
1607610927383 0.36689868569374084 274
1607610927500 0.36650562286376953 275
1607610927621 0.36616408824920654 276
1607610927747 0.3659653663635254 277
1607610927866 0.36649125814437866 278
1607610927983 0.365957111120224 279
1607610928100 0.3659684658050537 280
1607610928226 0.3655746579170227 281
1607610928347 0.3656809628009796 282
1607610928462 0.3654788136482239 283
1607610928581 0.36497315764427185 284
1607610928716 0.36474624276161194 285
1607610928844 0.36460769176483154 286
1607610928971 0.3646949231624603 287
1607610929107 0.3644907474517822 288
1607610929234 0.36433297395706177 289
1607610929388 0.36420318484306335 290
1607610929521 0.3642871379852295 291
1607610929650 0.3641563355922699 292
1607610929775 0.36409667134284973 293
1607610929899 0.3642529547214508 294
1607610930024 0.3644573390483856 295
1607610930163 0.3652730882167816 296
1607610930290 0.3655746281147003 297
1607610930411 0.36577150225639343 298
1607610930534 0.3662177324295044 299
1607610930659 0.365811824798584 300
1607610930784 0.36578670144081116 301
1607610930924 0.3652348518371582 302
1607610931046 0.3649967908859253 303
1607610931168 0.36466142535209656 304
1607610931286 0.36485427618026733 305
1607610931411 0.3649437129497528 306
1607610931532 0.36493581533432007 307
1607610931677 0.3651026785373688 308
1607610931805 0.3648465871810913 309
1607610931932 0.3645475208759308 310
1607610932061 0.3641676604747772 311
1607610932183 0.36408573389053345 312
1607610932312 0.3635345995426178 313
1607610932457 0.36310985684394836 314
1607610932594 0.36311063170433044 315
1607610932719 0.3633212149143219 316
1607610932853 0.3636101484298706 317
1607610932977 0.36441007256507874 318
1607610933105 0.3653257191181183 319
1607610933245 0.36609506607055664 320
1607610933389 0.36673375964164734 321
1607610933516 0.3670988082885742 322
1607610933636 0.3659418523311615 323
1607610933757 0.3657546043395996 324
1607610933876 0.3647710382938385 325
1607610934003 0.36485642194747925 326
1607610934128 0.3644878566265106 327
1607610934277 0.3639949858188629 328
1607610934420 0.36400654911994934 329
1607610934563 0.36414557695388794 330
1607610934705 0.36412474513053894 331
1607610934848 0.36433345079421997 332
1607610934991 0.3644183874130249 333
1607610935133 0.36442500352859497 334
1607610935267 0.3643335998058319 335
1607610935390 0.3639756739139557 336
1607610935515 0.36361896991729736 337
1607610935642 0.36353981494903564 338
1607610935762 0.36320242285728455 339
1607610935885 0.36291760206222534 340
1607610936015 0.3622260093688965 341
1607610936139 0.3622545599937439 342
1607610936266 0.36163046956062317 343
1607610936397 0.3618798851966858 344
1607610936524 0.36145099997520447 345
1607610936653 0.36193594336509705 346
1607610936783 0.36184367537498474 347
1607610936913 0.36220696568489075 348
1607610937043 0.3624585270881653 349
1607610937182 0.36353638768196106 350
1607610937308 0.3632630407810211 351
1607610937444 0.363794207572937 352
1607610937585 0.36323046684265137 353
1607610937719 0.363668292760849 354
1607610937847 0.36343762278556824 355
1607610937980 0.3634052276611328 356
1607610938109 0.3628746271133423 357
1607610938231 0.36267927289009094 358
1607610938360 0.36250898241996765 359
1607610938490 0.3626320958137512 360
1607610938634 0.3628407418727875 361
1607610938770 0.3632243871688843 362
1607610938895 0.3634198009967804 363
1607610939028 0.3636389970779419 364
1607610939163 0.36377453804016113 365
1607610939285 0.36408233642578125 366
1607610939415 0.3636477291584015 367
1607610939541 0.3634650707244873 368
1607610939663 0.3628043532371521 369
1607610939786 0.36245211958885193 370
1607610939934 0.361812949180603 371
1607610940064 0.36174172163009644 372
1607610940196 0.3615446984767914 373
1607610940317 0.3615080416202545 374
1607610940449 0.36113205552101135 375
1607610940596 0.3611190915107727 376
1607610940726 0.3612678647041321 377
1607610940845 0.3615182042121887 378
1607610940964 0.361563503742218 379
1607610941090 0.3617548644542694 380
1607610941210 0.3621300458908081 381
1607610941349 0.3622666001319885 382
1607610941478 0.3626410961151123 383
1607610941608 0.36231696605682373 384
1607610941725 0.3624260425567627 385
1607610941855 0.3616389334201813 386
1607610941997 0.3613623380661011 387
1607610942143 0.36074769496917725 388
1607610942289 0.3606109917163849 389
1607610942436 0.36024096608161926 390
1607610942583 0.36002489924430847 391
1607610942719 0.3600955903530121 392
1607610942859 0.36023396253585815 393
1607610943001 0.3606989085674286 394
1607610943125 0.36078429222106934 395
1607610943247 0.361632376909256 396
1607610943376 0.36154040694236755 397
1607610943514 0.36281561851501465 398
1607610943656 0.36275193095207214 399
1607610943791 0.36359265446662903 400
1607610943914 0.3634600043296814 401
1607610944041 0.3633697032928467 402
1607610944167 0.3627169132232666 403
1607610944286 0.36224886775016785 404
1607610944425 0.361676961183548 405
1607610944550 0.3617611229419708 406
1607610944675 0.3614424765110016 407
1607610944796 0.36158496141433716 408
1607610944920 0.3615778982639313 409
1607610945043 0.3621457815170288 410
1607610945185 0.3630107045173645 411
1607610945328 0.362589955329895 412
1607610945471 0.36297622323036194 413
1607610945609 0.3623127341270447 414
1607610945753 0.3623068332672119 415
1607610945905 0.3615427017211914 416
1607610946047 0.3613564670085907 417
1607610946189 0.3612901568412781 418
1607610946317 0.3612479567527771 419
1607610946437 0.36108022928237915 420
1607610946556 0.3612532317638397 421
1607610946673 0.361337810754776 422
1607610946791 0.36147579550743103 423
1607610946907 0.3616403341293335 424
1607610947031 0.3614276945590973 425
1607610947154 0.36129075288772583 426
1607610947280 0.36072057485580444 427
1607610947399 0.3605893552303314 428
1607610947517 0.36006760597229004 429
1607610947635 0.3595028817653656 430
1607610947755 0.3588986098766327 431
1607610947881 0.35885968804359436 432
1607610948000 0.35899484157562256 433
1607610948124 0.35915759205818176 434
1607610948242 0.35978060960769653 435
1607610948362 0.36031100153923035 436
1607610948480 0.36104530096054077 437
1607610948595 0.36125093698501587 438
1607610948719 0.36147889494895935 439
1607610948836 0.36142629384994507 440
1607610948954 0.36133408546447754 441
1607610949072 0.3607301712036133 442
1607610949198 0.3602357506752014 443
1607610949316 0.3599507808685303 444
1607610949436 0.35945355892181396 445
1607610949556 0.3599065840244293 446
1607610949678 0.3600490987300873 447
1607610949796 0.3603518009185791 448
1607610949919 0.36028897762298584 449
1607610950044 0.36061781644821167 450
1607610950166 0.361014187335968 451
1607610950296 0.3607293963432312 452
1607610950421 0.3603816628456116 453
1607610950548 0.360026091337204 454
1607610950668 0.3600859045982361 455
1607610950813 0.3595856726169586 456
1607610950947 0.35930705070495605 457
1607610951064 0.35921525955200195 458
1607610951188 0.3589123487472534 459
1607610951315 0.3593558669090271 460
1607610951469 0.35904812812805176 461
1607610951600 0.35947340726852417 462
1607610951722 0.360176682472229 463
1607610951846 0.3605239987373352 464
1607610951973 0.36161667108535767 465
1607610952101 0.36233362555503845 466
1607610952245 0.36238768696784973 467
1607610952375 0.36240777373313904 468
1607610952500 0.3616979420185089 469
1607610952638 0.3613976240158081 470
1607610952760 0.3606417179107666 471
1607610952883 0.3593830168247223 472
1607610953022 0.3587557375431061 473
1607610953149 0.35803812742233276 474
1607610953269 0.3584000766277313 475
1607610953388 0.3582206666469574 476
1607610953518 0.3583342432975769 477
1607610953639 0.3585873246192932 478
1607610953789 0.3588509261608124 479
1607610953919 0.3595069348812103 480
1607610954044 0.3593006432056427 481
1607610954161 0.35958051681518555 482
1607610954282 0.35992735624313354 483
1607610954406 0.3598857522010803 484
1607610954551 0.3596908748149872 485
1607610954682 0.36064255237579346 486
1607610954804 0.36044132709503174 487
1607610954934 0.361906498670578 488
1607610955056 0.36070600152015686 489
1607610955180 0.36111924052238464 490
1607610955324 0.3607824146747589 491
1607610955454 0.36052337288856506 492
1607610955574 0.3605583906173706 493
1607610955692 0.3601364493370056 494
1607610955810 0.36037012934684753 495
1607610955931 0.35928985476493835 496
1607610956080 0.3592246472835541 497
1607610956224 0.3585405647754669 498
1607610956367 0.35836121439933777 499
1607610956504 0.35760605335235596 500
1607610956629 0.3575821816921234 501
1607610956773 0.3573378622531891 502
1607610956916 0.3575287461280823 503
1607610957050 0.35753175616264343 504
1607610957185 0.35810115933418274 505
1607610957318 0.3584108352661133 506
1607610957439 0.3588787317276001 507
1607610957579 0.35985106229782104 508
1607610957710 0.3599451780319214 509
1607610957828 0.36042162775993347 510
1607610957944 0.36068546772003174 511
1607610958061 0.36034896969795227 512
1607610958179 0.3603539764881134 513
1607610958307 0.3590879738330841 514
1607610958440 0.3589218556880951 515
1607610958564 0.3577406704425812 516
1607610958695 0.35731828212738037 517
1607610958811 0.3568952679634094 518
1607610958928 0.35698267817497253 519
1607610959056 0.35731005668640137 520
1607610959185 0.3575782775878906 521
1607610959305 0.3584537208080292 522
1607610959442 0.35883721709251404 523
1607610959580 0.35946038365364075 524
1607610959720 0.3599051833152771 525
1607610959867 0.3600991666316986 526
1607610960009 0.35995301604270935 527
1607610960157 0.35974520444869995 528
1607610960304 0.35957303643226624 529
1607610960431 0.36005789041519165 530
1607610960554 0.3595908284187317 531
1607610960677 0.3595271706581116 532
1607610960807 0.3588765561580658 533
1607610960927 0.3586489260196686 534
1607610961052 0.3585793375968933 535
1607610961179 0.3584918975830078 536
1607610961303 0.3584059178829193 537
1607610961422 0.3585166335105896 538
1607610961542 0.3582710027694702 539
1607610961683 0.358593612909317 540
1607610961807 0.3586045205593109 541
1607610961929 0.35848572850227356 542
1607610962048 0.35814112424850464 543
1607610962165 0.3579508364200592 544
1607610962285 0.35777586698532104 545
1607610962424 0.3576214015483856 546
1607610962548 0.35716214776039124 547
1607610962668 0.3571193814277649 548
1607610962789 0.35674676299095154 549
1607610962910 0.35710686445236206 550
1607610963033 0.35699373483657837 551
1607610963178 0.35740748047828674 552
1607610963311 0.3577854037284851 553
1607610963437 0.3580031991004944 554
1607610963554 0.358546644449234 555
1607610963674 0.35856688022613525 556
1607610963814 0.35883212089538574 557
1607610963939 0.3587052524089813 558
1607610964059 0.35881978273391724 559
1607610964183 0.3583180606365204 560
1607610964303 0.35818466544151306 561
1607610964443 0.3577573299407959 562
1607610964570 0.3575098216533661 563
1607610964689 0.35685673356056213 564
1607610964810 0.3568774461746216 565
1607610964927 0.35653841495513916 566
1607610965044 0.35663682222366333 567
1607610965181 0.356913298368454 568
1607610965312 0.3570168912410736 569
1607610965446 0.3579617738723755 570
1607610965579 0.3586635887622833 571
1607610965709 0.3594611585140228 572
1607610965840 0.3606504201889038 573
1607610965986 0.3618985712528229 574
1607610966114 0.36223986744880676 575
1607610966233 0.36146029829978943 576
1607610966367 0.36073464155197144 577
1607610966505 0.3600267469882965 578
1607610966820 0.3591882884502411 579
1607610966944 0.3580436110496521 580
1607610967085 0.3571612238883972 581
1607610967229 0.35735318064689636 582
1607610967376 0.3569595515727997 583
1607610967519 0.3574661612510681 584
1607610967655 0.35731419920921326 585
1607610967791 0.35758453607559204 586
1607610967952 0.35738053917884827 587
1607610968095 0.3576391935348511 588
1607610968219 0.35770678520202637 589
1607610968336 0.3575041592121124 590
1607610968454 0.35774368047714233 591
1607610968573 0.3575016260147095 592
1607610968692 0.3576398491859436 593
1607610968810 0.3572961091995239 594
1607610968930 0.35742175579071045 595
1607610969049 0.3569643497467041 596
1607610969167 0.35771644115448 597
1607610969288 0.35758277773857117 598
1607610969404 0.3579634428024292 599
1607610969518 0.35847899317741394 600
1607610969633 0.3587425649166107 601
1607610969750 0.3592625558376312 602
1607610969871 0.35897597670555115 603
1607610969989 0.3584592640399933 604
1607610970107 0.3579716086387634 605
1607610970231 0.3575696349143982 606
1607610970353 0.35655590891838074 607
1607610970468 0.3562788665294647 608
1607610970586 0.35581502318382263 609
1607610970708 0.35598647594451904 610
1607610970835 0.35594403743743896 611
1607610970956 0.35641518235206604 612
1607610971072 0.3570939898490906 613
1607610971195 0.3576866388320923 614
1607610971314 0.3588778078556061 615
1607610971441 0.35865721106529236 616
1607610971558 0.3591368794441223 617
1607610971673 0.35868871212005615 618
1607610971792 0.3585609197616577 619
1607610971916 0.35794052481651306 620
1607610972033 0.3570758104324341 621
1607610972151 0.3571430444717407 622
1607610972272 0.3567661643028259 623
1607610972394 0.35701248049736023 624
1607610972531 0.35675451159477234 625
1607610972655 0.35659512877464294 626
1607610972770 0.3565521538257599 627
1607610972888 0.35614410042762756 628
1607610973013 0.35625988245010376 629
1607610973132 0.356319397687912 630
1607610973270 0.3563823997974396 631
1607610973389 0.3568234145641327 632
1607610973506 0.3569559156894684 633
1607610973626 0.3572193384170532 634
1607610973749 0.35760071873664856 635
1607610973879 0.357266902923584 636
1607610974014 0.35736268758773804 637
1607610974141 0.3569677174091339 638
1607610974258 0.35736727714538574 639
1607610974376 0.35702118277549744 640
1607610974503 0.35687825083732605 641
1607610974618 0.35671111941337585 642
1607610974754 0.35682570934295654 643
1607610974876 0.35677024722099304 644
1607610974994 0.3565811812877655 645
1607610975120 0.356297105550766 646
1607610975242 0.356393963098526 647
1607610975381 0.35650116205215454 648
1607610975507 0.35649675130844116 649
1607610975624 0.3571945130825043 650
1607610975749 0.3573169410228729 651
1607610975879 0.3578782379627228 652
1607610975996 0.35790038108825684 653
1607610976132 0.35826507210731506 654
1607610976267 0.3577464520931244 655
1607610976395 0.3576698899269104 656
1607610976512 0.3569142520427704 657
1607610976633 0.35690510272979736 658
1607610976749 0.3562917411327362 659
1607610976887 0.3560619652271271 660
1607610977017 0.3556562662124634 661
1607610977132 0.35556620359420776 662
1607610977256 0.355398565530777 663
1607610977378 0.3555755019187927 664
1607610977505 0.35542240738868713 665
1607610977640 0.355939656496048 666
1607610977785 0.3563825190067291 667
1607610977928 0.3571178615093231 668
1607610978085 0.3575282096862793 669
1607610978232 0.3580172657966614 670
1607610978366 0.357906311750412 671
1607610978505 0.358951598405838 672
1607610978646 0.35901862382888794 673
1607610978775 0.35863593220710754 674
1607610978894 0.3577307462692261 675
1607610979015 0.35713714361190796 676
1607610979131 0.35700172185897827 677
1607610979248 0.35637789964675903 678
1607610979362 0.35601282119750977 679
1607610979482 0.35572174191474915 680
1607610979596 0.3558793067932129 681
1607610979711 0.3557829260826111 682
1607610979839 0.3560211658477783 683
1607610979960 0.35577157139778137 684
1607610980084 0.35627707839012146 685
1607610980204 0.3559856116771698 686
1607610980324 0.35648852586746216 687
1607610980444 0.35602694749832153 688
1607610980563 0.35670870542526245 689
1607610980685 0.35683655738830566 690
1607610980808 0.3569876253604889 691
1607610980945 0.35707664489746094 692
1607610981079 0.3572761118412018 693
1607610981205 0.35727423429489136 694
1607610981337 0.35670006275177 695
1607610981464 0.3565050959587097 696
1607610981586 0.3559061586856842 697
1607610981709 0.35561612248420715 698
1607610981832 0.35522693395614624 699
1607610981964 0.35492509603500366 700
1607610982105 0.3550463318824768 701
1607610982236 0.35465866327285767 702
1607610982363 0.3550138473510742 703
1607610982485 0.35493016242980957 704
1607610982612 0.3554660379886627 705
1607610982741 0.3557787835597992 706
1607610982873 0.3561587631702423 707
1607610983000 0.356973797082901 708
1607610983121 0.35704484581947327 709
1607610983269 0.3577781021595001 710
1607610983403 0.3569992482662201 711
1607610983531 0.3575661778450012 712
1607610983654 0.3567717969417572 713
1607610983777 0.35654890537261963 714
1607610983894 0.3558177351951599 715
1607610984034 0.35555121302604675 716
1607610984161 0.35542842745780945 717
1607610984290 0.35510072112083435 718
1607610984417 0.3548562824726105 719
1607610984539 0.35443612933158875 720
1607610984680 0.35448363423347473 721
1607610984805 0.3543277084827423 722
1607610984928 0.35429874062538147 723
1607610985050 0.3541555106639862 724
1607610985169 0.35429975390434265 725
1607610985298 0.35470500588417053 726
1607610985420 0.35497963428497314 727
1607610985551 0.3559080958366394 728
1607610985672 0.3568958342075348 729
1607610985789 0.35764575004577637 730
1607610985924 0.3585485517978668 731
1607610986050 0.35862892866134644 732
1607610986171 0.35880690813064575 733
1607610986288 0.3576482832431793 734
1607610986411 0.35696151852607727 735
1607610986527 0.355721652507782 736
1607610986668 0.355138897895813 737
1607610986794 0.3547528386116028 738
1607610986912 0.3541601598262787 739
1607610987034 0.35428744554519653 740
1607610987154 0.3542911112308502 741
1607610987273 0.35476791858673096 742
1607610987424 0.3555890917778015 743
1607610987548 0.3562963008880615 744
1607610987665 0.356832355260849 745
1607610987791 0.35795626044273376 746
1607610987908 0.35777199268341064 747
1607610988026 0.3584986627101898 748
1607610988169 0.35758692026138306 749
1607610988301 0.35743090510368347 750
1607610988426 0.35610032081604004 751
1607610988551 0.35616937279701233 752
1607610988677 0.3552621901035309 753
1607610988819 0.3551674485206604 754
1607610988962 0.3544263243675232 755
1607610989105 0.3543727993965149 756
1607610989248 0.35414838790893555 757
1607610989391 0.3541412055492401 758
1607610989553 0.35414013266563416 759
1607610989689 0.3542918264865875 760
1607610989818 0.35471653938293457 761
1607610989940 0.3549477756023407 762
1607610990065 0.3557228744029999 763
1607610990200 0.35602566599845886 764
1607610990325 0.35650405287742615 765
1607610990453 0.3566725552082062 766
1607610990576 0.3567582368850708 767
1607610990712 0.3563869595527649 768
1607610990834 0.35660579800605774 769
1607610990957 0.355834037065506 770
1607610991079 0.35619184374809265 771
1607610991198 0.35543331503868103 772
1607610991330 0.3560481071472168 773
1607610991458 0.3556409776210785 774
1607610991592 0.3556167483329773 775
1607610991719 0.3555694818496704 776
1607610991849 0.3553723394870758 777
1607610991968 0.355624794960022 778
1607610992085 0.35552459955215454 779
1607610992208 0.35542547702789307 780
1607610992327 0.3553043305873871 781
1607610992458 0.35534974932670593 782
1607610992592 0.35535675287246704 783
1607610992711 0.355430006980896 784
1607610992834 0.35518646240234375 785
1607610992962 0.35510024428367615 786
1607610993081 0.3550829291343689 787
1607610993221 0.35505741834640503 788
1607610993371 0.3551340401172638 789
1607610993508 0.35532379150390625 790
1607610993652 0.3552476763725281 791
1607610993796 0.3557398319244385 792
1607610993939 0.3556053638458252 793
1607610994086 0.35564345121383667 794
1607610994226 0.3555116057395935 795
1607610994369 0.35512930154800415 796
1607610994513 0.35478660464286804 797
1607610994641 0.3543892800807953 798
1607610994777 0.3543676435947418 799
1607610994918 0.35428309440612793 800
1607610995050 0.3542257845401764 801
1607610995182 0.35465070605278015 802
1607610995306 0.3548683822154999 803
1607610995427 0.3548944890499115 804
1607610995552 0.3552488386631012 805
1607610995683 0.35497811436653137 806
1607610995806 0.3553524613380432 807
1607610995925 0.35506540536880493 808
1607610996051 0.3548491299152374 809
1607610996179 0.35494905710220337 810
1607610996309 0.3543860912322998 811
1607610996439 0.35455504059791565 812
1607610996566 0.35464492440223694 813
1607610996685 0.3546478748321533 814
1607610996808 0.3551665246486664 815
1607610996935 0.3550134301185608 816
1607610997057 0.3555991053581238 817
1607610997192 0.355512797832489 818
1607610997324 0.35571396350860596 819
1607610997446 0.35583266615867615 820
1607610997582 0.3555442988872528 821
1607610997714 0.35576608777046204 822
1607610997841 0.35516443848609924 823
1607610997975 0.35563963651657104 824
1607610998109 0.35463133454322815 825
1607610998231 0.3545186221599579 826
1607610998376 0.35401275753974915 827
1607610998518 0.3538678288459778 828
1607610998662 0.35380133986473083 829
1607610998800 0.35376283526420593 830
1607610998949 0.3538608253002167 831
1607610999092 0.35381972789764404 832
1607610999231 0.3540441691875458 833
1607610999353 0.3542400300502777 834
1607610999476 0.35491207242012024 835
1607610999612 0.3545280694961548 836
1607610999748 0.3548900783061981 837
1607610999878 0.35401615500450134 838
1607611000002 0.3548683822154999 839
1607611000124 0.3540656566619873 840
1607611000253 0.35420626401901245 841
1607611000379 0.3534550070762634 842
1607611000508 0.35354673862457275 843
1607611000635 0.35403501987457275 844
1607611000764 0.3542342185974121 845
1607611000888 0.35499417781829834 846
1607611001017 0.3549920916557312 847
1607611001141 0.3553902804851532 848
1607611001264 0.3553161323070526 849
1607611001388 0.35511839389801025 850
1607611001517 0.35495007038116455 851
1607611001638 0.3545980453491211 852
1607611001757 0.3547693192958832 853
1607611001888 0.3548859655857086 854
1607611002011 0.35540086030960083 855
1607611002138 0.3556990623474121 856
1607611002267 0.35605332255363464 857
1607611002391 0.3560618460178375 858
1607611002524 0.35551926493644714 859
1607611002668 0.35496029257774353 860
1607611002811 0.3543238639831543 861
1607611002954 0.35387298464775085 862
1607611003098 0.353349894285202 863
1607611003242 0.35287269949913025 864
1607611003372 0.352914959192276 865
1607611003494 0.35276365280151367 866
1607611003616 0.35289278626441956 867
1607611003738 0.35307562351226807 868
1607611003861 0.35300689935684204 869
1607611003982 0.35354965925216675 870
1607611004108 0.3535033166408539 871
1607611004243 0.3542724847793579 872
1607611004391 0.3545261025428772 873
1607611004516 0.35484349727630615 874
1607611004643 0.3556407392024994 875
1607611004776 0.35575488209724426 876
1607611004905 0.35621705651283264 877
1607611005031 0.35598453879356384 878
1607611005158 0.35568439960479736 879
1607611005280 0.3548172414302826 880
1607611005409 0.3548298478126526 881
1607611005544 0.3540480136871338 882
1607611005676 0.35416439175605774 883
1607611005808 0.3536156415939331 884
1607611005932 0.3536882996559143 885
1607611006053 0.35388079285621643 886
1607611006174 0.35399213433265686 887
1607611006292 0.35467588901519775 888
1607611006414 0.35489776730537415 889
1607611006536 0.3553905189037323 890
1607611006659 0.35512015223503113 891
1607611006785 0.35557129979133606 892
1607611006907 0.3551214039325714 893
1607611007029 0.35506343841552734 894
1607611007152 0.3541033864021301 895
1607611007271 0.35381364822387695 896
1607611007388 0.3532646596431732 897
1607611007525 0.3531511127948761 898
1607611007668 0.3528582453727722 899
1607611007810 0.352963387966156 900
1607611007953 0.35321342945098877 901
1607611008093 0.3533201515674591 902
1607611008221 0.3538353145122528 903
1607611008356 0.3547224998474121 904
1607611008484 0.354836642742157 905
1607611008600 0.35546132922172546 906
1607611008718 0.35511940717697144 907
1607611008847 0.3555901348590851 908
1607611008976 0.35504552721977234 909
1607611009096 0.3548075258731842 910
1607611009220 0.35376593470573425 911
1607611009340 0.35392335057258606 912
1607611009464 0.3535248339176178 913
1607611009584 0.35393643379211426 914
1607611009703 0.3541564643383026 915
1607611009827 0.3545599579811096 916
1607611009951 0.3549651801586151 917
1607611010074 0.3557385802268982 918
1607611010201 0.3559677004814148 919
1607611010324 0.35692644119262695 920
1607611010444 0.3567286431789398 921
1607611010570 0.35648271441459656 922
1607611010688 0.3559693396091461 923
1607611010807 0.35527417063713074 924
1607611010932 0.3547656834125519 925
1607611011059 0.35427573323249817 926
1607611011180 0.3535858988761902 927
1607611011301 0.3532952070236206 928
1607611011424 0.35316047072410583 929
1607611011543 0.3532836139202118 930
1607611011666 0.3531009554862976 931
1607611011781 0.35370761156082153 932
1607611011899 0.35309818387031555 933
1607611012019 0.35372722148895264 934
1607611012149 0.3529607951641083 935
1607611012270 0.3532053232192993 936
1607611012398 0.3526932895183563 937
1607611012518 0.3528885543346405 938
1607611012645 0.3527914583683014 939
1607611012777 0.3527773916721344 940
1607611012907 0.3527306318283081 941
1607611013031 0.35281476378440857 942
1607611013156 0.3528364300727844 943
1607611013313 0.3529059886932373 944
1607611013477 0.35282060503959656 945
1607611013599 0.35282954573631287 946
1607611013715 0.35304325819015503 947
1607611013843 0.3529544770717621 948
1607611013962 0.35297155380249023 949
1607611014078 0.35347801446914673 950
1607611014194 0.3533783555030823 951
1607611014310 0.35417255759239197 952
1607611014438 0.3541664779186249 953
1607611014561 0.3549961745738983 954
1607611014684 0.3549412786960602 955
1607611014813 0.35474663972854614 956
1607611014934 0.3545518219470978 957
1607611015055 0.35465991497039795 958
1607611015173 0.3539431691169739 959
1607611015289 0.35339751839637756 960
1607611015416 0.35296332836151123 961
1607611015539 0.3526957333087921 962
1607611015655 0.35267600417137146 963
1607611015776 0.3529652953147888 964
1607611015895 0.3531971275806427 965
1607611016012 0.3539717495441437 966
1607611016130 0.3552468717098236 967
1607611016248 0.3562546670436859 968
1607611016364 0.35803282260894775 969
1607611016482 0.3579900860786438 970
1607611016611 0.3578440248966217 971
1607611016737 0.35627055168151855 972
1607611016859 0.3551802337169647 973
1607611016980 0.35417431592941284 974
1607611017095 0.3527991473674774 975
1607611017212 0.35186314582824707 976
1607611017342 0.35119667649269104 977
1607611017459 0.3508676588535309 978
1607611017579 0.3507922291755676 979
1607611017710 0.35090258717536926 980
1607611017835 0.3509582281112671 981
1607611017955 0.3516990542411804 982
1607611018075 0.35198596119880676 983
1607611018197 0.35287293791770935 984
1607611018319 0.3535400927066803 985
1607611018445 0.35402193665504456 986
1607611018562 0.3546425402164459 987
1607611018680 0.35491159558296204 988
1607611018808 0.35550540685653687 989
1607611018938 0.3556250333786011 990
1607611019071 0.3558235466480255 991
1607611019194 0.3558165431022644 992
1607611019317 0.3556230366230011 993
1607611019445 0.3552037477493286 994
1607611019564 0.3541565239429474 995
1607611019681 0.3533695340156555 996
1607611019807 0.3527846038341522 997
1607611019941 0.3522351086139679 998
1607611020071 0.35212233662605286 999
