1607611056851 0.47429656982421875 0
1607611056971 0.4699365794658661 1
1607611057088 0.4581562876701355 2
1607611057209 0.4470938742160797 3
1607611057330 0.4423595368862152 4
1607611057451 0.44011276960372925 5
1607611057569 0.43938666582107544 6
1607611057693 0.43900489807128906 7
1607611057818 0.4377773702144623 8
1607611057942 0.4374142289161682 9
1607611058066 0.4377632737159729 10
1607611058196 0.4377956688404083 11
1607611058326 0.4354677200317383 12
1607611058441 0.4339345395565033 13
1607611058563 0.432679682970047 14
1607611058692 0.43216875195503235 15
1607611058826 0.431718111038208 16
1607611058947 0.43161535263061523 17
1607611059075 0.4308115541934967 18
1607611059195 0.42969757318496704 19
1607611059314 0.4295886754989624 20
1607611059434 0.4292714595794678 21
1607611059558 0.42765629291534424 22
1607611059684 0.4261946976184845 23
1607611059799 0.4250499904155731 24
1607611059916 0.42379996180534363 25
1607611060036 0.4230513870716095 26
1607611060153 0.4222775101661682 27
1607611060270 0.4216470420360565 28
1607611060389 0.4211341142654419 29
1607611060506 0.4204453229904175 30
1607611060627 0.4208535850048065 31
1607611060757 0.4204311668872833 32
1607611060876 0.41972458362579346 33
1607611061002 0.4189888536930084 34
1607611061124 0.4180162250995636 35
1607611061246 0.4171084761619568 36
1607611061367 0.41650083661079407 37
1607611061484 0.4159039556980133 38
1607611061604 0.41620269417762756 39
1607611061730 0.41530585289001465 40
1607611061861 0.41417208313941956 41
1607611061988 0.41254180669784546 42
1607611062109 0.4114370346069336 43
1607611062236 0.41077297925949097 44
1607611062364 0.41046297550201416 45
1607611062485 0.40985560417175293 46
1607611062612 0.4085293710231781 47
1607611062730 0.407796710729599 48
1607611062850 0.406837522983551 49
1607611062981 0.4063388705253601 50
1607611063105 0.40576645731925964 51
1607611063224 0.40459293127059937 52
1607611063344 0.4037226140499115 53
1607611063464 0.4031122624874115 54
1607611063584 0.4028569757938385 55
1607611063704 0.40285930037498474 56
1607611063827 0.40314000844955444 57
1607611063949 0.4025728702545166 58
1607611064076 0.4023003876209259 59
1607611064197 0.40152397751808167 60
1607611064320 0.3998435139656067 61
1607611064441 0.3988146185874939 62
1607611064577 0.39777109026908875 63
1607611064704 0.3976171910762787 64
1607611064832 0.3976326584815979 65
1607611064955 0.3975377380847931 66
1607611065076 0.3962518572807312 67
1607611065199 0.39622634649276733 68
1607611065317 0.39524978399276733 69
1607611065441 0.3940497636795044 70
1607611065560 0.3944164514541626 71
1607611065679 0.39381396770477295 72
1607611065805 0.39437562227249146 73
1607611065929 0.3940354585647583 74
1607611066048 0.3936227858066559 75
1607611066169 0.39308086037635803 76
1607611066302 0.3923000693321228 77
1607611066424 0.39117562770843506 78
1607611066542 0.3904445171356201 79
1607611066656 0.39082539081573486 80
1607611066775 0.38990604877471924 81
1607611066894 0.38975536823272705 82
1607611067018 0.3892030715942383 83
1607611067134 0.3894957900047302 84
1607611067252 0.38967403769493103 85
1607611067383 0.38971540331840515 86
1607611067505 0.3894738256931305 87
1607611067625 0.3887535631656647 88
1607611067747 0.3878345489501953 89
1607611067892 0.3875514566898346 90
1607611068022 0.3872532844543457 91
1607611068141 0.3871963918209076 92
1607611068262 0.3881293833255768 93
1607611068385 0.38791751861572266 94
1607611068535 0.38719406723976135 95
1607611068668 0.38553592562675476 96
1607611068789 0.3838978409767151 97
1607611068905 0.38231006264686584 98
1607611069030 0.3812830150127411 99
1607611069152 0.38172951340675354 100
1607611069295 0.38194260001182556 101
1607611069426 0.38304442167282104 102
1607611069548 0.38346585631370544 103
1607611069673 0.38392889499664307 104
1607611069795 0.38318318128585815 105
1607611069936 0.38174909353256226 106
1607611070060 0.38059356808662415 107
1607611070182 0.38032692670822144 108
1607611070303 0.380804181098938 109
1607611070423 0.3815779983997345 110
1607611070543 0.381978303194046 111
1607611070683 0.38208499550819397 112
1607611070814 0.3816733956336975 113
1607611070943 0.38064900040626526 114
1607611071065 0.3800109922885895 115
1607611071191 0.3790193200111389 116
1607611071328 0.3786190152168274 117
1607611071473 0.37872013449668884 118
1607611071612 0.378229022026062 119
1607611071756 0.3788616955280304 120
1607611071892 0.3792872428894043 121
1607611072024 0.3797021508216858 122
1607611072159 0.3791804909706116 123
1607611072295 0.3786187469959259 124
1607611072420 0.37729814648628235 125
1607611072545 0.37688735127449036 126
1607611072666 0.37635958194732666 127
1607611072789 0.3755820393562317 128
1607611072920 0.3754798173904419 129
1607611073041 0.37514904141426086 130
1607611073165 0.37586599588394165 131
1607611073293 0.375691294670105 132
1607611073418 0.3762887716293335 133
1607611073537 0.376463383436203 134
1607611073659 0.3768659234046936 135
1607611073787 0.37659817934036255 136
1607611073914 0.3763425648212433 137
1607611074035 0.37525084614753723 138
1607611074156 0.37464964389801025 139
1607611074284 0.37427791953086853 140
1607611074533 0.3744070827960968 141
1607611074653 0.3747313916683197 142
1607611074773 0.3754059374332428 143
1607611074901 0.3756856322288513 144
1607611075020 0.37697526812553406 145
1607611075145 0.37664341926574707 146
1607611075264 0.3772406280040741 147
1607611075393 0.37659013271331787 148
1607611075520 0.37616389989852905 149
1607611075638 0.3751645088195801 150
1607611075760 0.37556156516075134 151
1607611075890 0.3742172122001648 152
1607611076011 0.3740181624889374 153
1607611076130 0.37307822704315186 154
1607611076244 0.3726526200771332 155
1607611076365 0.3723088502883911 156
1607611076495 0.37161973118782043 157
1607611076618 0.3713374733924866 158
1607611076761 0.3713509738445282 159
1607611076891 0.37109413743019104 160
1607611077010 0.3720429837703705 161
1607611077130 0.37201550602912903 162
1607611077258 0.3724818229675293 163
1607611077405 0.372335284948349 164
1607611077537 0.37231773138046265 165
1607611077668 0.3720761239528656 166
1607611077807 0.37206608057022095 167
1607611077925 0.3719332814216614 168
1607611078060 0.37184444069862366 169
1607611078181 0.3720978796482086 170
1607611078296 0.3726041316986084 171
1607611078415 0.3729124665260315 172
1607611078537 0.3732456564903259 173
1607611078660 0.37344932556152344 174
1607611078799 0.37338945269584656 175
1607611078922 0.3724513649940491 176
1607611079041 0.3716953694820404 177
1607611079159 0.37107470631599426 178
1607611079280 0.3705376982688904 179
1607611079413 0.36998945474624634 180
1607611079534 0.3695143759250641 181
1607611079664 0.36979302763938904 182
1607611079779 0.3690725266933441 183
1607611079897 0.3694458305835724 184
1607611080023 0.3693154752254486 185
1607611080169 0.3695320785045624 186
1607611080299 0.3702191710472107 187
1607611080425 0.3698490262031555 188
1607611080549 0.3701428771018982 189
1607611080680 0.37009111046791077 190
1607611080824 0.37038731575012207 191
1607611080951 0.3706468939781189 192
1607611081073 0.37082523107528687 193
1607611081191 0.3705694377422333 194
1607611081308 0.37010443210601807 195
1607611081427 0.37011295557022095 196
1607611081562 0.37005648016929626 197
1607611081690 0.37005308270454407 198
1607611081810 0.3692874610424042 199
1607611081935 0.36834797263145447 200
1607611082060 0.36791497468948364 201
1607611082202 0.36755046248435974 202
1607611082344 0.3673374056816101 203
1607611082466 0.3673291504383087 204
1607611082597 0.36771103739738464 205
1607611082719 0.3678530156612396 206
1607611082841 0.36831578612327576 207
1607611082968 0.3685387372970581 208
1607611083106 0.36890244483947754 209
1607611083236 0.3688383102416992 210
1607611083359 0.36845719814300537 211
1607611083480 0.3679072856903076 212
1607611083597 0.36797136068344116 213
1607611083713 0.3681756556034088 214
1607611083829 0.3683701455593109 215
1607611083946 0.3690621852874756 216
1607611084065 0.36917561292648315 217
1607611084185 0.3692355453968048 218
1607611084303 0.36899736523628235 219
1607611084418 0.3680003881454468 220
1607611084535 0.36696577072143555 221
1607611084652 0.36647000908851624 222
1607611084766 0.3659556210041046 223
1607611084886 0.3657273054122925 224
1607611085008 0.3659154772758484 225
1607611085129 0.36558669805526733 226
1607611085251 0.36645132303237915 227
1607611085365 0.3664993643760681 228
1607611085490 0.36710238456726074 229
1607611085608 0.36768436431884766 230
1607611085726 0.3677195906639099 231
1607611085844 0.3682948052883148 232
1607611085957 0.3681093156337738 233
1607611086080 0.3677508533000946 234
1607611086202 0.36675915122032166 235
1607611086335 0.36648058891296387 236
1607611086460 0.36606869101524353 237
1607611086588 0.3655458688735962 238
1607611086715 0.3654671907424927 239
1607611086840 0.364920973777771 240
1607611086967 0.36606699228286743 241
1607611087089 0.3663545250892639 242
1607611087213 0.3668275773525238 243
1607611087331 0.367929607629776 244
1607611087486 0.3683512508869171 245
1607611087619 0.36854931712150574 246
1607611087749 0.3677334785461426 247
1607611087872 0.36723023653030396 248
1607611087989 0.3659740388393402 249
1607611088109 0.3655698299407959 250
1607611088240 0.364574670791626 251
1607611088368 0.3647731840610504 252
1607611088484 0.36454272270202637 253
1607611088607 0.36452367901802063 254
1607611088723 0.3650047779083252 255
1607611088861 0.36485204100608826 256
1607611088981 0.36528661847114563 257
1607611089097 0.3653342127799988 258
1607611089216 0.36529555916786194 259
1607611089332 0.3653000593185425 260
1607611089446 0.36533740162849426 261
1607611089576 0.3647746443748474 262
1607611089699 0.3651536703109741 263
1607611089822 0.36448749899864197 264
1607611089946 0.3646044135093689 265
1607611090063 0.3641008734703064 266
1607611090203 0.3643159866333008 267
1607611090326 0.36432039737701416 268
1607611090447 0.3642013967037201 269
1607611090564 0.3639959394931793 270
1607611090681 0.36423617601394653 271
1607611090806 0.36429649591445923 272
1607611090944 0.36507806181907654 273
1607611091089 0.3647043704986572 274
1607611091228 0.3647240996360779 275
1607611091349 0.36454686522483826 276
1607611091473 0.3644663393497467 277
1607611091612 0.3647644817829132 278
1607611091737 0.3641228675842285 279
1607611091858 0.3638222813606262 280
1607611091984 0.36370494961738586 281
1607611092099 0.36419180035591125 282
1607611092217 0.36488839983940125 283
1607611092351 0.3647995889186859 284
1607611092472 0.36530789732933044 285
1607611092590 0.36508193612098694 286
1607611092706 0.3644455373287201 287
1607611092820 0.3640672564506531 288
1607611092956 0.3634279668331146 289
1607611093103 0.36335811018943787 290
1607611093250 0.36302685737609863 291
1607611093387 0.3625023066997528 292
1607611093529 0.3627493679523468 293
1607611093659 0.3632086515426636 294
1607611093793 0.36332112550735474 295
1607611093935 0.36338871717453003 296
1607611094072 0.3636251389980316 297
1607611094196 0.36348485946655273 298
1607611094322 0.3632441461086273 299
1607611094447 0.363385945558548 300
1607611094572 0.3632723391056061 301
1607611094687 0.3632153868675232 302
1607611094805 0.3627673387527466 303
1607611094923 0.36274397373199463 304
1607611095046 0.36265286803245544 305
1607611095163 0.3630923926830292 306
1607611095282 0.3629451096057892 307
1607611095406 0.36320555210113525 308
1607611095526 0.3637567162513733 309
1607611095645 0.3641260266304016 310
1607611095765 0.3638983964920044 311
1607611095888 0.3639025390148163 312
1607611096016 0.3633080720901489 313
1607611096134 0.3631521165370941 314
1607611096256 0.3629601001739502 315
1607611096379 0.36220666766166687 316
1607611096517 0.3619908392429352 317
1607611096643 0.3619104027748108 318
1607611096761 0.36164578795433044 319
1607611096890 0.3622826635837555 320
1607611097020 0.3620278239250183 321
1607611097148 0.3621479272842407 322
1607611097270 0.36246031522750854 323
1607611097401 0.3627208173274994 324
1607611097528 0.36345335841178894 325
1607611097658 0.3628164529800415 326
1607611097781 0.3630135953426361 327
1607611097911 0.36221933364868164 328
1607611098033 0.3626655042171478 329
1607611098151 0.36207064986228943 330
1607611098282 0.3622950613498688 331
1607611098414 0.36187347769737244 332
1607611098538 0.3626578152179718 333
1607611098662 0.36313319206237793 334
1607611098793 0.36343035101890564 335
1607611098934 0.3634989857673645 336
1607611099062 0.3631901443004608 337
1607611099180 0.362763911485672 338
1607611099298 0.36236968636512756 339
1607611099418 0.3618171811103821 340
1607611099540 0.36113476753234863 341
1607611099679 0.36055660247802734 342
1607611099807 0.3603096604347229 343
1607611099935 0.3601013720035553 344
1607611100054 0.3598969578742981 345
1607611100180 0.3599717319011688 346
1607611100325 0.36034074425697327 347
1607611100444 0.36086347699165344 348
1607611100561 0.3611515462398529 349
1607611100681 0.36152946949005127 350
1607611100799 0.3620603382587433 351
1607611100929 0.36201149225234985 352
1607611101073 0.3620932996273041 353
1607611101196 0.3611641824245453 354
1607611101317 0.36114582419395447 355
1607611101448 0.3605356514453888 356
1607611101571 0.36059868335723877 357
1607611101712 0.3606715500354767 358
1607611101841 0.3609481155872345 359
1607611101965 0.3610191345214844 360
1607611102093 0.3617565333843231 361
1607611102222 0.3614543676376343 362
1607611102351 0.36154285073280334 363
1607611102496 0.3610335886478424 364
1607611102632 0.3606455326080322 365
1607611102755 0.360714852809906 366
1607611102877 0.3597184121608734 367
1607611103001 0.36005643010139465 368
1607611103142 0.3592020869255066 369
1607611103280 0.35943320393562317 370
1607611103426 0.35938960313796997 371
1607611103551 0.3594682514667511 372
1607611103669 0.35979387164115906 373
1607611103792 0.36027979850769043 374
1607611103944 0.36099472641944885 375
1607611104083 0.3614829182624817 376
1607611104222 0.3619266450405121 377
1607611104355 0.3617985248565674 378
1607611104478 0.3615929186344147 379
1607611104618 0.3608395457267761 380
1607611104759 0.3605351746082306 381
1607611104907 0.3597638010978699 382
1607611105037 0.3599208891391754 383
1607611105173 0.360164076089859 384
1607611105304 0.360056072473526 385
1607611105432 0.36118578910827637 386
1607611105551 0.36071261763572693 387
1607611105672 0.3613080382347107 388
1607611105803 0.36155566573143005 389
1607611105931 0.36242255568504333 390
1607611106057 0.3629656434059143 391
1607611106192 0.36225807666778564 392
1607611106313 0.36180511116981506 393
1607611106442 0.36087802052497864 394
1607611106563 0.3606700599193573 395
1607611106688 0.35978037118911743 396
1607611106806 0.35899046063423157 397
1607611106931 0.35886436700820923 398
1607611107053 0.3582535982131958 399
1607611107168 0.3584107756614685 400
1607611107295 0.35833048820495605 401
1607611107421 0.35864096879959106 402
1607611107542 0.3588891923427582 403
1607611107666 0.3591303527355194 404
1607611107781 0.3600063621997833 405
1607611107910 0.36021164059638977 406
1607611108048 0.3611069619655609 407
1607611108172 0.36073243618011475 408
1607611108296 0.3605712652206421 409
1607611108426 0.3601406216621399 410
1607611108543 0.35973232984542847 411
1607611108662 0.3590587079524994 412
1607611108784 0.3592017889022827 413
1607611108905 0.3587014973163605 414
1607611109024 0.35917460918426514 415
1607611109150 0.3594789505004883 416
1607611109282 0.3591500222682953 417
1607611109417 0.3591577112674713 418
1607611109541 0.3586351275444031 419
1607611109662 0.3591260313987732 420
1607611109785 0.35902878642082214 421
1607611109928 0.3592866361141205 422
1607611110057 0.3596566915512085 423
1607611110175 0.35990020632743835 424
1607611110298 0.3611445426940918 425
1607611110416 0.3609274923801422 426
1607611110535 0.3613678812980652 427
1607611110673 0.36019569635391235 428
1607611110800 0.36010029911994934 429
1607611110919 0.35915565490722656 430
1607611111039 0.3589104115962982 431
1607611111159 0.3585799038410187 432
1607611111291 0.3582800328731537 433
1607611111421 0.35818853974342346 434
1607611111541 0.35785576701164246 435
1607611111661 0.3578111529350281 436
1607611111783 0.3577772080898285 437
1607611111900 0.35803794860839844 438
1607611112038 0.3578657805919647 439
1607611112160 0.35805845260620117 440
1607611112279 0.35803931951522827 441
1607611112403 0.3582407534122467 442
1607611112539 0.3580809533596039 443
1607611112684 0.35802382230758667 444
1607611112825 0.3584475815296173 445
1607611112952 0.3584819734096527 446
1607611113080 0.35846906900405884 447
1607611113209 0.35925933718681335 448
1607611113335 0.35903704166412354 449
1607611113474 0.3599744439125061 450
1607611113613 0.3593892753124237 451
1607611113754 0.35928040742874146 452
1607611113884 0.3590158224105835 453
1607611114023 0.3584032356739044 454
1607611114161 0.35821592807769775 455
1607611114292 0.357926607131958 456
1607611114415 0.35775312781333923 457
1607611114543 0.357567697763443 458
1607611114667 0.3571067452430725 459
1607611114792 0.35707032680511475 460
1607611114919 0.35738998651504517 461
1607611115051 0.35743141174316406 462
1607611115191 0.35767534375190735 463
1607611115344 0.3583342432975769 464
1607611115484 0.35833290219306946 465
1607611115630 0.35911256074905396 466
1607611115766 0.3591931164264679 467
1607611115885 0.36004960536956787 468
1607611116004 0.3600775897502899 469
1607611116127 0.3602551221847534 470
1607611116249 0.35971784591674805 471
1607611116370 0.35901132225990295 472
1607611116499 0.3586575388908386 473
1607611116621 0.3581816256046295 474
1607611116740 0.35769587755203247 475
1607611116854 0.3572026789188385 476
1607611116974 0.356890469789505 477
1607611117085 0.3568536639213562 478
1607611117209 0.35711851716041565 479
1607611117330 0.3572112023830414 480
1607611117446 0.35750967264175415 481
1607611117570 0.3581390082836151 482
1607611117688 0.35867840051651 483
1607611117808 0.3587757349014282 484
1607611117926 0.3585328757762909 485
1607611118047 0.3584130108356476 486
1607611118163 0.3581472337245941 487
1607611118292 0.3576953113079071 488
1607611118412 0.35717886686325073 489
1607611118531 0.3566683828830719 490
1607611118650 0.35659560561180115 491
1607611118771 0.35658136010169983 492
1607611118886 0.3561464250087738 493
1607611119003 0.35684722661972046 494
1607611119120 0.35658442974090576 495
1607611119239 0.35723158717155457 496
1607611119362 0.35714495182037354 497
1607611119484 0.35745498538017273 498
1607611119604 0.3574487864971161 499
1607611119728 0.35759344696998596 500
1607611119852 0.3579331934452057 501
1607611119971 0.35777565836906433 502
1607611120089 0.35771608352661133 503
1607611120208 0.35828179121017456 504
1607611120325 0.3577432930469513 505
1607611120450 0.35800817608833313 506
1607611120566 0.3577447831630707 507
1607611120697 0.3576921820640564 508
1607611120818 0.35784992575645447 509
1607611120936 0.3579530417919159 510
1607611121057 0.35764428973197937 511
1607611121198 0.35783642530441284 512
1607611121321 0.35741838812828064 513
1607611121440 0.3573344945907593 514
1607611121564 0.35735610127449036 515
1607611121680 0.35767674446105957 516
1607611121820 0.3581469655036926 517
1607611121944 0.35858017206192017 518
1607611122060 0.358644962310791 519
1607611122179 0.3585931956768036 520
1607611122297 0.358585000038147 521
1607611122419 0.3588159680366516 522
1607611122559 0.3577650189399719 523
1607611122683 0.35713788866996765 524
1607611122806 0.35579913854599 525
1607611122929 0.3556180000305176 526
1607611123051 0.3550192415714264 527
1607611123192 0.3551441431045532 528
1607611123312 0.35532820224761963 529
1607611123428 0.3556796908378601 530
1607611123546 0.35656535625457764 531
1607611123672 0.3571908175945282 532
1607611123811 0.3582524061203003 533
1607611123948 0.3585144579410553 534
1607611124078 0.3585364520549774 535
1607611124208 0.3583199083805084 536
1607611124339 0.35777246952056885 537
1607611124469 0.35722607374191284 538
1607611124620 0.3566434979438782 539
1607611124748 0.3561376631259918 540
1607611124880 0.355815589427948 541
1607611125019 0.3555852770805359 542
1607611125152 0.35558828711509705 543
1607611125277 0.35599207878112793 544
1607611125420 0.3560216724872589 545
1607611125556 0.3566495180130005 546
1607611125684 0.35674312710762024 547
1607611125832 0.3572743833065033 548
1607611125961 0.357225626707077 549
1607611126080 0.35747000575065613 550
1607611126214 0.3570159375667572 551
1607611126359 0.35723984241485596 552
1607611126482 0.35582077503204346 553
1607611126601 0.3562384247779846 554
1607611126717 0.3553069531917572 555
1607611126841 0.3555006682872772 556
1607611126965 0.35483092069625854 557
1607611127092 0.35481441020965576 558
1607611127211 0.3547949492931366 559
1607611127337 0.35518592596054077 560
1607611127462 0.355437308549881 561
1607611127597 0.35612836480140686 562
1607611127727 0.3569311201572418 563
1607611127860 0.3577704429626465 564
1607611127980 0.3578745126724243 565
1607611128102 0.3583216369152069 566
1607611128215 0.35756728053092957 567
1607611128334 0.35689395666122437 568
1607611128458 0.35622015595436096 569
1607611128580 0.35565611720085144 570
1607611128698 0.3558835983276367 571
1607611128824 0.35592663288116455 572
1607611128946 0.3558485507965088 573
1607611129062 0.35650959610939026 574
1607611129182 0.3568577766418457 575
1607611129314 0.35711702704429626 576
1607611129441 0.35752615332603455 577
1607611129575 0.3567175567150116 578
1607611129869 0.3568526804447174 579
1607611129998 0.35579240322113037 580
1607611130123 0.3555871844291687 581
1607611130253 0.3551770746707916 582
1607611130380 0.3549470901489258 583
1607611130506 0.3553643822669983 584
1607611130632 0.3561038672924042 585
1607611130754 0.3568643033504486 586
1607611130895 0.3572632074356079 587
1607611131024 0.358133465051651 588
1607611131151 0.35857102274894714 589
1607611131276 0.3590944707393646 590
1607611131400 0.35795074701309204 591
1607611131539 0.35698679089546204 592
1607611131665 0.3562098443508148 593
1607611131787 0.3553239703178406 594
1607611131910 0.3549072742462158 595
1607611132029 0.35467150807380676 596
1607611132156 0.35437849164009094 597
1607611132307 0.3543561100959778 598
1607611132432 0.35464173555374146 599
1607611132551 0.3547816574573517 600
1607611132679 0.35518890619277954 601
1607611132803 0.35510149598121643 602
1607611132928 0.3553074598312378 603
1607611133064 0.3551698625087738 604
1607611133190 0.35515838861465454 605
1607611133315 0.3544977009296417 606
1607611133440 0.354566365480423 607
1607611133562 0.3540504574775696 608
1607611133706 0.3540661334991455 609
1607611133829 0.3536311984062195 610
1607611133955 0.3537217080593109 611
1607611134076 0.3539712727069855 612
1607611134193 0.3544861376285553 613
1607611134316 0.3548491597175598 614
1607611134465 0.3558107316493988 615
1607611134590 0.3565097749233246 616
1607611134712 0.3567452132701874 617
1607611134842 0.3577233552932739 618
1607611134972 0.35689133405685425 619
1607611135119 0.3570226728916168 620
1607611135244 0.35623571276664734 621
1607611135362 0.35585054755210876 622
1607611135483 0.35528695583343506 623
1607611135604 0.35453641414642334 624
1607611135724 0.3548426330089569 625
1607611135847 0.3546297550201416 626
1607611135966 0.3544982373714447 627
1607611136089 0.35453182458877563 628
1607611136213 0.3545626401901245 629
1607611136352 0.3550884425640106 630
1607611136491 0.3547023832798004 631
1607611136624 0.3549303412437439 632
1607611136755 0.35466280579566956 633
1607611136885 0.35476306080818176 634
1607611137026 0.3548898994922638 635
1607611137154 0.3548238277435303 636
1607611137278 0.35529375076293945 637
1607611137417 0.3555281460285187 638
1607611137542 0.35538527369499207 639
1607611137660 0.35585203766822815 640
1607611137795 0.35570845007896423 641
1607611137918 0.3554650545120239 642
1607611138037 0.3554500341415405 643
1607611138156 0.3550170361995697 644
1607611138275 0.3548427224159241 645
1607611138401 0.3547395169734955 646
1607611138531 0.3548409938812256 647
1607611138653 0.3546088933944702 648
1607611138773 0.3551763892173767 649
1607611138898 0.3545587956905365 650
1607611139019 0.3551276922225952 651
1607611139143 0.355230450630188 652
1607611139263 0.3555973470211029 653
1607611139384 0.35540035367012024 654
1607611139509 0.35540878772735596 655
1607611139634 0.35553693771362305 656
1607611139757 0.35556459426879883 657
1607611139884 0.355905145406723 658
1607611140006 0.35514748096466064 659
1607611140132 0.35516124963760376 660
1607611140250 0.35469332337379456 661
1607611140367 0.35462063550949097 662
1607611140483 0.3544912338256836 663
1607611140606 0.3539617657661438 664
1607611140734 0.35395878553390503 665
1607611140854 0.35348859429359436 666
1607611140977 0.3535706102848053 667
1607611141106 0.35390350222587585 668
1607611141231 0.3541368842124939 669
1607611141357 0.35469552874565125 670
1607611141486 0.3554082214832306 671
1607611141630 0.355557918548584 672
1607611141761 0.3565743565559387 673
1607611141893 0.3561554253101349 674
1607611142014 0.3563641905784607 675
1607611142141 0.3554215431213379 676
1607611142266 0.3548416495323181 677
1607611142406 0.3536602258682251 678
1607611142532 0.3533729910850525 679
1607611142653 0.3527092933654785 680
1607611142784 0.3526521325111389 681
1607611142900 0.35284438729286194 682
1607611143041 0.3531629741191864 683
1607611143164 0.3538498878479004 684
1607611143283 0.35479170083999634 685
1607611143403 0.3560464680194855 686
1607611143519 0.35686370730400085 687
1607611143634 0.358369916677475 688
1607611143773 0.3578798174858093 689
1607611143895 0.3577651083469391 690
1607611144012 0.3564694821834564 691
1607611144140 0.3561367690563202 692
1607611144265 0.35479027032852173 693
1607611144403 0.35412418842315674 694
1607611144524 0.3533756732940674 695
1607611144638 0.3527538776397705 696
1607611144757 0.3526911735534668 697
1607611144875 0.35258880257606506 698
1607611144989 0.35280197858810425 699
1607611145130 0.3532312512397766 700
1607611145261 0.3535211384296417 701
1607611145386 0.35410916805267334 702
1607611145506 0.35460183024406433 703
1607611145634 0.3545849323272705 704
1607611145773 0.35474997758865356 705
1607611145899 0.35467755794525146 706
1607611146017 0.35422512888908386 707
1607611146160 0.35361239314079285 708
1607611146291 0.353055864572525 709
1607611146434 0.35307061672210693 710
1607611146571 0.3526590168476105 711
1607611146712 0.3526707887649536 712
1607611146847 0.3523188829421997 713
1607611146997 0.3529437184333801 714
1607611147140 0.352983683347702 715
1607611147284 0.3534468710422516 716
1607611147427 0.3535897135734558 717
1607611147569 0.35386088490486145 718
1607611147711 0.35397595167160034 719
1607611147855 0.3542729914188385 720
1607611147998 0.35367488861083984 721
1607611148124 0.353466659784317 722
1607611148245 0.3533126413822174 723
1607611148363 0.35320591926574707 724
1607611148483 0.35367920994758606 725
1607611148597 0.3531340956687927 726
1607611148718 0.35365983843803406 727
1607611148846 0.35349908471107483 728
1607611148968 0.3542669117450714 729
1607611149089 0.35432350635528564 730
1607611149208 0.3541942238807678 731
1607611149327 0.3541898727416992 732
1607611149444 0.35367628931999207 733
1607611149573 0.3538476228713989 734
1607611149695 0.35381439328193665 735
1607611149825 0.35389432311058044 736
1607611149958 0.3542003035545349 737
1607611150092 0.3546813726425171 738
1607611150210 0.35532352328300476 739
1607611150329 0.35594800114631653 740
1607611150443 0.35621675848960876 741
1607611150558 0.35613688826560974 742
1607611150675 0.35549309849739075 743
1607611150796 0.35531866550445557 744
1607611150928 0.35432007908821106 745
1607611151060 0.3543223738670349 746
1607611151191 0.35358673334121704 747
1607611151320 0.3534975051879883 748
1607611151445 0.3533457815647125 749
1607611151571 0.3530302941799164 750
1607611151704 0.3530600368976593 751
1607611151826 0.35282108187675476 752
1607611151952 0.35256510972976685 753
1607611152071 0.3526310324668884 754
1607611152203 0.35273903608322144 755
1607611152331 0.35309386253356934 756
1607611152467 0.35298895835876465 757
1607611152593 0.3533787131309509 758
1607611152720 0.35336530208587646 759
1607611152841 0.35371097922325134 760
1607611152963 0.353518009185791 761
1607611153086 0.35431620478630066 762
1607611153211 0.3541073501110077 763
1607611153341 0.35413238406181335 764
1607611153456 0.353434681892395 765
1607611153581 0.3534752130508423 766
1607611153703 0.3531383275985718 767
1607611153828 0.3522997796535492 768
1607611153957 0.35221192240715027 769
1607611154084 0.35162943601608276 770
1607611154208 0.3517923653125763 771
1607611154331 0.3514041602611542 772
1607611154460 0.351820707321167 773
1607611154589 0.35204777121543884 774
1607611154715 0.3527923822402954 775
1607611154836 0.35361820459365845 776
1607611154965 0.35423368215560913 777
1607611155101 0.3551705479621887 778
1607611155238 0.355566143989563 779
1607611155370 0.3550979197025299 780
1607611155488 0.3552796542644501 781
1607611155615 0.3544364273548126 782
1607611155748 0.35406577587127686 783
1607611155878 0.35317379236221313 784
1607611156004 0.3530644178390503 785
1607611156151 0.352464884519577 786
1607611156270 0.3531608283519745 787
1607611156395 0.35272204875946045 788
1607611156528 0.3528154492378235 789
1607611156658 0.35276442766189575 790
1607611156799 0.35268595814704895 791
1607611156935 0.3529859185218811 792
1607611157081 0.35270702838897705 793
1607611157240 0.3527187407016754 794
1607611157384 0.35315272212028503 795
1607611157530 0.3532809615135193 796
1607611157677 0.3533575236797333 797
1607611157876 0.35316887497901917 798
1607611158036 0.35346946120262146 799
1607611158218 0.3533581793308258 800
1607611158379 0.35347411036491394 801
1607611158543 0.3532921373844147 802
1607611158730 0.35339856147766113 803
1607611158862 0.35388001799583435 804
1607611159007 0.3540801405906677 805
1607611159146 0.35423338413238525 806
1607611159282 0.35412415862083435 807
1607611159414 0.35345762968063354 808
1607611159560 0.3535570502281189 809
1607611159702 0.3531954288482666 810
1607611159855 0.3531532883644104 811
1607611159986 0.3527112603187561 812
1607611160117 0.3526367247104645 813
1607611160252 0.35266804695129395 814
1607611160389 0.352708637714386 815
1607611160517 0.3526298701763153 816
1607611160650 0.3529440760612488 817
1607611160780 0.3532722592353821 818
1607611160912 0.35337966680526733 819
1607611161055 0.3538254499435425 820
1607611161189 0.35391679406166077 821
1607611161320 0.35415777564048767 822
1607611161455 0.3541129231452942 823
1607611161587 0.3544151186943054 824
1607611161723 0.3539641797542572 825
1607611161854 0.35371240973472595 826
1607611161997 0.35243088006973267 827
1607611162131 0.35221216082572937 828
1607611162260 0.3511667251586914 829
1607611162401 0.35107478499412537 830
1607611162536 0.35075467824935913 831
1607611162661 0.350847065448761 832
1607611162795 0.3511747121810913 833
1607611162923 0.3516891598701477 834
1607611163050 0.35246479511260986 835
1607611163181 0.35328733921051025 836
1607611163313 0.35358259081840515 837
1607611163436 0.35383376479148865 838
1607611163570 0.35342836380004883 839
1607611163698 0.35296741127967834 840
1607611163828 0.35189589858055115 841
1607611163959 0.3514205515384674 842
1607611164078 0.3506818413734436 843
1607611164196 0.35026639699935913 844
1607611164325 0.35002872347831726 845
1607611164453 0.3500156104564667 846
1607611164577 0.3504394292831421 847
1607611164717 0.35092470049858093 848
1607611164855 0.3516176640987396 849
1607611164987 0.3526651859283447 850
1607611165120 0.35340556502342224 851
1607611165255 0.3546541929244995 852
1607611165387 0.35428327322006226 853
1607611165523 0.3542340397834778 854
1607611165656 0.3536195456981659 855
1607611165790 0.353422611951828 856
1607611165915 0.352522611618042 857
1607611166047 0.35198861360549927 858
1607611166188 0.35170748829841614 859
1607611166315 0.3516649007797241 860
1607611166440 0.3518798053264618 861
1607611166575 0.3518863022327423 862
1607611166716 0.35268938541412354 863
1607611166845 0.3530823886394501 864
1607611166984 0.35321956872940063 865
1607611167107 0.3540551960468292 866
1607611167233 0.35329070687294006 867
1607611167364 0.3536181151866913 868
1607611167499 0.35259494185447693 869
1607611167634 0.35261136293411255 870
1607611167770 0.35233330726623535 871
1607611167910 0.3519327640533447 872
1607611168047 0.35181698203086853 873
1607611168173 0.3514794111251831 874
1607611168299 0.35157814621925354 875
1607611168434 0.35128286480903625 876
1607611168564 0.35149794816970825 877
1607611168691 0.35097989439964294 878
1607611168826 0.351410835981369 879
1607611168960 0.3511638045310974 880
1607611169101 0.3515661954879761 881
1607611169227 0.35158294439315796 882
1607611169352 0.35202643275260925 883
1607611169474 0.3523218333721161 884
1607611169599 0.3526935577392578 885
1607611169722 0.3530657887458801 886
1607611169846 0.35301610827445984 887
1607611169968 0.3532766103744507 888
1607611170088 0.35334712266921997 889
1607611170227 0.3534046411514282 890
1607611170360 0.353005051612854 891
1607611170509 0.3534791171550751 892
1607611170642 0.35267454385757446 893
1607611170770 0.3526993691921234 894
1607611170904 0.35225966572761536 895
1607611171036 0.35209688544273376 896
1607611171193 0.3520731031894684 897
1607611171330 0.35240572690963745 898
1607611171468 0.35243692994117737 899
1607611171594 0.3533647656440735 900
1607611171729 0.35347363352775574 901
1607611171858 0.35379183292388916 902
1607611171991 0.3535180985927582 903
1607611172130 0.3531210720539093 904
1607611172258 0.3530140817165375 905
1607611172393 0.35211941599845886 906
1607611172535 0.3517821133136749 907
1607611172666 0.350767582654953 908
1607611172793 0.35049036145210266 909
1607611172930 0.3502903878688812 910
1607611173062 0.34999820590019226 911
1607611173190 0.3499198257923126 912
1607611173320 0.35011810064315796 913
1607611173441 0.3503970205783844 914
1607611173564 0.35086560249328613 915
1607611173708 0.35163789987564087 916
1607611173846 0.3514748513698578 917
1607611173993 0.3523021340370178 918
1607611174124 0.35228538513183594 919
1607611174248 0.3527646064758301 920
1607611174395 0.35245105624198914 921
1607611174528 0.3523859977722168 922
1607611174646 0.35221683979034424 923
1607611174766 0.35192248225212097 924
1607611174891 0.3517991006374359 925
1607611175036 0.35155928134918213 926
1607611175163 0.35116255283355713 927
1607611175282 0.35074353218078613 928
1607611175407 0.35100865364074707 929
1607611175530 0.3508138656616211 930
1607611175678 0.3518070876598358 931
1607611175822 0.35243192315101624 932
1607611175958 0.35273268818855286 933
1607611176109 0.35356271266937256 934
1607611176242 0.35388728976249695 935
1607611176374 0.3543911874294281 936
1607611176506 0.354724258184433 937
1607611176640 0.3541383147239685 938
1607611176799 0.3534490764141083 939
1607611176933 0.35311704874038696 940
1607611177068 0.3524837791919708 941
1607611177189 0.3520445227622986 942
1607611177318 0.3512447476387024 943
1607611177444 0.3506225049495697 944
1607611177569 0.35050418972969055 945
1607611177692 0.350342333316803 946
1607611177832 0.3504302501678467 947
1607611177969 0.35074496269226074 948
1607611178095 0.3510827124118805 949
1607611178227 0.3514052629470825 950
1607611178348 0.3522609770298004 951
1607611178476 0.3523543179035187 952
1607611178607 0.35322749614715576 953
1607611178732 0.3530656695365906 954
1607611178860 0.35288137197494507 955
1607611178992 0.35230010747909546 956
1607611179117 0.3519289791584015 957
1607611179244 0.3512459099292755 958
1607611179372 0.3510577976703644 959
1607611179505 0.35040897130966187 960
1607611179631 0.35044434666633606 961
1607611179775 0.349940687417984 962
1607611179907 0.3501671850681305 963
1607611180035 0.3499029874801636 964
1607611180161 0.35013219714164734 965
1607611180284 0.35014668107032776 966
1607611180408 0.3506292402744293 967
1607611180534 0.3510768711566925 968
1607611180653 0.351940393447876 969
1607611180775 0.3522058427333832 970
1607611180904 0.3530990779399872 971
1607611181029 0.3527277112007141 972
1607611181154 0.35254567861557007 973
1607611181275 0.35190287232398987 974
1607611181397 0.35135945677757263 975
1607611181541 0.35049617290496826 976
1607611181668 0.34986990690231323 977
1607611181794 0.3495328724384308 978
1607611181920 0.349280446767807 979
1607611182069 0.3497886061668396 980
1607611182195 0.34993815422058105 981
1607611182322 0.35047101974487305 982
1607611182445 0.3519101142883301 983
1607611182590 0.3528432548046112 984
1607611182715 0.35439684987068176 985
1607611182839 0.35533595085144043 986
1607611182984 0.35612398386001587 987
1607611183115 0.35541245341300964 988
1607611183252 0.3546518087387085 989
1607611183378 0.35271579027175903 990
1607611183501 0.3517352044582367 991
1607611183623 0.3505646288394928 992
1607611183752 0.3496689796447754 993
1607611183876 0.3495902419090271 994
1607611184003 0.34956175088882446 995
1607611184122 0.34939470887184143 996
1607611184275 0.3500635325908661 997
1607611184409 0.3501167595386505 998
1607611184532 0.3509770333766937 999
