1607666107572 0.4739919602870941 0
1607666107705 0.46464046835899353 1
1607666107841 0.45681387186050415 2
1607666107973 0.4524569511413574 3
1607666108112 0.4463596045970917 4
1607666108242 0.44238606095314026 5
1607666108369 0.4402477443218231 6
1607666108497 0.4390248954296112 7
1607666108626 0.4384081959724426 8
1607666108758 0.43806713819503784 9
1607666108893 0.4372294545173645 10
1607666109031 0.43552446365356445 11
1607666109162 0.4347265660762787 12
1607666109291 0.43424659967422485 13
1607666109422 0.4337749481201172 14
1607666109552 0.43317094445228577 15
1607666109684 0.431379497051239 16
1607666109812 0.4303291440010071 17
1607666109949 0.4298195242881775 18
1607666110077 0.4300025403499603 19
1607666110209 0.43013057112693787 20
1607666110334 0.4292675852775574 21
1607666110466 0.42817890644073486 22
1607666110595 0.4277745187282562 23
1607666110732 0.42615994811058044 24
1607666110864 0.42550092935562134 25
1607666110996 0.42500579357147217 26
1607666111132 0.4238751530647278 27
1607666111266 0.4219972491264343 28
1607666111408 0.42078885436058044 29
1607666111542 0.4200727045536041 30
1607666111677 0.4194892942905426 31
1607666111813 0.4193457067012787 32
1607666111942 0.41979166865348816 33
1607666112074 0.41938477754592896 34
1607666112203 0.41826894879341125 35
1607666112340 0.41701823472976685 36
1607666112477 0.4158579409122467 37
1607666112612 0.41455042362213135 38
1607666112740 0.41420719027519226 39
1607666112871 0.4132067561149597 40
1607666112999 0.4124341607093811 41
1607666113127 0.41139358282089233 42
1607666113264 0.41022932529449463 43
1607666113395 0.40896591544151306 44
1607666113531 0.4084309935569763 45
1607666113661 0.40839698910713196 46
1607666113791 0.4083481729030609 47
1607666113927 0.407786101102829 48
1607666114062 0.4070381224155426 49
1607666114195 0.4071180522441864 50
1607666114323 0.4065577983856201 51
1607666114455 0.40560799837112427 52
1607666114586 0.4051891565322876 53
1607666114721 0.4047403037548065 54
1607666114849 0.4043211042881012 55
1607666114977 0.40309786796569824 56
1607666115109 0.40160083770751953 57
1607666115242 0.4006325900554657 58
1607666115376 0.39971643686294556 59
1607666115509 0.3998911380767822 60
1607666115640 0.399501234292984 61
1607666115771 0.39874130487442017 62
1607666115905 0.39783385396003723 63
1607666116036 0.3971853256225586 64
1607666116173 0.39653030037879944 65
1607666116311 0.39675167202949524 66
1607666116440 0.39670446515083313 67
1607666116574 0.3973636329174042 68
1607666116708 0.39574217796325684 69
1607666116841 0.39513418078422546 70
1607666116973 0.39498624205589294 71
1607666117115 0.394756942987442 72
1607666117375 0.39460721611976624 73
1607666117509 0.39456725120544434 74
1607666117637 0.39388471841812134 75
1607666117767 0.39238426089286804 76
1607666117899 0.3902365565299988 77
1607666118028 0.38949382305145264 78
1607666118157 0.38880279660224915 79
1607666118284 0.38901981711387634 80
1607666118427 0.38806405663490295 81
1607666118566 0.3881291449069977 82
1607666118700 0.3882998824119568 83
1607666118834 0.3880193829536438 84
1607666118970 0.38802608847618103 85
1607666119099 0.3869920074939728 86
1607666119237 0.3869229257106781 87
1607666119375 0.385810911655426 88
1607666119513 0.38638365268707275 89
1607666119649 0.3865494728088379 90
1607666119776 0.38750994205474854 91
1607666119910 0.3865429759025574 92
1607666120060 0.38640445470809937 93
1607666120194 0.38561704754829407 94
1607666120322 0.3848927617073059 95
1607666120451 0.384086549282074 96
1607666120604 0.3836970031261444 97
1607666120739 0.3838992118835449 98
1607666120870 0.3837134838104248 99
1607666120999 0.3855980634689331 100
1607666121130 0.3846900463104248 101
1607666121276 0.38535788655281067 102
1607666121419 0.38292407989501953 103
1607666121545 0.3810928463935852 104
1607666121680 0.3808949887752533 105
1607666121819 0.38032659888267517 106
1607666121972 0.3804504871368408 107
1607666122123 0.38133084774017334 108
1607666122277 0.38207337260246277 109
1607666122434 0.3825703561306 110
1607666122583 0.38278716802597046 111
1607666122752 0.3810499906539917 112
1607666122908 0.38062989711761475 113
1607666123064 0.3792797029018402 114
1607666123224 0.37891167402267456 115
1607666123378 0.3778548240661621 116
1607666123541 0.37754538655281067 117
1607666123700 0.3775034248828888 118
1607666123855 0.3778441548347473 119
1607666124009 0.3785327970981598 120
1607666124215 0.378593385219574 121
1607666124343 0.3785979151725769 122
1607666124481 0.3776170015335083 123
1607666124612 0.37725260853767395 124
1607666124748 0.3771601915359497 125
1607666124876 0.3762736916542053 126
1607666125013 0.3758716583251953 127
1607666125145 0.3755687475204468 128
1607666125274 0.37575775384902954 129
1607666125402 0.3755794167518616 130
1607666125537 0.37535154819488525 131
1607666125672 0.3758971691131592 132
1607666125802 0.3753513693809509 133
1607666125938 0.3757288157939911 134
1607666126071 0.37506726384162903 135
1607666126203 0.3752971291542053 136
1607666126345 0.37468424439430237 137
1607666126475 0.37448856234550476 138
1607666126603 0.37400010228157043 139
1607666126730 0.37398961186408997 140
1607666126863 0.3745097219944 141
1607666126999 0.37451353669166565 142
1607666127137 0.37535589933395386 143
1607666127267 0.3756461441516876 144
1607666127398 0.3751640319824219 145
1607666127526 0.3759244680404663 146
1607666127659 0.3744543790817261 147
1607666127788 0.3741455078125 148
1607666127920 0.37288230657577515 149
1607666128055 0.3725643754005432 150
1607666128185 0.37248027324676514 151
1607666128319 0.37200847268104553 152
1607666128452 0.37243199348449707 153
1607666128588 0.3726906180381775 154
1607666128718 0.37301069498062134 155
1607666128853 0.37275373935699463 156
1607666128988 0.3729476034641266 157
1607666129123 0.3726170063018799 158
1607666129257 0.3724464774131775 159
1607666129387 0.37246328592300415 160
1607666129519 0.37176650762557983 161
1607666129656 0.3712867200374603 162
1607666129786 0.3713286817073822 163
1607666129925 0.37110134959220886 164
1607666130059 0.37151187658309937 165
1607666130191 0.37159812450408936 166
1607666130321 0.37254974246025085 167
1607666130463 0.3724692463874817 168
1607666130594 0.3731309771537781 169
1607666130742 0.37268391251564026 170
1607666130876 0.3725370764732361 171
1607666131005 0.3707832396030426 172
1607666131135 0.37003815174102783 173
1607666131268 0.36954787373542786 174
1607666131399 0.3693981468677521 175
1607666131546 0.3691626787185669 176
1607666131701 0.3693476915359497 177
1607666131844 0.3698110282421112 178
1607666131972 0.36981916427612305 179
1607666132101 0.3699813783168793 180
1607666132245 0.370326966047287 181
1607666132385 0.3705933392047882 182
1607666132527 0.3681204915046692 183
1607666132661 0.367657333612442 184
1607666132815 0.36765533685684204 185
1607666132964 0.3678130507469177 186
1607666133105 0.36832699179649353 187
1607666133239 0.36898547410964966 188
1607666133375 0.3698867857456207 189
1607666133528 0.3713686466217041 190
1607666133662 0.3708588182926178 191
1607666133792 0.3703770637512207 192
1607666133924 0.3697075843811035 193
1607666134057 0.36887839436531067 194
1607666134212 0.3683772683143616 195
1607666134350 0.36751627922058105 196
1607666134482 0.3671290874481201 197
1607666134616 0.36699020862579346 198
1607666134764 0.3670448064804077 199
1607666134911 0.3679249882698059 200
1607666135067 0.3685161769390106 201
1607666135222 0.36950576305389404 202
1607666135379 0.3696001470088959 203
1607666135537 0.3701708912849426 204
1607666135697 0.36862340569496155 205
1607666135856 0.3687288463115692 206
1607666136009 0.36772045493125916 207
1607666136146 0.3679857552051544 208
1607666136299 0.36801522970199585 209
1607666136455 0.3679918944835663 210
1607666136618 0.36943215131759644 211
1607666136764 0.3688149154186249 212
1607666136906 0.36962801218032837 213
1607666137048 0.36875396966934204 214
1607666137183 0.3691898286342621 215
1607666137314 0.36850133538246155 216
1607666137452 0.3685268461704254 217
1607666137580 0.3683709502220154 218
1607666137708 0.3691963255405426 219
1607666137836 0.3682844936847687 220
1607666137970 0.3677965998649597 221
1607666138108 0.36726364493370056 222
1607666138240 0.36733344197273254 223
1607666138381 0.3661080300807953 224
1607666138521 0.36544090509414673 225
1607666138654 0.36489999294281006 226
1607666138780 0.36464300751686096 227
1607666138911 0.36461588740348816 228
1607666139042 0.3642220199108124 229
1607666139176 0.3646032214164734 230
1607666139311 0.3649589419364929 231
1607666139445 0.36543041467666626 232
1607666139579 0.36563658714294434 233
1607666139717 0.36634403467178345 234
1607666139845 0.3657819628715515 235
1607666139978 0.3663482069969177 236
1607666140113 0.36559680104255676 237
1607666140250 0.36562392115592957 238
1607666140380 0.3653969466686249 239
1607666140519 0.3649967312812805 240
1607666140651 0.3656790852546692 241
1607666140784 0.36563873291015625 242
1607666140922 0.3661968410015106 243
1607666141055 0.36625561118125916 244
1607666141185 0.3661651909351349 245
1607666141314 0.3659439980983734 246
1607666141441 0.3651692569255829 247
1607666141570 0.3646326959133148 248
1607666141708 0.3642684817314148 249
1607666141841 0.36362865567207336 250
1607666141975 0.36362865567207336 251
1607666142107 0.36314651370048523 252
1607666142236 0.36346226930618286 253
1607666142364 0.3635655343532562 254
1607666142493 0.36418241262435913 255
1607666142624 0.36485153436660767 256
1607666142755 0.36556947231292725 257
1607666142893 0.3658640682697296 258
1607666143028 0.3662474751472473 259
1607666143160 0.36618831753730774 260
1607666143292 0.3662494719028473 261
1607666143426 0.3656136095523834 262
1607666143555 0.36487269401550293 263
1607666143705 0.36392974853515625 264
1607666143839 0.36371907591819763 265
1607666143967 0.3634498119354248 266
1607666144110 0.3629001975059509 267
1607666144244 0.36272570490837097 268
1607666144399 0.3629613220691681 269
1607666144534 0.3634626269340515 270
1607666144668 0.36354854702949524 271
1607666144797 0.3640035390853882 272
1607666144927 0.36404314637184143 273
1607666145084 0.36401185393333435 274
1607666145228 0.3635360598564148 275
1607666145373 0.3634118139743805 276
1607666145519 0.3632392883300781 277
1607666145667 0.3630855679512024 278
1607666145823 0.36286675930023193 279
1607666145959 0.3628036379814148 280
1607666146089 0.36290037631988525 281
1607666146226 0.36290889978408813 282
1607666146357 0.36314669251441956 283
1607666146509 0.3633277416229248 284
1607666146712 0.36376139521598816 285
1607666146845 0.36376556754112244 286
1607666146985 0.36395272612571716 287
1607666147140 0.36348360776901245 288
1607666147290 0.36331507563591003 289
1607666147444 0.3634583055973053 290
1607666147599 0.3633783757686615 291
1607666147753 0.3638603091239929 292
1607666147914 0.3640015423297882 293
1607666148072 0.36407914757728577 294
1607666148235 0.3642456829547882 295
1607666148387 0.3643885552883148 296
1607666148544 0.36356988549232483 297
1607666148703 0.36272570490837097 298
1607666148860 0.36270472407341003 299
1607666149014 0.3625068664550781 300
1607666149155 0.36244142055511475 301
1607666149294 0.3626795709133148 302
1607666149438 0.3629235327243805 303
1607666149576 0.3635340631008148 304
1607666149712 0.36393827199935913 305
1607666149844 0.36384350061416626 306
1607666149977 0.3642899990081787 307
1607666150108 0.3643021285533905 308
1607666150240 0.3634689748287201 309
1607666150371 0.3622710406780243 310
1607666150507 0.3621111810207367 311
1607666150649 0.36213865876197815 312
1607666150786 0.36202889680862427 313
1607666150921 0.36181876063346863 314
1607666151055 0.3613152801990509 315
1607666151187 0.36189472675323486 316
1607666151317 0.3613722622394562 317
1607666151452 0.3614650368690491 318
1607666151582 0.3611682653427124 319
1607666151717 0.36097022891044617 320
1607666151855 0.3612252175807953 321
1607666151992 0.360944926738739 322
1607666152128 0.36119991540908813 323
1607666152259 0.3612923324108124 324
1607666152393 0.3615851104259491 325
1607666152531 0.36170700192451477 326
1607666152666 0.36254918575286865 327
1607666152798 0.36265644431114197 328
1607666152934 0.36322879791259766 329
1607666153070 0.36275753378868103 330
1607666153201 0.3619804382324219 331
1607666153331 0.36159777641296387 332
1607666153463 0.36057019233703613 333
1607666153597 0.36021268367767334 334
1607666153732 0.3598441183567047 335
1607666153869 0.35975801944732666 336
1607666153999 0.3597410321235657 337
1607666154129 0.3600274920463562 338
1607666154273 0.36041685938835144 339
1607666154403 0.3612546920776367 340
1607666154534 0.36123353242874146 341
1607666154665 0.3616672158241272 342
1607666154800 0.36193233728408813 343
1607666154933 0.36248624324798584 344
1607666155069 0.3622205853462219 345
1607666155198 0.36218515038490295 346
1607666155330 0.3614165484905243 347
1607666155469 0.3613409698009491 348
1607666155607 0.3605515658855438 349
1607666155741 0.36029043793678284 350
1607666155877 0.35977286100387573 351
1607666156014 0.35979366302490234 352
1607666156151 0.3595813512802124 353
1607666156286 0.3594864010810852 354
1607666156419 0.3600003719329834 355
1607666156568 0.35964012145996094 356
1607666156711 0.36033493280410767 357
1607666156848 0.3600211441516876 358
1607666156981 0.36025482416152954 359
1607666157113 0.36087384819984436 360
1607666157267 0.36078938841819763 361
1607666157402 0.36149486899375916 362
1607666157537 0.3612167239189148 363
1607666157671 0.36099952459335327 364
1607666157803 0.3588802218437195 365
1607666157960 0.35849934816360474 366
1607666158101 0.35828667879104614 367
1607666158245 0.3585456311702728 368
1607666158377 0.35869720578193665 369
1607666158524 0.35935819149017334 370
1607666158686 0.360177218914032 371
1607666158819 0.3609747588634491 372
1607666158947 0.3613472878932953 373
1607666159084 0.36128851771354675 374
1607666159222 0.3607978820800781 375
1607666159371 0.3608550429344177 376
1607666159535 0.36028626561164856 377
1607666159690 0.36004865169525146 378
1607666159833 0.3597791790962219 379
1607666159987 0.35968875885009766 380
1607666160213 0.35948458313941956 381
1607666160365 0.3593413531780243 382
1607666160521 0.3592236340045929 383
1607666160679 0.35894984006881714 384
1607666160832 0.3586910367012024 385
1607666160995 0.3586532473564148 386
1607666161139 0.3587140142917633 387
1607666161296 0.3593648672103882 388
1607666161452 0.35922545194625854 389
1607666161583 0.3598026931285858 390
1607666161718 0.35983598232269287 391
1607666161848 0.3597983717918396 392
1607666161990 0.36034974455833435 393
1607666162122 0.3601897060871124 394
1607666162254 0.36005082726478577 395
1607666162386 0.35972240567207336 396
1607666162516 0.3596867620944977 397
1607666162650 0.35952040553092957 398
1607666162788 0.3592887222766876 399
1607666162926 0.3593015670776367 400
1607666163068 0.3590046167373657 401
1607666163209 0.35978788137435913 402
1607666163340 0.35968244075775146 403
1607666163471 0.35964030027389526 404
1607666163606 0.35993942618370056 405
1607666163747 0.35948240756988525 406
1607666163877 0.35928893089294434 407
1607666164008 0.3588425815105438 408
1607666164136 0.35869738459587097 409
1607666164270 0.3586006164550781 410
1607666164405 0.3580615222454071 411
1607666164542 0.35822173953056335 412
1607666164675 0.3577774167060852 413
1607666164809 0.3580787181854248 414
1607666164938 0.35808485746383667 415
1607666165074 0.3589353561401367 416
1607666165209 0.35910356044769287 417
1607666165340 0.3598533272743225 418
1607666165468 0.359758198261261 419
1607666165605 0.3599817454814911 420
1607666165744 0.3595813512802124 421
1607666165878 0.3588322699069977 422
1607666166010 0.3580658733844757 423
1607666166150 0.35752296447753906 424
1607666166284 0.3575102984905243 425
1607666166414 0.3573460876941681 426
1607666166544 0.3574325442314148 427
1607666166674 0.35759440064430237 428
1607666166812 0.3584136366844177 429
1607666166956 0.35813531279563904 430
1607666167087 0.3587104082107544 431
1607666167221 0.3586026132106781 432
1607666167354 0.3590239882469177 433
1607666167488 0.35883426666259766 434
1607666167621 0.35839012265205383 435
1607666167755 0.35811886191368103 436
1607666167894 0.3578195571899414 437
1607666168038 0.3585546910762787 438
1607666168175 0.3580636978149414 439
1607666168326 0.3582998812198639 440
1607666168466 0.3581313192844391 441
1607666168600 0.3584049344062805 442
1607666168735 0.3587333559989929 443
1607666168870 0.35884910821914673 444
1607666169029 0.3587753176689148 445
1607666169175 0.3588176369667053 446
1607666169340 0.3591037392616272 447
1607666169481 0.3591480255126953 448
1607666169620 0.35912272334098816 449
1607666169762 0.3591417074203491 450
1607666169908 0.35863861441612244 451
1607666170066 0.35892704129219055 452
1607666170225 0.3581964373588562 453
1607666170377 0.35789766907691956 454
1607666170523 0.35740721225738525 455
1607666170679 0.35728731751441956 456
1607666170828 0.3573904037475586 457
1607666170960 0.35745570063591003 458
1607666171089 0.35733145475387573 459
1607666171218 0.3574010729789734 460
1607666171372 0.3572978079319 461
1607666171517 0.3574705123901367 462
1607666171655 0.3571840524673462 463
1607666171790 0.3570685088634491 464
1607666171933 0.35683685541152954 465
1607666172081 0.3567464053630829 466
1607666172224 0.35683268308639526 467
1607666172381 0.3567737340927124 468
1607666172536 0.35726651549339294 469
1607666172681 0.35715675354003906 470
1607666172836 0.357769638299942 471
1607666173000 0.3573904037475586 472
1607666173160 0.3577043414115906 473
1607666173311 0.3575316369533539 474
1607666173470 0.3572578430175781 475
1607666173615 0.35725605487823486 476
1607666173792 0.3570241928100586 477
1607666173950 0.35729384422302246 478
1607666174095 0.357491672039032 479
1607666174227 0.3576408922672272 480
1607666174362 0.358276903629303 481
1607666174504 0.35809770226478577 482
1607666174655 0.3586263060569763 483
1607666174794 0.35852503776550293 484
1607666174932 0.358626127243042 485
1607666175064 0.3580598831176758 486
1607666175195 0.3577882647514343 487
1607666175331 0.35732531547546387 488
1607666175463 0.3570536673069 489
1607666175590 0.3570979833602905 490
1607666175724 0.3567001223564148 491
1607666175865 0.3566643297672272 492
1607666175995 0.3569212853908539 493
1607666176125 0.35694625973701477 494
1607666176264 0.35731083154678345 495
1607666176400 0.3571440875530243 496
1607666176537 0.3572413921356201 497
1607666176665 0.35688531398773193 498
1607666176796 0.3565845489501953 499
1607666176927 0.3566579818725586 500
1607666177076 0.35619720816612244 501
1607666177219 0.3556287884712219 502
1607666177353 0.3554352819919586 503
1607666177490 0.35544559359550476 504
1607666177628 0.3557342290878296 505
1607666177757 0.35553187131881714 506
1607666177887 0.3558100163936615 507
1607666178018 0.3559993505477905 508
1607666178159 0.3563718795776367 509
1607666178294 0.3570455312728882 510
1607666178432 0.3566686511039734 511
1607666178562 0.3567066192626953 512
1607666178694 0.3565402626991272 513
1607666178831 0.35661205649375916 514
1607666178968 0.3565780520439148 515
1607666179097 0.3570120930671692 516
1607666179227 0.3566516637802124 517
1607666179353 0.35752567648887634 518
1607666179496 0.3573189675807953 519
1607666179629 0.35760343074798584 520
1607666179759 0.35692545771598816 521
1607666179893 0.35672977566719055 522
1607666180022 0.3563804030418396 523
1607666180157 0.35587945580482483 524
1607666180288 0.35554489493370056 525
1607666180428 0.35573405027389526 526
1607666180570 0.35617223381996155 527
1607666180711 0.356096088886261 528
1607666181018 0.35644152760505676 529
1607666181156 0.3572435677051544 530
1607666181300 0.3575717806816101 531
1607666181453 0.3584897518157959 532
1607666181619 0.3581694960594177 533
1607666181752 0.3578139543533325 534
1607666181892 0.35742858052253723 535
1607666182023 0.3567699193954468 536
1607666182163 0.35714444518089294 537
1607666182319 0.3559192419052124 538
1607666182454 0.3554416298866272 539
1607666182582 0.35479113459587097 540
1607666182711 0.3552123010158539 541
1607666182865 0.35496997833251953 542
1607666183003 0.35493019223213196 543
1607666183135 0.35483109951019287 544
1607666183275 0.3554609715938568 545
1607666183410 0.3557358682155609 546
1607666183567 0.3545786440372467 547
1607666183705 0.3542059063911438 548
1607666183836 0.35439959168434143 549
1607666183966 0.35483959317207336 550
1607666184097 0.35529008507728577 551
1607666184258 0.3553658425807953 552
1607666184430 0.35584166646003723 553
1607666184593 0.35562682151794434 554
1607666184752 0.35543546080589294 555
1607666184907 0.35575321316719055 556
1607666185061 0.355416476726532 557
1607666185217 0.355519562959671 558
1607666185351 0.3552459478378296 559
1607666185500 0.3559027910232544 560
1607666185661 0.3564395308494568 561
1607666185814 0.3569447994232178 562
1607666186010 0.357458233833313 563
1607666186167 0.35751718282699585 564
1607666186311 0.3573468327522278 565
1607666186442 0.35653409361839294 566
1607666186588 0.3560499846935272 567
1607666186730 0.35501012206077576 568
1607666186861 0.35455963015556335 569
1607666186995 0.35404205322265625 570
1607666187133 0.3537975549697876 571
1607666187265 0.3540715277194977 572
1607666187398 0.3540375530719757 573
1607666187539 0.3547661602497101 574
1607666187684 0.35468170046806335 575
1607666187816 0.35552823543548584 576
1607666187954 0.35558685660362244 577
1607666188095 0.3563744127750397 578
1607666188264 0.3561425805091858 579
1607666188413 0.35633862018585205 580
1607666188560 0.356060653924942 581
1607666188709 0.3556521236896515 582
1607666188863 0.3551408648490906 583
1607666189005 0.35458478331565857 584
1607666189138 0.35448840260505676 585
1607666189265 0.35370931029319763 586
1607666189395 0.35404422879219055 587
1607666189537 0.3540523648262024 588
1607666189686 0.35486310720443726 589
1607666189836 0.355033278465271 590
1607666189966 0.35680609941482544 591
1607666190099 0.35688984394073486 592
1607666190239 0.35758480429649353 593
1607666190375 0.3565950393676758 594
1607666190518 0.3566986620426178 595
1607666190660 0.35624998807907104 596
1607666190811 0.3558248281478882 597
1607666190944 0.3554439842700958 598
1607666191076 0.35493236780166626 599
1607666191222 0.3547978103160858 600
1607666191364 0.3548375964164734 601
1607666191497 0.35436198115348816 602
1607666191628 0.35436415672302246 603
1607666191770 0.35408201813697815 604
1607666191915 0.3546672463417053 605
1607666192060 0.3547576665878296 606
1607666192194 0.3551996648311615 607
1607666192326 0.355347216129303 608
1607666192468 0.3555510342121124 609
1607666192607 0.3557494282722473 610
1607666192738 0.3554752469062805 611
1607666192869 0.355730265378952 612
1607666193011 0.3552439510822296 613
1607666193151 0.35457247495651245 614
1607666193294 0.35409054160118103 615
1607666193431 0.35437682271003723 616
1607666193574 0.35407987236976624 617
1607666193734 0.3550274968147278 618
1607666193872 0.3554774224758148 619
1607666194004 0.3563516438007355 620
1607666194136 0.35694679617881775 621
1607666194287 0.35672199726104736 622
1607666194425 0.35628581047058105 623
1607666194564 0.3556693196296692 624
1607666194697 0.35473886132240295 625
1607666194830 0.3539094924926758 626
1607666194993 0.35330548882484436 627
1607666195132 0.35293060541152954 628
1607666195265 0.3530087172985077 629
1607666195402 0.3525012731552124 630
1607666195557 0.3527897000312805 631
1607666195689 0.3526698052883148 632
1607666195830 0.3529853820800781 633
1607666195972 0.35330766439437866 634
1607666196103 0.3535557687282562 635
1607666196265 0.35384657979011536 636
1607666196403 0.35392633080482483 637
1607666196553 0.3543328642845154 638
1607666196683 0.3544292449951172 639
1607666196817 0.3550759553909302 640
1607666196962 0.3548041582107544 641
1607666197109 0.3553852140903473 642
1607666197287 0.3555535674095154 643
1607666197430 0.3554208278656006 644
1607666197589 0.3559262752532959 645
1607666197732 0.3563154637813568 646
1607666197874 0.355591356754303 647
1607666198020 0.3553304076194763 648
1607666198191 0.3547893166542053 649
1607666198333 0.3550925850868225 650
1607666198479 0.35486942529678345 651
1607666198630 0.35449254512786865 652
1607666198805 0.3544505834579468 653
1607666198943 0.3543221950531006 654
1607666199083 0.3540990352630615 655
1607666199213 0.3539223372936249 656
1607666199342 0.3533327877521515 657
1607666199471 0.35327818989753723 658
1607666199608 0.3527730703353882 659
1607666199749 0.35290762782096863 660
1607666199894 0.35294777154922485 661
1607666200032 0.35327601432800293 662
1607666200170 0.35344237089157104 663
1607666200300 0.35405924916267395 664
1607666200435 0.35458314418792725 665
1607666200579 0.35495588183403015 666
1607666200725 0.3552629351615906 667
1607666200859 0.35549062490463257 668
1607666200994 0.35514503717422485 669
1607666201124 0.35520651936531067 670
1607666201262 0.35441461205482483 671
1607666201406 0.35472023487091064 672
1607666201534 0.35379159450531006 673
1607666201668 0.35390353202819824 674
1607666201798 0.35335811972618103 675
1607666201932 0.354021281003952 676
1607666202066 0.35359176993370056 677
1607666202212 0.3542992174625397 678
1607666202352 0.3544127941131592 679
1607666202495 0.3543579876422882 680
1607666202623 0.35466960072517395 681
1607666202753 0.3549139201641083 682
1607666202886 0.3550906181335449 683
1607666203018 0.35475802421569824 684
1607666203150 0.3541496694087982 685
1607666203282 0.3542739152908325 686
1607666203421 0.35319823026657104 687
1607666203555 0.3528761565685272 688
1607666203695 0.35233941674232483 689
1607666203831 0.352242648601532 690
1607666203965 0.3522278368473053 691
1607666204106 0.3522363305091858 692
1607666204238 0.3524446487426758 693
1607666204369 0.3528973162174225 694
1607666204498 0.35336026549339294 695
1607666204636 0.3541310429573059 696
1607666204768 0.3540568947792053 697
1607666204905 0.35478153824806213 698
1607666205061 0.3547050356864929 699
1607666205194 0.35518988966941833 700
1607666205328 0.35429686307907104 701
1607666205461 0.3541939854621887 702
1607666205589 0.35335612297058105 703
1607666205747 0.3528994917869568 704
1607666205892 0.3522551357746124 705
1607666206028 0.3521712124347687 706
1607666206172 0.351945698261261 707
1607666206321 0.352434366941452 708
1607666206470 0.35266149044036865 709
1607666206622 0.35311415791511536 710
1607666206780 0.35389938950538635 711
1607666206948 0.35449907183647156 712
1607666207098 0.3547857105731964 713
1607666207269 0.354717880487442 714
1607666207421 0.35501301288604736 715
1607666207563 0.3549853563308716 716
1607666207709 0.3547855317592621 717
1607666207951 0.35443612933158875 718
1607666208094 0.35384222865104675 719
1607666208259 0.3540067970752716 720
1607666208394 0.3531665802001953 721
1607666208534 0.353270024061203 722
1607666208687 0.35314562916755676 723
1607666208838 0.35323840379714966 724
1607666208973 0.3532593548297882 725
1607666209110 0.3531436324119568 726
1607666209241 0.35336679220199585 727
1607666209377 0.35301485657691956 728
1607666209515 0.3520406484603882 729
1607666209649 0.35162362456321716 730
1607666209782 0.3520722985267639 731
1607666209924 0.35221099853515625 732
1607666210060 0.3531501293182373 733
1607666210199 0.3534928262233734 734
1607666210335 0.35427841544151306 735
1607666210467 0.3543831408023834 736
1607666210603 0.3550341725349426 737
1607666210731 0.3544359505176544 738
1607666210860 0.354703426361084 739
1607666210993 0.353777140378952 740
1607666211138 0.3533373177051544 741
1607666211277 0.35307633876800537 742
1607666211410 0.35316044092178345 743
1607666211551 0.3526027202606201 744
1607666211691 0.35246580839157104 745
1607666211829 0.3521480858325958 746
1607666211963 0.352556437253952 747
1607666212099 0.35242801904678345 748
1607666212240 0.3526553511619568 749
1607666212382 0.3529289662837982 750
1607666212520 0.3531543016433716 751
1607666212661 0.3537498116493225 752
1607666212798 0.3535626530647278 753
1607666212936 0.35340258479118347 754
1607666213075 0.3535478115081787 755
1607666213209 0.3533121645450592 756
1607666213342 0.35327836871147156 757
1607666213474 0.35254594683647156 758
1607666213613 0.35241320729255676 759
1607666213746 0.3522808253765106 760
1607666213883 0.35214173793792725 761
1607666214011 0.3518744707107544 762
1607666214146 0.351946085691452 763
1607666214287 0.3517565429210663 764
1607666214422 0.35211244225502014 765
1607666214553 0.3521081209182739 766
1607666214685 0.3525732457637787 767
1607666214819 0.35325974225997925 768
1607666214960 0.35328468680381775 769
1607666215095 0.3538069725036621 770
1607666215228 0.3538404107093811 771
1607666215367 0.35366156697273254 772
1607666215515 0.3534912168979645 773
1607666215656 0.35287851095199585 774
1607666215794 0.352661669254303 775
1607666215935 0.35218822956085205 776
1607666216072 0.3519923686981201 777
1607666216205 0.3522135317325592 778
1607666216338 0.3519185781478882 779
1607666216472 0.352085143327713 780
1607666216605 0.3519124388694763 781
1607666216739 0.35211244225502014 782
1607666216876 0.352209210395813 783
1607666217009 0.3523755669593811 784
1607666217146 0.35279640555381775 785
1607666217289 0.3540261387825012 786
1607666217428 0.3543538451194763 787
1607666217568 0.35469329357147217 788
1607666217705 0.3547685146331787 789
1607666217838 0.35506582260131836 790
1607666217970 0.3540066182613373 791
1607666218101 0.3535836338996887 792
1607666218255 0.35221970081329346 793
1607666218397 0.3522280156612396 794
1607666218536 0.35160934925079346 795
1607666218669 0.3514575958251953 796
1607666218800 0.35124945640563965 797
1607666218951 0.3510828912258148 798
1607666219097 0.3517778813838959 799
1607666219296 0.35144495964050293 800
1607666219449 0.35199472308158875 801
1607666219605 0.3517417311668396 802
1607666219752 0.35216525197029114 803
1607666219899 0.3525332808494568 804
1607666220033 0.3524240553379059 805
1607666220176 0.3522301912307739 806
1607666220316 0.3523419499397278 807
1607666220460 0.35246598720550537 808
1607666220610 0.3527566194534302 809
1607666220767 0.3530132472515106 810
1607666220903 0.353482723236084 811
1607666221035 0.3537225127220154 812
1607666221192 0.35386592149734497 813
1607666221335 0.3535836338996887 814
1607666221475 0.3535628318786621 815
1607666221614 0.3528088927268982 816
1607666221756 0.35251879692077637 817
1607666221885 0.3515881896018982 818
1607666222018 0.3515252470970154 819
1607666222162 0.3512767553329468 820
1607666222308 0.35124728083610535 821
1607666222458 0.3515210747718811 822
1607666222608 0.35148510336875916 823
1607666222771 0.3523884117603302 824
1607666222927 0.3522028625011444 825
1607666223065 0.3525862693786621 826
1607666223196 0.3523334562778473 827
1607666223336 0.352870374917984 828
1607666223488 0.3526133894920349 829
1607666223625 0.35252296924591064 830
1607666223776 0.35230812430381775 831
1607666223922 0.3524262011051178 832
1607666224054 0.35215023159980774 833
1607666224193 0.35256293416023254 834
1607666224329 0.3521480858325958 835
1607666224469 0.3527989387512207 836
1607666224602 0.3527269661426544 837
1607666224737 0.35330602526664734 838
1607666224878 0.35235026478767395 839
1607666225023 0.352226197719574 840
1607666225166 0.3518851399421692 841
1607666225300 0.35173991322517395 842
1607666225430 0.3514285087585449 843
1607666225559 0.35111889243125916 844
1607666225692 0.3518453538417816 845
1607666225821 0.35140931606292725 846
1607666225954 0.35204118490219116 847
1607666226080 0.3519229292869568 848
1607666226222 0.35216325521469116 849
1607666226364 0.3522513508796692 850
1607666226503 0.3523864150047302 851
1607666226636 0.3522806465625763 852
1607666226766 0.35253581404685974 853
1607666226901 0.35177552700042725 854
1607666227037 0.35241174697875977 855
1607666227169 0.3519502282142639 856
1607666227319 0.3525947630405426 857
1607666227468 0.3520912826061249 858
1607666227605 0.3526705503463745 859
1607666227760 0.3522471785545349 860
1607666227904 0.3520578444004059 861
1607666228036 0.3517588973045349 862
1607666228184 0.351438969373703 863
1607666228330 0.35150644183158875 864
1607666228466 0.3513105809688568 865
1607666228607 0.3517231047153473 866
1607666228753 0.35171061754226685 867
1607666228897 0.3521314263343811 868
1607666229041 0.35224103927612305 869
1607666229187 0.35298609733581543 870
1607666229318 0.3526640236377716 871
1607666229448 0.35318195819854736 872
1607666229581 0.3527038097381592 873
1607666229726 0.35369157791137695 874
1607666229867 0.35299426317214966 875
1607666230007 0.35339462757110596 876
1607666230137 0.35308700799942017 877
1607666230278 0.35274195671081543 878
1607666230438 0.3521377742290497 879
1607666230579 0.3514516353607178 880
1607666230711 0.3514348268508911 881
1607666230842 0.3512621223926544 882
1607666230975 0.3508559465408325 883
1607666231109 0.350866436958313 884
1607666231249 0.35088759660720825 885
1607666231390 0.3512811064720154 886
1607666231533 0.3516558110713959 887
1607666231674 0.3517001271247864 888
1607666231808 0.35219454765319824 889
1607666231944 0.35262423753738403 890
1607666232088 0.3527376353740692 891
1607666232234 0.3531336784362793 892
1607666232365 0.3527691066265106 893
1607666232509 0.35289785265922546 894
1607666232659 0.352384090423584 895
1607666232796 0.35200321674346924 896
1607666232930 0.3512389659881592 897
1607666233064 0.3506307899951935 898
1607666233199 0.3501802980899811 899
1607666233339 0.3500414192676544 900
1607666233492 0.35015299916267395 901
1607666233638 0.3501634895801544 902
1607666233783 0.3505150377750397 903
1607666233916 0.3507886528968811 904
1607666234075 0.3514981269836426 905
1607666234220 0.351371705532074 906
1607666234349 0.3517400920391083 907
1607666234480 0.3514031767845154 908
1607666234613 0.35170644521713257 909
1607666234772 0.35033583641052246 910
1607666234918 0.34927934408187866 911
1607666235070 0.34904152154922485 912
1607666235203 0.3491341173648834 913
1607666235345 0.3494288921356201 914
1607666235521 0.3497298061847687 915
1607666235664 0.3505193889141083 916
1607666235797 0.35122016072273254 917
1607666235925 0.35195493698120117 918
1607666236081 0.35260525345802307 919
1607666236222 0.35310202836990356 920
1607666236363 0.3531378507614136 921
1607666236502 0.35293349623680115 922
1607666236645 0.352190762758255 923
1607666236799 0.3520135283470154 924
1607666236934 0.3516961336135864 925
1607666237067 0.3509358763694763 926
1607666237204 0.3510013520717621 927
1607666237361 0.35072556138038635 928
1607666237501 0.35092973709106445 929
1607666237638 0.3513760566711426 930
1607666237769 0.3519252836704254 931
1607666237903 0.3525084853172302 932
1607666238054 0.35335034132003784 933
1607666238194 0.35377368330955505 934
1607666238324 0.35452908277511597 935
1607666238457 0.35423630475997925 936
1607666238608 0.35352104902267456 937
1607666238759 0.3522093892097473 938
1607666238909 0.3516918122768402 939
1607666239044 0.35080745816230774 940
1607666239180 0.3502604067325592 941
1607666239326 0.34974464774131775 942
1607666239485 0.34974047541618347 943
1607666239626 0.34979093074798584 944
1607666239770 0.3501403331756592 945
1607666239909 0.3502667546272278 946
1607666240047 0.350706547498703 947
1607666240303 0.35085195302963257 948
1607666240444 0.3509463667869568 949
1607666240580 0.3511635661125183 950
1607666240714 0.350500226020813 951
1607666240847 0.35042262077331543 952
1607666240979 0.34994447231292725 953
1607666241111 0.3499027192592621 954
1607666241257 0.3496372103691101 955
1607666241399 0.35016384720802307 956
1607666241537 0.35014864802360535 957
1607666241668 0.35090044140815735 958
1607666241803 0.350706547498703 959
1607666241937 0.3514668345451355 960
1607666242069 0.3516390025615692 961
1607666242203 0.3517845869064331 962
1607666242334 0.35162651538848877 963
1607666242464 0.3518751859664917 964
1607666242618 0.35224953293800354 965
1607666242770 0.3519359529018402 966
1607666242913 0.3519422709941864 967
1607666243074 0.3517929017543793 968
1607666243219 0.35167914628982544 969
1607666243365 0.3516097068786621 970
1607666243519 0.3509991765022278 971
1607666243675 0.35069841146469116 972
1607666243815 0.35018664598464966 973
1607666243994 0.3503953218460083 974
1607666244158 0.3501634895801544 975
1607666244307 0.3506036698818207 976
1607666244448 0.35109391808509827 977
1607666244583 0.35172978043556213 978
1607666244721 0.3527737855911255 979
1607666244855 0.35270851850509644 980
1607666244990 0.35266420245170593 981
1607666245124 0.352312833070755 982
1607666245253 0.3517632484436035 983
1607666245391 0.35111725330352783 984
1607666245704 0.35003724694252014 985
1607666245840 0.3499911427497864 986
1607666245974 0.3496500551700592 987
1607666246108 0.3496500551700592 988
1607666246245 0.3500732481479645 989
1607666246380 0.35040363669395447 990
1607666246516 0.35111311078071594 991
1607666246644 0.35156556963920593 992
1607666246778 0.35246455669403076 993
1607666246913 0.3528788685798645 994
1607666247044 0.35274016857147217 995
1607666247175 0.35204535722732544 996
1607666247311 0.35164767503738403 997
1607666247440 0.351125568151474 998
1607666247577 0.35076984763145447 999
