1607666107572 0.47393736243247986 0
1607666107705 0.46462905406951904 1
1607666107841 0.45680326223373413 2
1607666107973 0.4524637460708618 3
1607666108112 0.4463447034358978 4
1607666108242 0.4423695206642151 5
1607666108369 0.44024625420570374 6
1607666108497 0.4390298128128052 7
1607666108626 0.4383741617202759 8
1607666108758 0.4380325973033905 9
1607666108893 0.43718773126602173 10
1607666109031 0.435517817735672 11
1607666109162 0.4346865117549896 12
1607666109291 0.43422773480415344 13
1607666109422 0.43374329805374146 14
1607666109552 0.4331665635108948 15
1607666109684 0.4313618838787079 16
1607666109812 0.4303377866744995 17
1607666109949 0.4297715127468109 18
1607666110077 0.42999011278152466 19
1607666110209 0.4301053285598755 20
1607666110334 0.4292649030685425 21
1607666110466 0.42817720770835876 22
1607666110595 0.4277814030647278 23
1607666110732 0.42610612511634827 24
1607666110864 0.42550545930862427 25
1607666110996 0.4249778389930725 26
1607666111132 0.4238811433315277 27
1607666111266 0.4219941794872284 28
1607666111408 0.4207981526851654 29
1607666111542 0.42005863785743713 30
1607666111677 0.41949594020843506 31
1607666111813 0.4193671643733978 32
1607666111942 0.4197665750980377 33
1607666112074 0.41941794753074646 34
1607666112203 0.4182342290878296 35
1607666112340 0.4170013666152954 36
1607666112477 0.4158393442630768 37
1607666112612 0.41453033685684204 38
1607666112740 0.4142334461212158 39
1607666112871 0.41321298480033875 40
1607666112999 0.4124489426612854 41
1607666113127 0.41141098737716675 42
1607666113264 0.41025444865226746 43
1607666113395 0.4089546203613281 44
1607666113531 0.4084315896034241 45
1607666113661 0.4083990156650543 46
1607666113791 0.4083234667778015 47
1607666113927 0.4077412784099579 48
1607666114062 0.407012939453125 49
1607666114195 0.4071495532989502 50
1607666114323 0.40656977891921997 51
1607666114455 0.4056215286254883 52
1607666114586 0.40519848465919495 53
1607666114721 0.4046812951564789 54
1607666114849 0.40428438782691956 55
1607666114977 0.4031052887439728 56
1607666115109 0.40155431628227234 57
1607666115242 0.4006688892841339 58
1607666115376 0.39973244071006775 59
1607666115509 0.3998979926109314 60
1607666115640 0.3994785249233246 61
1607666115771 0.3987184464931488 62
1607666115905 0.3978121280670166 63
1607666116036 0.39716172218322754 64
1607666116173 0.3964826166629791 65
1607666116311 0.3967427611351013 66
1607666116440 0.39668896794319153 67
1607666116574 0.3973510265350342 68
1607666116708 0.3957517147064209 69
1607666116841 0.3951314389705658 70
1607666116973 0.3949548006057739 71
1607666117115 0.3947514295578003 72
1607666117375 0.3945571184158325 73
1607666117509 0.3945850133895874 74
1607666117637 0.393851637840271 75
1607666117767 0.3923799693584442 76
1607666117899 0.3902268707752228 77
1607666118028 0.38950031995773315 78
1607666118157 0.3887943625450134 79
1607666118284 0.3890306353569031 80
1607666118427 0.3880824148654938 81
1607666118566 0.3881140649318695 82
1607666118700 0.3883014917373657 83
1607666118834 0.38798725605010986 84
1607666118970 0.38798049092292786 85
1607666119099 0.38700488209724426 86
1607666119237 0.3868958353996277 87
1607666119375 0.3857954442501068 88
1607666119513 0.3863835632801056 89
1607666119649 0.3865787386894226 90
1607666119776 0.38752418756484985 91
1607666119910 0.38654476404190063 92
1607666120060 0.386415034532547 93
1607666120194 0.3856157660484314 94
1607666120322 0.3848758637905121 95
1607666120451 0.3841007947921753 96
1607666120604 0.3836551010608673 97
1607666120739 0.38391655683517456 98
1607666120870 0.3837399184703827 99
1607666120999 0.38559067249298096 100
1607666121130 0.38466522097587585 101
1607666121276 0.3853536546230316 102
1607666121419 0.3829355239868164 103
1607666121545 0.38111573457717896 104
1607666121680 0.380908340215683 105
1607666121819 0.3803514242172241 106
1607666121972 0.3804505169391632 107
1607666122123 0.3813759684562683 108
1607666122277 0.3820117115974426 109
1607666122434 0.382560133934021 110
1607666122583 0.3827918767929077 111
1607666122752 0.38106730580329895 112
1607666122908 0.38065487146377563 113
1607666123064 0.3792954683303833 114
1607666123224 0.3788808584213257 115
1607666123378 0.37784886360168457 116
1607666123541 0.3775356411933899 117
1607666123700 0.3775082528591156 118
1607666123855 0.3778327405452728 119
1607666124009 0.37850508093833923 120
1607666124215 0.37860870361328125 121
1607666124343 0.3786160945892334 122
1607666124481 0.37765705585479736 123
1607666124612 0.37724778056144714 124
1607666124748 0.37720730900764465 125
1607666124876 0.37629881501197815 126
1607666125013 0.3758765459060669 127
1607666125145 0.37554728984832764 128
1607666125274 0.37574315071105957 129
1607666125402 0.37561383843421936 130
1607666125537 0.37535789608955383 131
1607666125672 0.3758803606033325 132
1607666125802 0.37536633014678955 133
1607666125938 0.37571391463279724 134
1607666126071 0.37502312660217285 135
1607666126203 0.37528470158576965 136
1607666126345 0.3746682107448578 137
1607666126475 0.3744942247867584 138
1607666126603 0.37397968769073486 139
1607666126730 0.3739595115184784 140
1607666126863 0.37447601556777954 141
1607666126999 0.37451764941215515 142
1607666127137 0.37534719705581665 143
1607666127267 0.37562379240989685 144
1607666127398 0.3751540184020996 145
1607666127526 0.3758796155452728 146
1607666127659 0.37443894147872925 147
1607666127788 0.3741587996482849 148
1607666127920 0.3728961944580078 149
1607666128055 0.37255626916885376 150
1607666128185 0.37247177958488464 151
1607666128319 0.37202590703964233 152
1607666128452 0.37243860960006714 153
1607666128588 0.37268608808517456 154
1607666128718 0.3729660212993622 155
1607666128853 0.3727509081363678 156
1607666128988 0.3729396462440491 157
1607666129123 0.3726485073566437 158
1607666129257 0.3724200129508972 159
1607666129387 0.37243929505348206 160
1607666129519 0.3717412054538727 161
1607666129656 0.3712977468967438 162
1607666129786 0.37133297324180603 163
1607666129925 0.3710877001285553 164
1607666130059 0.37151744961738586 165
1607666130191 0.37158653140068054 166
1607666130321 0.3724994659423828 167
1607666130463 0.37246739864349365 168
1607666130594 0.3731607496738434 169
1607666130742 0.3727189302444458 170
1607666130876 0.372518390417099 171
1607666131005 0.37079763412475586 172
1607666131135 0.37002041935920715 173
1607666131268 0.3695475161075592 174
1607666131399 0.369428426027298 175
1607666131546 0.36915555596351624 176
1607666131701 0.36933377385139465 177
1607666131844 0.3698480725288391 178
1607666131972 0.3698427975177765 179
1607666132101 0.3699994683265686 180
1607666132245 0.37031909823417664 181
1607666132385 0.37056422233581543 182
1607666132527 0.3681434392929077 183
1607666132661 0.3676292598247528 184
1607666132815 0.3676455020904541 185
1607666132964 0.3678050935268402 186
1607666133105 0.36830267310142517 187
1607666133239 0.3689940273761749 188
1607666133375 0.3699004650115967 189
1607666133528 0.3713531494140625 190
1607666133662 0.3708323538303375 191
1607666133792 0.3703724145889282 192
1607666133924 0.36970263719558716 193
1607666134057 0.368895560503006 194
1607666134212 0.3683594763278961 195
1607666134350 0.3675134778022766 196
1607666134482 0.36710670590400696 197
1607666134616 0.36700117588043213 198
1607666134764 0.36700567603111267 199
1607666134911 0.36795464158058167 200
1607666135067 0.36849817633628845 201
1607666135222 0.3695109486579895 202
1607666135379 0.3696087598800659 203
1607666135537 0.37015384435653687 204
1607666135697 0.3685719668865204 205
1607666135856 0.368714302778244 206
1607666136009 0.36767715215682983 207
1607666136146 0.3679596483707428 208
1607666136299 0.3679843842983246 209
1607666136455 0.3679972290992737 210
1607666136618 0.3694109618663788 211
1607666136764 0.3688150644302368 212
1607666136906 0.3695918917655945 213
1607666137048 0.3687679171562195 214
1607666137183 0.3691471815109253 215
1607666137314 0.36849144101142883 216
1607666137452 0.3685202896595001 217
1607666137580 0.3683631718158722 218
1607666137708 0.3691995441913605 219
1607666137836 0.36830323934555054 220
1607666137970 0.3677656352519989 221
1607666138108 0.3672974407672882 222
1607666138240 0.3673405945301056 223
1607666138381 0.36610034108161926 224
1607666138521 0.36546939611434937 225
1607666138654 0.3648935854434967 226
1607666138780 0.3646644055843353 227
1607666138911 0.3646553158760071 228
1607666139042 0.3642098009586334 229
1607666139176 0.3646107017993927 230
1607666139311 0.3649788796901703 231
1607666139445 0.3654347062110901 232
1607666139579 0.36558103561401367 233
1607666139717 0.3663175106048584 234
1607666139845 0.3657918870449066 235
1607666139978 0.36634373664855957 236
1607666140113 0.36560651659965515 237
1607666140250 0.36563393473625183 238
1607666140380 0.365395724773407 239
1607666140519 0.3649912178516388 240
1607666140651 0.36567410826683044 241
1607666140784 0.3656008243560791 242
1607666140922 0.3661803603172302 243
1607666141055 0.36625590920448303 244
1607666141185 0.3661741614341736 245
1607666141314 0.3659221827983856 246
1607666141441 0.3651658594608307 247
1607666141570 0.3646470010280609 248
1607666141708 0.36425715684890747 249
1607666141841 0.3636307418346405 250
1607666141975 0.3636312782764435 251
1607666142107 0.3631333112716675 252
1607666142236 0.3634709119796753 253
1607666142364 0.363590806722641 254
1607666142493 0.36413994431495667 255
1607666142624 0.3648616373538971 256
1607666142755 0.365569531917572 257
1607666142893 0.36586326360702515 258
1607666143028 0.3662358224391937 259
1607666143160 0.3662320375442505 260
1607666143292 0.3662058413028717 261
1607666143426 0.3655953109264374 262
1607666143555 0.36485373973846436 263
1607666143705 0.3639070987701416 264
1607666143839 0.3636957108974457 265
1607666143967 0.3634546399116516 266
1607666144110 0.36288124322891235 267
1607666144244 0.36268696188926697 268
1607666144399 0.36294636130332947 269
1607666144534 0.3634822368621826 270
1607666144668 0.3635484278202057 271
1607666144797 0.36400359869003296 272
1607666144927 0.3640228807926178 273
1607666145084 0.3640013635158539 274
1607666145228 0.3635108470916748 275
1607666145373 0.3634137511253357 276
1607666145519 0.36323460936546326 277
1607666145667 0.36310961842536926 278
1607666145823 0.3628692924976349 279
1607666145959 0.36280032992362976 280
1607666146089 0.3628910183906555 281
1607666146226 0.36291125416755676 282
1607666146357 0.3631618618965149 283
1607666146509 0.3633127510547638 284
1607666146712 0.36376386880874634 285
1607666146845 0.3637443482875824 286
1607666146985 0.36396661400794983 287
1607666147140 0.3634723126888275 288
1607666147290 0.36329755187034607 289
1607666147444 0.3634466230869293 290
1607666147599 0.36336299777030945 291
1607666147753 0.3638617992401123 292
1607666147914 0.36400121450424194 293
1607666148072 0.3640845715999603 294
1607666148235 0.3642316162586212 295
1607666148387 0.36437952518463135 296
1607666148544 0.3635938763618469 297
1607666148703 0.3627597391605377 298
1607666148860 0.36269330978393555 299
1607666149014 0.3624529242515564 300
1607666149155 0.362419992685318 301
1607666149294 0.3626961410045624 302
1607666149438 0.3629036843776703 303
1607666149576 0.36355137825012207 304
1607666149712 0.36395755410194397 305
1607666149844 0.36385470628738403 306
1607666149977 0.3642953038215637 307
1607666150108 0.36431533098220825 308
1607666150240 0.3634774088859558 309
1607666150371 0.3622925579547882 310
1607666150507 0.3621181845664978 311
1607666150649 0.3621397018432617 312
1607666150786 0.36199188232421875 313
1607666150921 0.36181822419166565 314
1607666151055 0.36132556200027466 315
1607666151187 0.36190417408943176 316
1607666151317 0.3613484799861908 317
1607666151452 0.36144745349884033 318
1607666151582 0.36112073063850403 319
1607666151717 0.3609578013420105 320
1607666151855 0.36118564009666443 321
1607666151992 0.3609146773815155 322
1607666152128 0.36120152473449707 323
1607666152259 0.36123886704444885 324
1607666152393 0.3615834712982178 325
1607666152531 0.3616723120212555 326
1607666152666 0.3625665307044983 327
1607666152798 0.3626626133918762 328
1607666152934 0.36321473121643066 329
1607666153070 0.3627420961856842 330
1607666153201 0.36195436120033264 331
1607666153331 0.3615666925907135 332
1607666153463 0.36055850982666016 333
1607666153597 0.36020973324775696 334
1607666153732 0.3598136007785797 335
1607666153869 0.3597492277622223 336
1607666153999 0.35971468687057495 337
1607666154129 0.36001572012901306 338
1607666154273 0.36039596796035767 339
1607666154403 0.3612404763698578 340
1607666154534 0.36121857166290283 341
1607666154665 0.36167967319488525 342
1607666154800 0.361930787563324 343
1607666154933 0.36250895261764526 344
1607666155069 0.36222517490386963 345
1607666155198 0.3621361553668976 346
1607666155330 0.3614311218261719 347
1607666155469 0.36133018136024475 348
1607666155607 0.360539048910141 349
1607666155741 0.3603139817714691 350
1607666155877 0.3597574234008789 351
1607666156014 0.35976728796958923 352
1607666156151 0.35959258675575256 353
1607666156286 0.359472393989563 354
1607666156419 0.35999831557273865 355
1607666156568 0.35961124300956726 356
1607666156711 0.36033064126968384 357
1607666156848 0.36002111434936523 358
1607666156981 0.3602609932422638 359
1607666157113 0.360878586769104 360
1607666157267 0.36080193519592285 361
1607666157402 0.3614540696144104 362
1607666157537 0.3611723482608795 363
1607666157671 0.3609826862812042 364
1607666157803 0.3588552176952362 365
1607666157960 0.35848286747932434 366
1607666158101 0.35825836658477783 367
1607666158245 0.35850897431373596 368
1607666158377 0.3587262034416199 369
1607666158524 0.35932645201683044 370
1607666158686 0.36017361283302307 371
1607666158819 0.36094847321510315 372
1607666158947 0.3613113760948181 373
1607666159084 0.36128872632980347 374
1607666159222 0.3608051538467407 375
1607666159371 0.36084887385368347 376
1607666159535 0.36030563712120056 377
1607666159690 0.3600292503833771 378
1607666159833 0.3597809076309204 379
1607666159987 0.35969725251197815 380
1607666160213 0.3594629466533661 381
1607666160365 0.3593176007270813 382
1607666160521 0.3591926693916321 383
1607666160679 0.3589525818824768 384
1607666160832 0.35868874192237854 385
1607666160995 0.35865893959999084 386
1607666161139 0.35869458317756653 387
1607666161296 0.35933369398117065 388
1607666161452 0.35921382904052734 389
1607666161583 0.3598145842552185 390
1607666161718 0.35982829332351685 391
1607666161848 0.35982364416122437 392
1607666161990 0.360359251499176 393
1607666162122 0.36017492413520813 394
1607666162254 0.3600365221500397 395
1607666162386 0.3597000539302826 396
1607666162516 0.35970112681388855 397
1607666162650 0.35953933000564575 398
1607666162788 0.35930487513542175 399
1607666162926 0.35928457975387573 400
1607666163068 0.35899674892425537 401
1607666163209 0.3597806394100189 402
1607666163340 0.3596836030483246 403
1607666163471 0.3596232235431671 404
1607666163606 0.3599371016025543 405
1607666163747 0.3595045208930969 406
1607666163877 0.3593031167984009 407
1607666164008 0.35881665349006653 408
1607666164136 0.3586534857749939 409
1607666164270 0.35861480236053467 410
1607666164405 0.35806554555892944 411
1607666164542 0.35821980237960815 412
1607666164675 0.3577749729156494 413
1607666164809 0.35808882117271423 414
1607666164938 0.3580981492996216 415
1607666165074 0.35888367891311646 416
1607666165209 0.35914331674575806 417
1607666165340 0.3598511815071106 418
1607666165468 0.35978129506111145 419
1607666165605 0.3599916696548462 420
1607666165744 0.35954129695892334 421
1607666165878 0.35881364345550537 422
1607666166010 0.3580259680747986 423
1607666166150 0.35754820704460144 424
1607666166284 0.3574886918067932 425
1607666166414 0.35737118124961853 426
1607666166544 0.3574066758155823 427
1607666166674 0.35762152075767517 428
1607666166812 0.358420729637146 429
1607666166956 0.35815954208374023 430
1607666167087 0.35871151089668274 431
1607666167221 0.3585895001888275 432
1607666167354 0.35902297496795654 433
1607666167488 0.35880595445632935 434
1607666167621 0.358363538980484 435
1607666167755 0.3581174910068512 436
1607666167894 0.35784712433815 437
1607666168038 0.35854166746139526 438
1607666168175 0.3580683469772339 439
1607666168326 0.358295738697052 440
1607666168466 0.3581206202507019 441
1607666168600 0.35841915011405945 442
1607666168735 0.3587178885936737 443
1607666168870 0.3588559329509735 444
1607666169029 0.35873928666114807 445
1607666169175 0.3588331937789917 446
1607666169340 0.3591311573982239 447
1607666169481 0.359179824590683 448
1607666169620 0.3591131865978241 449
1607666169762 0.3591518998146057 450
1607666169908 0.35861268639564514 451
1607666170066 0.3589475750923157 452
1607666170225 0.35819047689437866 453
1607666170377 0.3578694760799408 454
1607666170523 0.35738927125930786 455
1607666170679 0.3572896122932434 456
1607666170828 0.3573618531227112 457
1607666170960 0.35741546750068665 458
1607666171089 0.3573409616947174 459
1607666171218 0.3574310839176178 460
1607666171372 0.35731232166290283 461
1607666171517 0.3574635088443756 462
1607666171655 0.3571724593639374 463
1607666171790 0.3570754826068878 464
1607666171933 0.3568386137485504 465
1607666172081 0.35674360394477844 466
1607666172224 0.35682448744773865 467
1607666172381 0.35675933957099915 468
1607666172536 0.35727137327194214 469
1607666172681 0.3571178913116455 470
1607666172836 0.35776039958000183 471
1607666173000 0.3573727309703827 472
1607666173160 0.3576700985431671 473
1607666173311 0.35753342509269714 474
1607666173470 0.35727065801620483 475
1607666173615 0.3572938144207001 476
1607666173792 0.35705795884132385 477
1607666173950 0.357305645942688 478
1607666174095 0.3575011193752289 479
1607666174227 0.35765641927719116 480
1607666174362 0.3582557141780853 481
1607666174504 0.3581081032752991 482
1607666174655 0.3586382567882538 483
1607666174794 0.35851505398750305 484
1607666174932 0.35860541462898254 485
1607666175064 0.3580631613731384 486
1607666175195 0.3577962815761566 487
1607666175331 0.35730987787246704 488
1607666175463 0.3570058345794678 489
1607666175590 0.3570977449417114 490
1607666175724 0.35667717456817627 491
1607666175865 0.35668042302131653 492
1607666175995 0.3569120168685913 493
1607666176125 0.35689860582351685 494
1607666176264 0.35734057426452637 495
1607666176400 0.3571831285953522 496
1607666176537 0.3572428226470947 497
1607666176665 0.35686686635017395 498
1607666176796 0.35659417510032654 499
1607666176927 0.3566562533378601 500
1607666177076 0.3561805486679077 501
1607666177219 0.3556371331214905 502
1607666177353 0.3554452359676361 503
1607666177490 0.35542526841163635 504
1607666177628 0.355721116065979 505
1607666177757 0.35551929473876953 506
1607666177887 0.3557865619659424 507
1607666178018 0.3560034930706024 508
1607666178159 0.35634034872055054 509
1607666178294 0.3570209741592407 510
1607666178432 0.35668012499809265 511
1607666178562 0.35666558146476746 512
1607666178694 0.35653647780418396 513
1607666178831 0.3566202223300934 514
1607666178968 0.3565935492515564 515
1607666179097 0.356995552778244 516
1607666179227 0.3566673696041107 517
1607666179353 0.357529878616333 518
1607666179496 0.3573346436023712 519
1607666179629 0.3576170802116394 520
1607666179759 0.35690048336982727 521
1607666179893 0.35675081610679626 522
1607666180022 0.35638391971588135 523
1607666180157 0.355890154838562 524
1607666180288 0.35554611682891846 525
1607666180428 0.3556986451148987 526
1607666180570 0.35615187883377075 527
1607666180711 0.3560861349105835 528
1607666181018 0.3564110994338989 529
1607666181156 0.3572351932525635 530
1607666181300 0.35758650302886963 531
1607666181453 0.3585040271282196 532
1607666181619 0.35815006494522095 533
1607666181752 0.35779252648353577 534
1607666181892 0.3574211597442627 535
1607666182023 0.356754332780838 536
1607666182163 0.35712355375289917 537
1607666182319 0.3558770716190338 538
1607666182454 0.3554253876209259 539
1607666182582 0.3547694981098175 540
1607666182711 0.3551942706108093 541
1607666182865 0.35492023825645447 542
1607666183003 0.35495585203170776 543
1607666183135 0.35482659935951233 544
1607666183275 0.3554477095603943 545
1607666183410 0.3557532727718353 546
1607666183567 0.35460060834884644 547
1607666183705 0.3541814982891083 548
1607666183836 0.35439881682395935 549
1607666183966 0.3548232913017273 550
1607666184097 0.3552657663822174 551
1607666184258 0.3553255796432495 552
1607666184430 0.3558576703071594 553
1607666184593 0.3556157946586609 554
1607666184752 0.3554569482803345 555
1607666184907 0.3557492196559906 556
1607666185061 0.35542747378349304 557
1607666185217 0.3555053174495697 558
1607666185351 0.3552871346473694 559
1607666185500 0.3558705747127533 560
1607666185661 0.35645779967308044 561
1607666185814 0.3569450378417969 562
1607666186010 0.35746288299560547 563
1607666186167 0.3575330376625061 564
1607666186311 0.35736215114593506 565
1607666186442 0.3565201759338379 566
1607666186588 0.35600385069847107 567
1607666186730 0.35502469539642334 568
1607666186861 0.35453370213508606 569
1607666186995 0.3540098965167999 570
1607666187133 0.3538048267364502 571
1607666187265 0.35405418276786804 572
1607666187398 0.354036808013916 573
1607666187539 0.35474923253059387 574
1607666187684 0.35465559363365173 575
1607666187816 0.3555462062358856 576
1607666187954 0.3555539548397064 577
1607666188095 0.3563995361328125 578
1607666188264 0.3561314046382904 579
1607666188413 0.3563372492790222 580
1607666188560 0.3560352921485901 581
1607666188709 0.3556293547153473 582
1607666188863 0.3551638126373291 583
1607666189005 0.3546209931373596 584
1607666189138 0.35449355840682983 585
1607666189265 0.35369598865509033 586
1607666189395 0.3540247678756714 587
1607666189537 0.3540765941143036 588
1607666189686 0.3548661172389984 589
1607666189836 0.3550335168838501 590
1607666189966 0.3567994236946106 591
1607666190099 0.35689160227775574 592
1607666190239 0.35754624009132385 593
1607666190375 0.3565843105316162 594
1607666190518 0.35669437050819397 595
1607666190660 0.35624077916145325 596
1607666190811 0.35583603382110596 597
1607666190944 0.3554174304008484 598
1607666191076 0.3549407422542572 599
1607666191222 0.35478609800338745 600
1607666191364 0.3548276424407959 601
1607666191497 0.35438185930252075 602
1607666191628 0.3543422818183899 603
1607666191770 0.35404306650161743 604
1607666191915 0.35468408465385437 605
1607666192060 0.35472434759140015 606
1607666192194 0.3551565110683441 607
1607666192326 0.3553762137889862 608
1607666192468 0.3555260896682739 609
1607666192607 0.35578107833862305 610
1607666192738 0.35545095801353455 611
1607666192869 0.3557143211364746 612
1607666193011 0.35522332787513733 613
1607666193151 0.35459455847740173 614
1607666193294 0.35409030318260193 615
1607666193431 0.35436755418777466 616
1607666193574 0.3540816605091095 617
1607666193734 0.35503846406936646 618
1607666193872 0.35544896125793457 619
1607666194004 0.35633158683776855 620
1607666194136 0.35692939162254333 621
1607666194287 0.3566816747188568 622
1607666194425 0.35629332065582275 623
1607666194564 0.3556501269340515 624
1607666194697 0.35472336411476135 625
1607666194830 0.3539167046546936 626
1607666194993 0.3533102869987488 627
1607666195132 0.3529127240180969 628
1607666195265 0.3530016243457794 629
1607666195402 0.3524971306324005 630
1607666195557 0.35278692841529846 631
1607666195689 0.35269254446029663 632
1607666195830 0.35295793414115906 633
1607666195972 0.35333356261253357 634
1607666196103 0.35355180501937866 635
1607666196265 0.35389289259910583 636
1607666196403 0.3539024293422699 637
1607666196553 0.354318767786026 638
1607666196683 0.3543955385684967 639
1607666196817 0.3551090955734253 640
1607666196962 0.3548326790332794 641
1607666197109 0.35538822412490845 642
1607666197287 0.3555450141429901 643
1607666197430 0.35542216897010803 644
1607666197589 0.3559199273586273 645
1607666197732 0.35630396008491516 646
1607666197874 0.355599969625473 647
1607666198020 0.35532042384147644 648
1607666198191 0.35474246740341187 649
1607666198333 0.35511118173599243 650
1607666198479 0.35487526655197144 651
1607666198630 0.3544677793979645 652
1607666198805 0.35445913672447205 653
1607666198943 0.35431966185569763 654
1607666199083 0.35408785939216614 655
1607666199213 0.35389086604118347 656
1607666199342 0.35332104563713074 657
1607666199471 0.3532547652721405 658
1607666199608 0.3527644872665405 659
1607666199749 0.3529166579246521 660
1607666199894 0.3529031276702881 661
1607666200032 0.3532726466655731 662
1607666200170 0.35343629121780396 663
1607666200300 0.35406357049942017 664
1607666200435 0.3546512722969055 665
1607666200579 0.35496553778648376 666
1607666200725 0.3552330732345581 667
1607666200859 0.35550034046173096 668
1607666200994 0.3551527261734009 669
1607666201124 0.3552168905735016 670
1607666201262 0.35439804196357727 671
1607666201406 0.3547024726867676 672
1607666201534 0.3537793755531311 673
1607666201668 0.35391587018966675 674
1607666201798 0.35332319140434265 675
1607666201932 0.3540118336677551 676
1607666202066 0.35358482599258423 677
1607666202212 0.35425058007240295 678
1607666202352 0.3543744683265686 679
1607666202495 0.3543473184108734 680
1607666202623 0.35467007756233215 681
1607666202753 0.3549085557460785 682
1607666202886 0.3550841212272644 683
1607666203018 0.35474082827568054 684
1607666203150 0.35420161485671997 685
1607666203282 0.35426807403564453 686
1607666203421 0.35317856073379517 687
1607666203555 0.3528819680213928 688
1607666203695 0.35235363245010376 689
1607666203831 0.35222703218460083 690
1607666203965 0.3522114157676697 691
1607666204106 0.352232426404953 692
1607666204238 0.35243770480155945 693
1607666204369 0.35288113355636597 694
1607666204498 0.3533591032028198 695
1607666204636 0.35413286089897156 696
1607666204768 0.3540552258491516 697
1607666204905 0.3547814190387726 698
1607666205061 0.3546644449234009 699
1607666205194 0.3552229702472687 700
1607666205328 0.3542834222316742 701
1607666205461 0.35417208075523376 702
1607666205589 0.3533453643321991 703
1607666205747 0.3528502881526947 704
1607666205892 0.3522249162197113 705
1607666206028 0.35216212272644043 706
1607666206172 0.35195159912109375 707
1607666206321 0.352423757314682 708
1607666206470 0.35266757011413574 709
1607666206622 0.3531072437763214 710
1607666206780 0.3539220690727234 711
1607666206948 0.35450679063796997 712
1607666207098 0.35477402806282043 713
1607666207269 0.3547486662864685 714
1607666207421 0.3550357520580292 715
1607666207563 0.35499107837677 716
1607666207709 0.3547685742378235 717
1607666207951 0.3544408977031708 718
1607666208094 0.35382282733917236 719
1607666208259 0.35402238368988037 720
1607666208394 0.3531481623649597 721
1607666208534 0.353223979473114 722
1607666208687 0.3531581461429596 723
1607666208838 0.35323408246040344 724
1607666208973 0.3532654047012329 725
1607666209110 0.3531372547149658 726
1607666209241 0.3533563017845154 727
1607666209377 0.35301998257637024 728
1607666209515 0.3520442247390747 729
1607666209649 0.35161927342414856 730
1607666209782 0.35205504298210144 731
1607666209924 0.3522278368473053 732
1607666210060 0.353158563375473 733
1607666210199 0.3534854054450989 734
1607666210335 0.3542858958244324 735
1607666210467 0.35436567664146423 736
1607666210603 0.35503003001213074 737
1607666210731 0.35443827509880066 738
1607666210860 0.3546864688396454 739
1607666210993 0.35378190875053406 740
1607666211138 0.353311151266098 741
1607666211277 0.35306471586227417 742
1607666211410 0.3531351387500763 743
1607666211551 0.3526037633419037 744
1607666211691 0.3524623215198517 745
1607666211829 0.3521415591239929 746
1607666211963 0.3525654971599579 747
1607666212099 0.35245126485824585 748
1607666212240 0.35263776779174805 749
1607666212382 0.35291364789009094 750
1607666212520 0.3531164228916168 751
1607666212661 0.35375335812568665 752
1607666212798 0.35355743765830994 753
1607666212936 0.35340118408203125 754
1607666213075 0.35355255007743835 755
1607666213209 0.35332491993904114 756
1607666213342 0.3532797694206238 757
1607666213474 0.3525140583515167 758
1607666213613 0.3524278402328491 759
1607666213746 0.3522631824016571 760
1607666213883 0.352131724357605 761
1607666214011 0.3518698215484619 762
1607666214146 0.3519435524940491 763
1607666214287 0.35171088576316833 764
1607666214422 0.35211095213890076 765
1607666214553 0.3521030843257904 766
1607666214685 0.3525780439376831 767
1607666214819 0.3532773554325104 768
1607666214960 0.353239506483078 769
1607666215095 0.3538075387477875 770
1607666215228 0.3538305163383484 771
1607666215367 0.35365673899650574 772
1607666215515 0.35351088643074036 773
1607666215656 0.35288968682289124 774
1607666215794 0.35267993807792664 775
1607666215935 0.3521897494792938 776
1607666216072 0.3519701063632965 777
1607666216205 0.3522721827030182 778
1607666216338 0.35192492604255676 779
1607666216472 0.3520416021347046 780
1607666216605 0.3519279360771179 781
1607666216739 0.35211363434791565 782
1607666216876 0.3521963655948639 783
1607666217009 0.3523966670036316 784
1607666217146 0.3527858555316925 785
1607666217289 0.35401439666748047 786
1607666217428 0.3543621599674225 787
1607666217568 0.3546496331691742 788
1607666217705 0.35477834939956665 789
1607666217838 0.35503697395324707 790
1607666217970 0.35403910279273987 791
1607666218101 0.3535344898700714 792
1607666218255 0.35221385955810547 793
1607666218397 0.35220813751220703 794
1607666218536 0.35164615511894226 795
1607666218669 0.3514467477798462 796
1607666218800 0.3512643873691559 797
1607666218951 0.35107970237731934 798
1607666219097 0.35178157687187195 799
1607666219296 0.3514837324619293 800
1607666219449 0.3520229756832123 801
1607666219605 0.35170257091522217 802
1607666219752 0.35216835141181946 803
1607666219899 0.3525453507900238 804
1607666220033 0.3524031639099121 805
1607666220176 0.3521939218044281 806
1607666220316 0.35237836837768555 807
1607666220460 0.35246825218200684 808
1607666220610 0.3527624011039734 809
1607666220767 0.3530130684375763 810
1607666220903 0.35347333550453186 811
1607666221035 0.35372865200042725 812
1607666221192 0.35382914543151855 813
1607666221335 0.3536190390586853 814
1607666221475 0.35356536507606506 815
1607666221614 0.3527964949607849 816
1607666221756 0.3525274097919464 817
1607666221885 0.3515884280204773 818
1607666222018 0.35153257846832275 819
1607666222162 0.35127416253089905 820
1607666222308 0.35125184059143066 821
1607666222458 0.3514930009841919 822
1607666222608 0.3514903783798218 823
1607666222771 0.3523665964603424 824
1607666222927 0.3522040843963623 825
1607666223065 0.3526301085948944 826
1607666223196 0.35233423113822937 827
1607666223336 0.35285091400146484 828
1607666223488 0.3526219427585602 829
1607666223625 0.3525252640247345 830
1607666223776 0.35228127241134644 831
1607666223922 0.352411150932312 832
1607666224054 0.35217562317848206 833
1607666224193 0.35253095626831055 834
1607666224329 0.35211724042892456 835
1607666224469 0.35278892517089844 836
1607666224602 0.3527200520038605 837
1607666224737 0.3533006012439728 838
1607666224878 0.3523542284965515 839
1607666225023 0.352232962846756 840
1607666225166 0.3518354892730713 841
1607666225300 0.3517618477344513 842
1607666225430 0.3514336943626404 843
1607666225559 0.35111480951309204 844
1607666225692 0.35183069109916687 845
1607666225821 0.35143983364105225 846
1607666225954 0.35202762484550476 847
1607666226080 0.35194018483161926 848
1607666226222 0.35217317938804626 849
1607666226364 0.3522445857524872 850
1607666226503 0.35238948464393616 851
1607666226636 0.3522525727748871 852
1607666226766 0.3525230884552002 853
1607666226901 0.35176369547843933 854
1607666227037 0.352430522441864 855
1607666227169 0.35197392106056213 856
1607666227319 0.35263150930404663 857
1607666227468 0.3520403802394867 858
1607666227605 0.3526402413845062 859
1607666227760 0.35221266746520996 860
1607666227904 0.35202524065971375 861
1607666228036 0.3517587184906006 862
1607666228184 0.35142454504966736 863
1607666228330 0.3515249192714691 864
1607666228466 0.3513459861278534 865
1607666228607 0.35169562697410583 866
1607666228753 0.35173630714416504 867
1607666228897 0.35214489698410034 868
1607666229041 0.3522246778011322 869
1607666229187 0.3529682159423828 870
1607666229318 0.35265934467315674 871
1607666229448 0.35317981243133545 872
1607666229581 0.3527039587497711 873
1607666229726 0.3536628186702728 874
1607666229867 0.35296687483787537 875
1607666230007 0.3533817231655121 876
1607666230137 0.35307884216308594 877
1607666230278 0.3527594804763794 878
1607666230438 0.3521709442138672 879
1607666230579 0.35146665573120117 880
1607666230711 0.35141289234161377 881
1607666230842 0.35125207901000977 882
1607666230975 0.35085955262184143 883
1607666231109 0.35087066888809204 884
1607666231249 0.35087645053863525 885
1607666231390 0.35129687190055847 886
1607666231533 0.3516528904438019 887
1607666231674 0.3516995906829834 888
1607666231808 0.3521782457828522 889
1607666231944 0.3526274561882019 890
1607666232088 0.3527333438396454 891
1607666232234 0.35314932465553284 892
1607666232365 0.3527756631374359 893
1607666232509 0.35289961099624634 894
1607666232659 0.35235702991485596 895
1607666232796 0.3519791066646576 896
1607666232930 0.35123446583747864 897
1607666233064 0.35062941908836365 898
1607666233199 0.3501845896244049 899
1607666233339 0.3500370681285858 900
1607666233492 0.3501555621623993 901
1607666233638 0.3501555919647217 902
1607666233783 0.35052305459976196 903
1607666233916 0.35076066851615906 904
1607666234075 0.35149115324020386 905
1607666234220 0.35134822130203247 906
1607666234349 0.35174277424812317 907
1607666234480 0.3513979911804199 908
1607666234613 0.35168275237083435 909
1607666234772 0.35031256079673767 910
1607666234918 0.34926924109458923 911
1607666235070 0.3490813672542572 912
1607666235203 0.3491349220275879 913
1607666235345 0.3494432866573334 914
1607666235521 0.34971508383750916 915
1607666235664 0.35051479935646057 916
1607666235797 0.3511809706687927 917
1607666235925 0.3519591689109802 918
1607666236081 0.35261768102645874 919
1607666236222 0.3530883193016052 920
1607666236363 0.3530823290348053 921
1607666236502 0.35295966267585754 922
1607666236645 0.35225218534469604 923
1607666236799 0.35197269916534424 924
1607666236934 0.3516687750816345 925
1607666237067 0.35095661878585815 926
1607666237204 0.35099783539772034 927
1607666237361 0.3507169783115387 928
1607666237501 0.3509344458580017 929
1607666237638 0.3513597249984741 930
1607666237769 0.35190457105636597 931
1607666237903 0.3525428771972656 932
1607666238054 0.3533228933811188 933
1607666238194 0.35377657413482666 934
1607666238324 0.35451802611351013 935
1607666238457 0.3542316257953644 936
1607666238608 0.3535154461860657 937
1607666238759 0.35220202803611755 938
1607666238909 0.35166308283805847 939
1607666239044 0.35080164670944214 940
1607666239180 0.35027313232421875 941
1607666239326 0.3497582674026489 942
1607666239485 0.3497301936149597 943
1607666239626 0.34980249404907227 944
1607666239770 0.3501097857952118 945
1607666239909 0.3502417802810669 946
1607666240047 0.3507021963596344 947
1607666240303 0.3508773148059845 948
1607666240444 0.3509516417980194 949
1607666240580 0.3511510193347931 950
1607666240714 0.3504882752895355 951
1607666240847 0.3504140377044678 952
1607666240979 0.3499824106693268 953
1607666241111 0.34991908073425293 954
1607666241257 0.3496236205101013 955
1607666241399 0.3501831293106079 956
1607666241537 0.3501461148262024 957
1607666241668 0.3508624732494354 958
1607666241803 0.35067155957221985 959
1607666241937 0.35148143768310547 960
1607666242069 0.3516635000705719 961
1607666242203 0.3517594635486603 962
1607666242334 0.3516160845756531 963
1607666242464 0.3518497347831726 964
1607666242618 0.3522266149520874 965
1607666242770 0.35192716121673584 966
1607666242913 0.35195809602737427 967
1607666243074 0.3517785668373108 968
1607666243219 0.35168614983558655 969
1607666243365 0.35158801078796387 970
1607666243519 0.35101598501205444 971
1607666243675 0.35072076320648193 972
1607666243815 0.3501562476158142 973
1607666243994 0.35042062401771545 974
1607666244158 0.3501722812652588 975
1607666244307 0.3505893647670746 976
1607666244448 0.35106658935546875 977
1607666244583 0.3517487645149231 978
1607666244721 0.35273635387420654 979
1607666244855 0.3527422547340393 980
1607666244990 0.3526565134525299 981
1607666245124 0.3523120880126953 982
1607666245253 0.35174232721328735 983
1607666245391 0.3511129319667816 984
1607666245704 0.3500409722328186 985
1607666245840 0.34995943307876587 986
1607666245974 0.3496357202529907 987
1607666246108 0.349616676568985 988
1607666246245 0.3500584661960602 989
1607666246380 0.3503851890563965 990
1607666246516 0.3511117696762085 991
1607666246644 0.35156887769699097 992
1607666246778 0.3524886965751648 993
1607666246913 0.352873295545578 994
1607666247044 0.3527435064315796 995
1607666247175 0.3520321249961853 996
1607666247311 0.3516397178173065 997
1607666247440 0.3511173129081726 998
1607666247577 0.3507397770881653 999
