1607614975221 0.4739851951599121 0
1607614975434 0.4666004180908203 1
1607614975647 0.45636212825775146 2
1607614975856 0.4499466121196747 3
1607614976064 0.4445285499095917 4
1607614976280 0.44116833806037903 5
1607614976494 0.43952885270118713 6
1607614976711 0.438751757144928 7
1607614976920 0.43709173798561096 8
1607614977132 0.4363415539264679 9
1607614977343 0.4359203279018402 10
1607614977550 0.43513572216033936 11
1607614977760 0.43438565731048584 12
1607614977968 0.43304121494293213 13
1607614978179 0.4319702684879303 14
1607614978396 0.43181148171424866 15
1607614978596 0.4314512312412262 16
1607614978796 0.43100160360336304 17
1607614978995 0.4300142824649811 18
1607614979197 0.42912375926971436 19
1607614979397 0.4286579191684723 20
1607614979600 0.42824313044548035 21
1607614979799 0.4275412857532501 22
1607614980007 0.425771027803421 23
1607614980209 0.42477819323539734 24
1607614980410 0.4238319993019104 25
1607614980611 0.42339465022087097 26
1607614980815 0.4229793846607208 27
1607614981024 0.4221673905849457 28
1607614981228 0.42151421308517456 29
1607614981428 0.4198485314846039 30
1607614981631 0.4183724522590637 31
1607614981834 0.4168682098388672 32
1607614982040 0.4154711961746216 33
1607614982244 0.41465458273887634 34
1607614982446 0.41430139541625977 35
1607614982651 0.4143253266811371 36
1607614982860 0.4140636622905731 37
1607614983060 0.4130459129810333 38
1607614983264 0.4115010201931 39
1607614983471 0.4104715883731842 40
1607614983681 0.41028767824172974 41
1607614983892 0.41114935278892517 42
1607614984100 0.4111987352371216 43
1607614984299 0.4105156660079956 44
1607614984502 0.4089965224266052 45
1607614984703 0.4079044461250305 46
1607614984910 0.40715739130973816 47
1607614985111 0.4066448211669922 48
1607614985321 0.4062192440032959 49
1607614985521 0.40567469596862793 50
1607614985723 0.4044932723045349 51
1607614985923 0.40385040640830994 52
1607614986123 0.402601420879364 53
1607614986330 0.40271151065826416 54
1607614986530 0.4022984802722931 55
1607614986730 0.4032275378704071 56
1607614986928 0.40307509899139404 57
1607614987133 0.4014362394809723 58
1607614987338 0.39825010299682617 59
1607614987545 0.396375447511673 60
1607614987746 0.3951784074306488 61
1607614987961 0.39515846967697144 62
1607614988164 0.3962384760379791 63
1607614988366 0.3976031243801117 64
1607614988578 0.3984944224357605 65
1607614988778 0.39833974838256836 66
1607614988995 0.39623919129371643 67
1607614989205 0.39567360281944275 68
1607614989412 0.3955249786376953 69
1607614989620 0.3936568796634674 70
1607614989828 0.3931611180305481 71
1607614990041 0.3926733732223511 72
1607614990246 0.3925691246986389 73
1607614990457 0.39219930768013 74
1607614990676 0.3914695382118225 75
1607614990890 0.39099013805389404 76
1607614991095 0.39001455903053284 77
1607614991300 0.3894323706626892 78
1607614991507 0.389165997505188 79
1607614991710 0.38856616616249084 80
1607614991919 0.3882318437099457 81
1607614992152 0.38813337683677673 82
1607614992366 0.38752174377441406 83
1607614992573 0.38679152727127075 84
1607614992802 0.3859352767467499 85
1607614993015 0.38613972067832947 86
1607614993247 0.3853859305381775 87
1607614993462 0.38509660959243774 88
1607614993678 0.3847750425338745 89
1607614993890 0.3843845725059509 90
1607614994103 0.38386425375938416 91
1607614994322 0.3840615153312683 92
1607614994573 0.3836795687675476 93
1607614994814 0.38267698884010315 94
1607614995063 0.3826653063297272 95
1607614995289 0.3830518126487732 96
1607614995516 0.3837337791919708 97
1607614995748 0.3845418393611908 98
1607614995976 0.38486969470977783 99
1607614996200 0.3846851885318756 100
1607614996449 0.3842569589614868 101
1607614996683 0.38404789566993713 102
1607614996924 0.38397830724716187 103
1607614997134 0.3832190930843353 104
1607614997347 0.38259583711624146 105
1607614997558 0.38207772374153137 106
1607614997774 0.3809613287448883 107
1607614998002 0.37967050075531006 108
1607614998268 0.3788074254989624 109
1607614998495 0.3781706392765045 110
1607614998707 0.37757644057273865 111
1607614998924 0.3773922324180603 112
1607614999144 0.3772639334201813 113
1607614999361 0.37751689553260803 114
1607614999594 0.37778088450431824 115
1607614999811 0.37799954414367676 116
1607615000035 0.3781900703907013 117
1607615000249 0.3777391314506531 118
1607615000462 0.3768465518951416 119
1607615000680 0.37733936309814453 120
1607615000902 0.376442551612854 121
1607615001122 0.3764214515686035 122
1607615001351 0.3760634660720825 123
1607615001561 0.37583038210868835 124
1607615001776 0.3764215409755707 125
1607615002002 0.37661856412887573 126
1607615002224 0.3773156404495239 127
1607615002448 0.3766900897026062 128
1607615002658 0.37640106678009033 129
1607615002879 0.37472453713417053 130
1607615003230 0.37457790970802307 131
1607615003453 0.37460753321647644 132
1607615003681 0.37526872754096985 133
1607615003897 0.37597304582595825 134
1607615004122 0.37654614448547363 135
1607615004341 0.3752303421497345 136
1607615004576 0.3748660981655121 137
1607615004806 0.37451523542404175 138
1607615005043 0.37386777997016907 139
1607615005288 0.3740340769290924 140
1607615005520 0.37375888228416443 141
1607615005776 0.3737000524997711 142
1607615006015 0.3735334277153015 143
1607615006254 0.3728432059288025 144
1607615006499 0.37276917695999146 145
1607615006742 0.37185388803482056 146
1607615007003 0.37158751487731934 147
1607615007250 0.371109277009964 148
1607615007488 0.3712393641471863 149
1607615007711 0.3721666932106018 150
1607615007958 0.37179142236709595 151
1607615008211 0.37251147627830505 152
1607615008445 0.37210819125175476 153
1607615008679 0.37262046337127686 154
1607615008943 0.3722204864025116 155
1607615009203 0.37336504459381104 156
1607615009459 0.3718179762363434 157
1607615009725 0.3720094561576843 158
1607615009967 0.3712429106235504 159
1607615010210 0.3708431124687195 160
1607615010457 0.3704703152179718 161
1607615010724 0.3705178201198578 162
1607615010965 0.3702302873134613 163
1607615011211 0.37025725841522217 164
1607615011496 0.37023988366127014 165
1607615011724 0.3697693645954132 166
1607615011961 0.369657427072525 167
1607615012196 0.3688448369503021 168
1607615012449 0.3689410090446472 169
1607615012709 0.36868369579315186 170
1607615012970 0.3691900670528412 171
1607615013229 0.3691467344760895 172
1607615013492 0.36938565969467163 173
1607615013728 0.36998870968818665 174
1607615013980 0.36948058009147644 175
1607615014227 0.3700491786003113 176
1607615014484 0.3700840175151825 177
1607615014720 0.37050825357437134 178
1607615014939 0.37032514810562134 179
1607615015179 0.3700186312198639 180
1607615015396 0.37021884322166443 181
1607615015627 0.3695499300956726 182
1607615015871 0.369287371635437 183
1607615016090 0.3684886395931244 184
1607615016316 0.3682672679424286 185
1607615016531 0.36818182468414307 186
1607615016745 0.36785799264907837 187
1607615016968 0.3678114712238312 188
1607615017195 0.3674275577068329 189
1607615017425 0.3676559031009674 190
1607615017649 0.36752352118492126 191
1607615017870 0.36741650104522705 192
1607615018085 0.36753004789352417 193
1607615018304 0.3677009344100952 194
1607615018533 0.3679255247116089 195
1607615018764 0.36742955446243286 196
1607615018996 0.3673775792121887 197
1607615019244 0.36740556359291077 198
1607615019471 0.3673475980758667 199
1607615019686 0.3668891191482544 200
1607615019909 0.36727017164230347 201
1607615020133 0.3671484887599945 202
1607615020352 0.3670497536659241 203
1607615020565 0.36664116382598877 204
1607615020791 0.36605870723724365 205
1607615021018 0.36614641547203064 206
1607615021239 0.36596065759658813 207
1607615021451 0.3661041259765625 208
1607615021672 0.3667275309562683 209
1607615021931 0.36725741624832153 210
1607615022158 0.36769309639930725 211
1607615022378 0.3685065507888794 212
1607615022593 0.3682372272014618 213
1607615022806 0.36867305636405945 214
1607615023042 0.3685542047023773 215
1607615023311 0.3668375611305237 216
1607615023559 0.36639848351478577 217
1607615023801 0.36519530415534973 218
1607615024035 0.36501601338386536 219
1607615024264 0.3653532564640045 220
1607615024486 0.36485370993614197 221
1607615024703 0.36497384309768677 222
1607615024929 0.36545243859291077 223
1607615025138 0.3654365837574005 224
1607615025375 0.36637791991233826 225
1607615025609 0.3668244779109955 226
1607615025820 0.3667481243610382 227
1607615026041 0.366682231426239 228
1607615026275 0.3659999668598175 229
1607615026514 0.36529430747032166 230
1607615026730 0.3647960424423218 231
1607615026942 0.3639942705631256 232
1607615027170 0.3634251356124878 233
1607615027399 0.36373189091682434 234
1607615027622 0.3640170693397522 235
1607615027849 0.3642681837081909 236
1607615028067 0.3647180497646332 237
1607615028283 0.3648968040943146 238
1607615028499 0.36493930220603943 239
1607615028707 0.3646904528141022 240
1607615028918 0.36431464552879333 241
1607615029131 0.36387965083122253 242
1607615029355 0.3632493019104004 243
1607615029567 0.3631095886230469 244
1607615029794 0.3625239431858063 245
1607615030013 0.3628586232662201 246
1607615030224 0.3626096248626709 247
1607615030437 0.3629334568977356 248
1607615030649 0.3629572093486786 249
1607615030873 0.3628448247909546 250
1607615031119 0.36285024881362915 251
1607615031348 0.3628873825073242 252
1607615031584 0.36256280541419983 253
1607615031835 0.3629398047924042 254
1607615032064 0.3627746105194092 255
1607615032312 0.36293911933898926 256
1607615032545 0.36266398429870605 257
1607615032763 0.36328139901161194 258
1607615033009 0.3631259799003601 259
1607615033221 0.36312589049339294 260
1607615033437 0.36309900879859924 261
1607615033655 0.3633052706718445 262
1607615033866 0.3634355366230011 263
1607615034082 0.36402997374534607 264
1607615034285 0.3644613027572632 265
1607615034493 0.3651072680950165 266
1607615034704 0.36529749631881714 267
1607615034917 0.36424604058265686 268
1607615035128 0.36377930641174316 269
1607615035344 0.3636761009693146 270
1607615035560 0.3635236620903015 271
1607615035770 0.3643835186958313 272
1607615035986 0.3635556101799011 273
1607615036193 0.3640994131565094 274
1607615036406 0.3638650178909302 275
1607615036611 0.36410418152809143 276
1607615036824 0.3639891445636749 277
1607615037031 0.363269180059433 278
1607615037252 0.3627084791660309 279
1607615037464 0.36186859011650085 280
1607615037673 0.3618505895137787 281
1607615037890 0.36130934953689575 282
1607615038097 0.361815869808197 283
1607615038322 0.3610871136188507 284
1607615038556 0.36133208870887756 285
1607615038802 0.361082524061203 286
1607615039047 0.36155712604522705 287
1607615039282 0.3613550364971161 288
1607615039499 0.3617652356624603 289
1607615039716 0.3616988956928253 290
1607615039934 0.3619251251220703 291
1607615040167 0.3624047338962555 292
1607615040387 0.3620341420173645 293
1607615040604 0.36237961053848267 294
1607615040823 0.36215919256210327 295
1607615041068 0.3618091642856598 296
1607615041301 0.3617549240589142 297
1607615041518 0.36147382855415344 298
1607615041734 0.36135372519493103 299
1607615041957 0.3610103130340576 300
1607615042176 0.3611299991607666 301
1607615042405 0.36063188314437866 302
1607615042611 0.36065569519996643 303
1607615042826 0.3600720465183258 304
1607615043057 0.36007174849510193 305
1607615043282 0.35955801606178284 306
1607615043490 0.35932666063308716 307
1607615043699 0.35934507846832275 308
1607615043905 0.3593076467514038 309
1607615044115 0.35969293117523193 310
1607615044319 0.3597986400127411 311
1607615044524 0.36044493317604065 312
1607615044730 0.3603653013706207 313
1607615044945 0.3605119585990906 314
1607615045188 0.3603244423866272 315
1607615045414 0.3609975576400757 316
1607615045626 0.3604227602481842 317
1607615045867 0.3615421652793884 318
1607615046079 0.361642986536026 319
1607615046304 0.36159318685531616 320
1607615046548 0.36238306760787964 321
1607615046758 0.36205798387527466 322
1607615046972 0.36275938153266907 323
1607615047203 0.36185428500175476 324
1607615047434 0.36104387044906616 325
1607615047664 0.36098772287368774 326
1607615047883 0.3606736660003662 327
1607615048101 0.36102819442749023 328
1607615048362 0.36104294657707214 329
1607615048592 0.36072269082069397 330
1607615048813 0.36021503806114197 331
1607615049041 0.3601715564727783 332
1607615049273 0.3599883019924164 333
1607615049525 0.3600890636444092 334
1607615049761 0.36009690165519714 335
1607615050005 0.3597433269023895 336
1607615050250 0.3604610860347748 337
1607615050485 0.3603338897228241 338
1607615050748 0.3605465590953827 339
1607615050986 0.36018797755241394 340
1607615051242 0.3595316708087921 341
1607615051461 0.35936278104782104 342
1607615051675 0.3589255213737488 343
1607615051896 0.3591373562812805 344
1607615052103 0.35860154032707214 345
1607615052320 0.35861659049987793 346
1607615052570 0.35838428139686584 347
1607615052817 0.3582776188850403 348
1607615053033 0.3583381772041321 349
1607615053243 0.3583197593688965 350
1607615053469 0.3584980070590973 351
1607615053703 0.3588711619377136 352
1607615053922 0.3598678410053253 353
1607615054139 0.36060774326324463 354
1607615054344 0.3615882396697998 355
1607615054573 0.36190709471702576 356
1607615054814 0.3622904121875763 357
1607615055032 0.362483412027359 358
1607615055237 0.3622352182865143 359
1607615055451 0.36157873272895813 360
1607615055654 0.3604790270328522 361
1607615055868 0.35972076654434204 362
1607615056079 0.3585205674171448 363
1607615056287 0.3586335778236389 364
1607615056500 0.35796046257019043 365
1607615056710 0.357756644487381 366
1607615056946 0.3576599657535553 367
1607615057158 0.35775426030158997 368
1607615057377 0.357855886220932 369
1607615057601 0.3580843508243561 370
1607615057820 0.357946515083313 371
1607615058039 0.3583279550075531 372
1607615058250 0.3580130338668823 373
1607615058460 0.35834354162216187 374
1607615058669 0.3578738868236542 375
1607615058886 0.3579089045524597 376
1607615059093 0.3573954105377197 377
1607615059319 0.35730835795402527 378
1607615059545 0.3571503162384033 379
1607615059757 0.35720697045326233 380
1607615059979 0.3571885824203491 381
1607615060194 0.3576357960700989 382
1607615060408 0.3579687774181366 383
1607615060622 0.35788270831108093 384
1607615060840 0.3578557074069977 385
1607615061076 0.3576450049877167 386
1607615061332 0.35742539167404175 387
1607615061563 0.3570520877838135 388
1607615061777 0.35682082176208496 389
1607615061986 0.35651251673698425 390
1607615062192 0.356540709733963 391
1607615062401 0.3567012846469879 392
1607615062635 0.3566313087940216 393
1607615062870 0.35715237259864807 394
1607615063088 0.35744842886924744 395
1607615063307 0.35785338282585144 396
1607615063524 0.35844913125038147 397
1607615063750 0.3591795563697815 398
1607615063972 0.3589281737804413 399
1607615064187 0.358965128660202 400
1607615064400 0.3584197461605072 401
1607615064611 0.35824283957481384 402
1607615064830 0.35808253288269043 403
1607615065046 0.35760435461997986 404
1607615065292 0.3580402433872223 405
1607615065511 0.35796600580215454 406
1607615065725 0.35857194662094116 407
1607615065937 0.35835006833076477 408
1607615066186 0.3581256866455078 409
1607615066412 0.3584006726741791 410
1607615066632 0.3583456575870514 411
1607615066843 0.3581628203392029 412
1607615067071 0.35800811648368835 413
1607615067332 0.3584256172180176 414
1607615067582 0.35865288972854614 415
1607615067822 0.3593454957008362 416
1607615068051 0.360006719827652 417
1607615068280 0.35930007696151733 418
1607615068507 0.3591500520706177 419
1607615068752 0.35835787653923035 420
1607615068993 0.35783690214157104 421
1607615069233 0.35808128118515015 422
1607615069506 0.35762420296669006 423
1607615069722 0.3570806086063385 424
1607615069946 0.35743770003318787 425
1607615070154 0.35705432295799255 426
1607615070368 0.3576505184173584 427
1607615070576 0.35711178183555603 428
1607615070791 0.357293963432312 429
1607615071002 0.3567250370979309 430
1607615071209 0.3566967248916626 431
1607615071423 0.35632264614105225 432
1607615071633 0.3562391400337219 433
1607615071851 0.3558001220226288 434
1607615072062 0.35611653327941895 435
1607615072269 0.35604414343833923 436
1607615072479 0.3568066954612732 437
1607615072691 0.3566177487373352 438
1607615072906 0.35691389441490173 439
1607615073129 0.3567441999912262 440
1607615073345 0.3570539653301239 441
1607615073559 0.3566614091396332 442
1607615073779 0.35597509145736694 443
1607615073997 0.35511839389801025 444
1607615074216 0.3549584150314331 445
1607615074430 0.3547024726867676 446
1607615074642 0.3545209765434265 447
1607615074855 0.3546130359172821 448
1607615075064 0.355104923248291 449
1607615075287 0.3559153378009796 450
1607615075500 0.35688620805740356 451
1607615075715 0.3580673933029175 452
1607615075932 0.3587208092212677 453
1607615076145 0.35897910594940186 454
1607615076359 0.35870057344436646 455
1607615076583 0.3582940101623535 456
1607615076805 0.357734352350235 457
1607615077016 0.3564348816871643 458
1607615077232 0.35586458444595337 459
1607615077448 0.35524824261665344 460
1607615077664 0.3557721674442291 461
1607615077879 0.3556045889854431 462
1607615078098 0.3557921051979065 463
1607615078312 0.3555712401866913 464
1607615078558 0.35601213574409485 465
1607615078769 0.35615283250808716 466
1607615078992 0.35608839988708496 467
1607615079219 0.3556773066520691 468
1607615079429 0.3556242883205414 469
1607615079634 0.35562607645988464 470
1607615079852 0.35598742961883545 471
1607615080060 0.35638415813446045 472
1607615080279 0.356965571641922 473
1607615080485 0.3573898673057556 474
1607615080688 0.35782474279403687 475
1607615080896 0.35787415504455566 476
1607615081106 0.35723206400871277 477
1607615081311 0.3565094470977783 478
1607615081524 0.3557374179363251 479
1607615081735 0.35521721839904785 480
1607615081941 0.3549479842185974 481
1607615082150 0.35543155670166016 482
1607615082359 0.3549984395503998 483
1607615082563 0.35611698031425476 484
1607615082780 0.35657936334609985 485
1607615083009 0.35726699233055115 486
1607615083220 0.357883483171463 487
1607615083429 0.3571818172931671 488
1607615083649 0.35740599036216736 489
1607615083863 0.35657092928886414 490
1607615084072 0.3560852110385895 491
1607615084288 0.3550378084182739 492
1607615084516 0.35452473163604736 493
1607615084737 0.35395580530166626 494
1607615084953 0.3534697890281677 495
1607615085166 0.35357409715652466 496
1607615085379 0.3532888889312744 497
1607615085583 0.35403570532798767 498
1607615085793 0.35377299785614014 499
1607615086023 0.3549700975418091 500
1607615086258 0.35576704144477844 501
1607615086490 0.35710957646369934 502
1607615086737 0.3580884039402008 503
1607615086990 0.3593903183937073 504
1607615087244 0.3596101999282837 505
1607615087491 0.35995927453041077 506
1607615087712 0.3575432598590851 507
1607615087960 0.3563247621059418 508
1607615088183 0.35525456070899963 509
1607615088386 0.35426098108291626 510
1607615088593 0.3534570336341858 511
1607615088805 0.35315725207328796 512
1607615089020 0.3531855046749115 513
1607615089250 0.35380905866622925 514
1607615089461 0.35437580943107605 515
1607615089669 0.3547430634498596 516
1607615089877 0.3554305136203766 517
1607615090084 0.35537946224212646 518
1607615090295 0.35586047172546387 519
1607615090501 0.3555639982223511 520
1607615090710 0.3551027774810791 521
1607615090920 0.3547455668449402 522
1607615091137 0.3543195128440857 523
1607615091345 0.3540678024291992 524
1607615091559 0.353838711977005 525
1607615091771 0.3535606265068054 526
1607615091983 0.35380032658576965 527
1607615092194 0.35384660959243774 528
1607615092410 0.3542844355106354 529
1607615092623 0.35453706979751587 530
1607615092836 0.3555566966533661 531
1607615093044 0.3557630479335785 532
1607615093254 0.35594192147254944 533
1607615093460 0.3556506633758545 534
1607615093674 0.3556264638900757 535
1607615093882 0.35521936416625977 536
1607615094084 0.3546941578388214 537
1607615094288 0.3543883264064789 538
1607615094495 0.35422006249427795 539
1607615094704 0.35414478182792664 540
1607615094907 0.3541208803653717 541
1607615095115 0.35454559326171875 542
1607615095327 0.3548811376094818 543
1607615095533 0.35507071018218994 544
1607615095744 0.3549272119998932 545
1607615095949 0.3550149202346802 546
1607615096158 0.35515761375427246 547
1607615096362 0.355127215385437 548
1607615096577 0.35471999645233154 549
1607615096788 0.3545936942100525 550
1607615096996 0.3541068732738495 551
1607615097202 0.35409754514694214 552
1607615097409 0.35342368483543396 553
1607615097617 0.35359054803848267 554
1607615097827 0.3528929054737091 555
1607615098033 0.3530925214290619 556
1607615098236 0.3530483841896057 557
1607615098447 0.3531472980976105 558
1607615098666 0.3537309765815735 559
1607615098879 0.35421809554100037 560
1607615099097 0.354388028383255 561
1607615099312 0.3544081747531891 562
1607615099523 0.35513612627983093 563
1607615099729 0.3555084466934204 564
1607615099958 0.3559013307094574 565
1607615100180 0.35504379868507385 566
1607615100400 0.35507768392562866 567
1607615100781 0.35407376289367676 568
1607615101010 0.3540349006652832 569
1607615101254 0.35307982563972473 570
1607615101473 0.3532133996486664 571
1607615101702 0.35296139121055603 572
1607615101923 0.35300129652023315 573
1607615102136 0.35376936197280884 574
1607615102383 0.35452431440353394 575
1607615102622 0.35546186566352844 576
1607615102854 0.3562406599521637 577
1607615103075 0.3570033609867096 578
1607615103313 0.3575614392757416 579
1607615103537 0.3565711975097656 580
1607615103753 0.3559724986553192 581
1607615103975 0.3543810546398163 582
1607615104197 0.354059100151062 583
1607615104439 0.35286569595336914 584
1607615104701 0.35208529233932495 585
1607615104947 0.35206085443496704 586
1607615105196 0.35207903385162354 587
1607615105444 0.35286590456962585 588
1607615105695 0.3534471094608307 589
1607615105926 0.3540019989013672 590
1607615106174 0.35490572452545166 591
1607615106412 0.3553347885608673 592
1607615106634 0.3560750484466553 593
1607615106863 0.3552388846874237 594
1607615107097 0.35445982217788696 595
1607615107316 0.353468120098114 596
1607615107553 0.3531266748905182 597
1607615107787 0.35247325897216797 598
1607615108003 0.3524496555328369 599
1607615108224 0.35233446955680847 600
1607615108440 0.352651447057724 601
1607615108652 0.3528116047382355 602
1607615108866 0.353258341550827 603
1607615109083 0.35398513078689575 604
1607615109301 0.35483333468437195 605
1607615109520 0.35515809059143066 606
1607615109739 0.35527417063713074 607
1607615109958 0.3547826409339905 608
1607615110184 0.35424917936325073 609
1607615110405 0.35403960943222046 610
1607615110626 0.3530704379081726 611
1607615110848 0.35268786549568176 612
1607615111071 0.3519751727581024 613
1607615111293 0.35205399990081787 614
1607615111508 0.3517366647720337 615
1607615111722 0.351995587348938 616
1607615111951 0.3521710932254791 617
1607615112175 0.3523452877998352 618
1607615112399 0.3523421585559845 619
1607615112618 0.3525850176811218 620
1607615112837 0.35257264971733093 621
1607615113060 0.3526216447353363 622
1607615113277 0.35269448161125183 623
1607615113495 0.35265323519706726 624
1607615113704 0.35287460684776306 625
1607615113929 0.35339123010635376 626
1607615114143 0.35344821214675903 627
1607615114363 0.354032963514328 628
1607615114582 0.35428279638290405 629
1607615114819 0.3545532822608948 630
1607615115046 0.3547850251197815 631
1607615115272 0.35442033410072327 632
1607615115485 0.3543380796909332 633
1607615115697 0.35430487990379333 634
1607615115922 0.3537624478340149 635
1607615116147 0.3530525267124176 636
1607615116371 0.3530944585800171 637
1607615116599 0.3526715636253357 638
1607615116821 0.3532404899597168 639
1607615117044 0.35239559412002563 640
1607615117258 0.35267117619514465 641
1607615117475 0.35262829065322876 642
1607615117694 0.3528597056865692 643
1607615117915 0.3529452979564667 644
1607615118171 0.3526439964771271 645
1607615118403 0.3529261350631714 646
1607615118621 0.35239359736442566 647
1607615118836 0.3524353802204132 648
1607615119061 0.35171276330947876 649
1607615119281 0.3519785404205322 650
1607615119495 0.3518454432487488 651
1607615119712 0.35226139426231384 652
1607615119942 0.35286417603492737 653
1607615120195 0.35324159264564514 654
1607615120429 0.3539442718029022 655
1607615120645 0.3541730046272278 656
1607615120855 0.3548276424407959 657
1607615121076 0.35428014397621155 658
1607615121312 0.35398638248443604 659
1607615121541 0.3528709411621094 660
1607615121757 0.3525523543357849 661
1607615121982 0.352154940366745 662
1607615122214 0.35165464878082275 663
1607615122450 0.3513021171092987 664
1607615122693 0.3510250151157379 665
1607615122949 0.3509794771671295 666
1607615123210 0.3513118624687195 667
1607615123483 0.35119324922561646 668
1607615123734 0.35151827335357666 669
1607615123988 0.3519861400127411 670
1607615124234 0.3522413372993469 671
1607615124455 0.3529539108276367 672
1607615124672 0.3532501757144928 673
1607615124892 0.3538369834423065 674
1607615125109 0.35364004969596863 675
1607615125332 0.3538629710674286 676
1607615125560 0.3538464903831482 677
1607615125779 0.3541150391101837 678
1607615125997 0.35366564989089966 679
1607615126227 0.3533730208873749 680
1607615126443 0.35285335779190063 681
1607615126664 0.35323822498321533 682
1607615126893 0.3525739312171936 683
1607615127111 0.3529485762119293 684
1607615127330 0.3527210056781769 685
1607615127558 0.35279831290245056 686
1607615127773 0.35280656814575195 687
1607615127993 0.35337942838668823 688
1607615128221 0.3530244827270508 689
1607615128443 0.35378459095954895 690
1607615128669 0.3531091511249542 691
1607615128887 0.3532564043998718 692
1607615129108 0.35346272587776184 693
1607615129333 0.3533115088939667 694
1607615129550 0.3534417152404785 695
1607615129773 0.352192223072052 696
1607615129989 0.3518374562263489 697
1607615130211 0.35139200091362 698
1607615130427 0.3511444330215454 699
1607615130649 0.3505547344684601 700
1607615130870 0.3501746952533722 701
1607615131088 0.35000094771385193 702
1607615131305 0.35010185837745667 703
1607615131520 0.34993958473205566 704
1607615131740 0.350251168012619 705
1607615131955 0.3504336476325989 706
1607615132178 0.35098758339881897 707
1607615132397 0.35124671459198 708
1607615132617 0.3515288233757019 709
1607615132832 0.35169920325279236 710
1607615133052 0.3515152633190155 711
1607615133265 0.3517574071884155 712
1607615133483 0.3511876165866852 713
1607615133689 0.3516329526901245 714
1607615133903 0.3518267273902893 715
1607615134113 0.35192182660102844 716
1607615134329 0.35276639461517334 717
1607615134546 0.35262781381607056 718
1607615134766 0.35319092869758606 719
1607615134985 0.3527306318283081 720
1607615135202 0.3529498875141144 721
1607615135421 0.3526219427585602 722
1607615135641 0.35285723209381104 723
1607615135864 0.35247111320495605 724
1607615136114 0.3522484302520752 725
1607615136343 0.35225817561149597 726
1607615136565 0.35185685753822327 727
1607615136784 0.35248690843582153 728
1607615137024 0.35188016295433044 729
1607615137248 0.3515150845050812 730
1607615137464 0.3512493371963501 731
1607615137681 0.3513525426387787 732
1607615137896 0.3511955738067627 733
1607615138132 0.35126909613609314 734
1607615138366 0.3511282801628113 735
1607615138585 0.3513641059398651 736
1607615138806 0.35173001885414124 737
1607615139027 0.3520425856113434 738
1607615139268 0.3524020314216614 739
1607615139495 0.35233592987060547 740
1607615139713 0.35215145349502563 741
1607615139935 0.3519919514656067 742
1607615140163 0.3523309528827667 743
1607615140403 0.3521367013454437 744
1607615140651 0.35161954164505005 745
1607615140887 0.3513188362121582 746
1607615141128 0.3510689437389374 747
1607615141365 0.3511611521244049 748
1607615141620 0.35108381509780884 749
1607615141851 0.35140395164489746 750
1607615142099 0.3519861400127411 751
1607615142333 0.3533489406108856 752
1607615142554 0.3538425862789154 753
1607615142779 0.354542076587677 754
1607615143007 0.35481658577919006 755
1607615143238 0.3547782301902771 756
1607615143457 0.35410168766975403 757
1607615143678 0.35302960872650146 758
1607615143898 0.35181960463523865 759
1607615144115 0.35127636790275574 760
1607615144340 0.35040023922920227 761
1607615144559 0.3499748408794403 762
1607615144778 0.34935420751571655 763
1607615145001 0.34950485825538635 764
1607615145220 0.34940096735954285 765
1607615145444 0.3500271439552307 766
1607615145667 0.35045555233955383 767
1607615145896 0.3513060510158539 768
1607615146128 0.35236236453056335 769
1607615146358 0.3527030348777771 770
1607615146580 0.35381218791007996 771
1607615146808 0.3533601462841034 772
1607615147038 0.35338300466537476 773
1607615147262 0.35271814465522766 774
1607615147492 0.352189302444458 775
1607615147713 0.3516618311405182 776
1607615147937 0.3510906398296356 777
1607615148153 0.3507607579231262 778
1607615148381 0.35049495100975037 779
1607615148602 0.3506203889846802 780
1607615148819 0.3509134352207184 781
1607615149041 0.350922554731369 782
1607615149259 0.35120731592178345 783
1607615149477 0.3515368103981018 784
1607615149696 0.35234761238098145 785
1607615149910 0.3526453375816345 786
1607615150131 0.3529759645462036 787
1607615150354 0.3521991968154907 788
1607615150572 0.3520316779613495 789
1607615150791 0.3517228960990906 790
1607615151017 0.3512725234031677 791
1607615151237 0.35018593072891235 792
1607615151461 0.3496481776237488 793
1607615151676 0.3489663600921631 794
1607615151902 0.34906479716300964 795
1607615152121 0.34869635105133057 796
1607615152360 0.34938833117485046 797
1607615152598 0.349420428276062 798
1607615152822 0.3501735329627991 799
1607615153043 0.3509637117385864 800
1607615153261 0.35113731026649475 801
1607615153491 0.35180696845054626 802
1607615153709 0.35201385617256165 803
1607615153963 0.35213562846183777 804
1607615154188 0.35204145312309265 805
1607615154416 0.35118117928504944 806
1607615154643 0.3510077893733978 807
1607615154896 0.35077694058418274 808
1607615155122 0.35112032294273376 809
1607615155347 0.3514021933078766 810
1607615155570 0.35142040252685547 811
1607615155790 0.3512169122695923 812
1607615156045 0.35128581523895264 813
1607615156289 0.3516209125518799 814
1607615156542 0.35119035840034485 815
1607615156793 0.351051926612854 816
1607615157030 0.350568950176239 817
1607615157265 0.350563108921051 818
1607615157513 0.35057345032691956 819
1607615157764 0.35010212659835815 820
1607615157991 0.35063549876213074 821
1607615158238 0.35065802931785583 822
1607615158458 0.35087695717811584 823
1607615158682 0.35119619965553284 824
1607615158911 0.3510907292366028 825
1607615159126 0.3516353368759155 826
1607615159349 0.3513179421424866 827
1607615159565 0.3514465391635895 828
1607615159786 0.3511209785938263 829
1607615160012 0.35106438398361206 830
1607615160232 0.3504096567630768 831
1607615160448 0.3499760627746582 832
1607615160673 0.3504410684108734 833
1607615160889 0.3502887487411499 834
1607615161113 0.350915789604187 835
1607615161333 0.3509049117565155 836
1607615161571 0.35137298703193665 837
1607615161808 0.35196030139923096 838
1607615162058 0.35230812430381775 839
1607615162291 0.35216832160949707 840
1607615162514 0.35195037722587585 841
1607615162741 0.3515773415565491 842
1607615162967 0.351573646068573 843
1607615163190 0.351060152053833 844
1607615163423 0.35087788105010986 845
1607615163649 0.35029712319374084 846
1607615163875 0.3503263592720032 847
1607615164095 0.3498658537864685 848
1607615164314 0.3500450849533081 849
1607615164530 0.3498474955558777 850
1607615164760 0.3502737879753113 851
1607615164986 0.34979280829429626 852
1607615165215 0.350471556186676 853
1607615165442 0.34993094205856323 854
1607615165667 0.3505629599094391 855
1607615165890 0.34976276755332947 856
1607615166111 0.3498627245426178 857
1607615166324 0.3496125340461731 858
1607615166548 0.3496706783771515 859
1607615166768 0.34930330514907837 860
1607615166992 0.34915152192115784 861
1607615167213 0.3492159843444824 862
1607615167438 0.34916409850120544 863
1607615167657 0.34906619787216187 864
1607615167880 0.34910550713539124 865
1607615168104 0.3495476543903351 866
1607615168322 0.34978345036506653 867
1607615168543 0.35033944249153137 868
1607615168774 0.3507651686668396 869
1607615169003 0.35149064660072327 870
1607615169231 0.3512265682220459 871
1607615169456 0.35144346952438354 872
1607615169674 0.35128986835479736 873
1607615169893 0.35108667612075806 874
1607615170108 0.3506423532962799 875
1607615170330 0.35009846091270447 876
1607615170542 0.35023802518844604 877
1607615170788 0.3500156104564667 878
1607615171007 0.35003867745399475 879
1607615171224 0.3500364422798157 880
1607615171443 0.35064250230789185 881
1607615171661 0.3511427342891693 882
1607615171886 0.3521861135959625 883
1607615172139 0.35175254940986633 884
1607615172385 0.3521147072315216 885
1607615172641 0.35090941190719604 886
1607615172891 0.35050898790359497 887
1607615173120 0.3494512736797333 888
1607615173346 0.34870877861976624 889
1607615173575 0.34807878732681274 890
1607615173796 0.34818679094314575 891
1607615174019 0.3485756516456604 892
1607615174237 0.349073201417923 893
1607615174455 0.34988221526145935 894
1607615174675 0.350806325674057 895
1607615174907 0.3518286347389221 896
1607615175127 0.3523155748844147 897
1607615175351 0.3524949252605438 898
1607615175577 0.3526799976825714 899
1607615175801 0.3522006571292877 900
1607615176030 0.3517332077026367 901
1607615176244 0.3512633144855499 902
1607615176469 0.35074594616889954 903
1607615176693 0.35110926628112793 904
1607615176945 0.35019633173942566 905
1607615177172 0.3498620390892029 906
1607615177393 0.34961527585983276 907
1607615177609 0.3490823209285736 908
1607615177827 0.3494216203689575 909
1607615178043 0.3491537570953369 910
1607615178261 0.3494374454021454 911
1607615178476 0.34937456250190735 912
1607615178690 0.3495520353317261 913
1607615178911 0.3499261140823364 914
1607615179126 0.3499249815940857 915
1607615179344 0.3499149978160858 916
1607615179568 0.34980836510658264 917
1607615179791 0.3495084047317505 918
1607615180015 0.34953078627586365 919
1607615180233 0.3488186001777649 920
1607615180447 0.3488028645515442 921
1607615180666 0.34831809997558594 922
1607615180893 0.3483860492706299 923
1607615181112 0.3483847975730896 924
1607615181324 0.34846699237823486 925
1607615181545 0.3489004671573639 926
1607615181758 0.3496336340904236 927
1607615181985 0.34964749217033386 928
1607615182201 0.3504113554954529 929
1607615182413 0.3503182828426361 930
1607615182629 0.35073649883270264 931
1607615182848 0.3507062792778015 932
1607615183068 0.35064032673835754 933
1607615183283 0.35024937987327576 934
1607615183507 0.3499873876571655 935
1607615183729 0.34953075647354126 936
1607615183946 0.34958645701408386 937
1607615184165 0.34921297430992126 938
1607615184378 0.34936976432800293 939
1607615184595 0.3493529260158539 940
1607615184825 0.3498995900154114 941
1607615185038 0.35026273131370544 942
1607615185251 0.3511420488357544 943
1607615185463 0.3508678674697876 944
1607615185668 0.35212862491607666 945
1607615185882 0.35241639614105225 946
1607615186091 0.3531164824962616 947
1607615186300 0.3527764678001404 948
1607615186511 0.3522215485572815 949
1607615186724 0.35127949714660645 950
1607615186978 0.35044875741004944 951
1607615187202 0.3499218225479126 952
1607615187450 0.34911903738975525 953
1607615187730 0.3490661084651947 954
1607615187972 0.3483611047267914 955
1607615188209 0.34878623485565186 956
1607615188418 0.34871670603752136 957
1607615188621 0.34912359714508057 958
1607615188836 0.3494448661804199 959
1607615189050 0.3489237427711487 960
1607615189257 0.34953153133392334 961
1607615189468 0.3491206765174866 962
1607615189682 0.34921225905418396 963
1607615189903 0.34850770235061646 964
1607615190114 0.34831488132476807 965
1607615190321 0.34824222326278687 966
1607615190530 0.34818142652511597 967
1607615190752 0.34856128692626953 968
1607615190962 0.34903937578201294 969
1607615191172 0.34878695011138916 970
1607615191385 0.34916552901268005 971
1607615191599 0.3495476245880127 972
1607615191814 0.3497002124786377 973
1607615192037 0.3496868908405304 974
1607615192249 0.34989312291145325 975
1607615192454 0.34980612993240356 976
1607615192666 0.35051971673965454 977
1607615192885 0.35064777731895447 978
1607615193117 0.3515894412994385 979
1607615193339 0.35149234533309937 980
1607615193559 0.35142043232917786 981
1607615193769 0.35085251927375793 982
1607615193985 0.35068559646606445 983
1607615194203 0.3491983115673065 984
1607615194439 0.3487020432949066 985
1607615194670 0.34760478138923645 986
1607615194886 0.3475743532180786 987
1607615195101 0.34708768129348755 988
1607615195328 0.3473649024963379 989
1607615195558 0.3475455045700073 990
1607615195784 0.3483430743217468 991
1607615196028 0.3489350378513336 992
1607615196284 0.3496938645839691 993
1607615196509 0.35030972957611084 994
1607615196736 0.3507152795791626 995
1607615196975 0.3505198061466217 996
1607615197213 0.35002896189689636 997
1607615197439 0.34930387139320374 998
1607615197665 0.34890761971473694 999
