1607614724656 0.47408220171928406 0
1607614724878 0.4676932394504547 1
1607614725096 0.455653578042984 2
1607614725313 0.4491170644760132 3
1607614725523 0.44511285424232483 4
1607614725737 0.44190728664398193 5
1607614725943 0.4405246376991272 6
1607614726153 0.43985381722450256 7
1607614726362 0.4401830732822418 8
1607614726570 0.4401521682739258 9
1607614726782 0.4392017424106598 10
1607614726999 0.4381493330001831 11
1607614727209 0.436777800321579 12
1607614727424 0.43469876050949097 13
1607614727633 0.4331389367580414 14
1607614727850 0.43208038806915283 15
1607614728058 0.4313677251338959 16
1607614728272 0.4311041533946991 17
1607614728481 0.43072956800460815 18
1607614728692 0.4304402768611908 19
1607614728905 0.4291820526123047 20
1607614729115 0.42806658148765564 21
1607614729324 0.42720988392829895 22
1607614729540 0.42708659172058105 23
1607614729756 0.42711082100868225 24
1607614729977 0.4265316128730774 25
1607614730191 0.42546892166137695 26
1607614730402 0.4250335395336151 27
1607614730610 0.4247168004512787 28
1607614730825 0.4245341420173645 29
1607614731036 0.4229459762573242 30
1607614731246 0.4217990040779114 31
1607614731449 0.4210076332092285 32
1607614731663 0.42026105523109436 33
1607614731870 0.4195280075073242 34
1607614732080 0.4186551570892334 35
1607614732289 0.417547345161438 36
1607614732503 0.4165434241294861 37
1607614732716 0.41596946120262146 38
1607614732927 0.4162149131298065 39
1607614733143 0.41535937786102295 40
1607614733359 0.4147506654262543 41
1607614733573 0.4132741093635559 42
1607614733816 0.4130096137523651 43
1607614734034 0.41251659393310547 44
1607614734244 0.4112758934497833 45
1607614734447 0.4103797376155853 46
1607614734650 0.40964818000793457 47
1607614734861 0.40979596972465515 48
1607614735089 0.40929171442985535 49
1607614735301 0.40862247347831726 50
1607614735514 0.40825027227401733 51
1607614735729 0.40764299035072327 52
1607614735952 0.4070267677307129 53
1607614736164 0.4054020643234253 54
1607614736377 0.4047483503818512 55
1607614736590 0.40383946895599365 56
1607614736806 0.40305009484291077 57
1607614737031 0.4021972119808197 58
1607614737247 0.40242114663124084 59
1607614737458 0.40238872170448303 60
1607614737667 0.4029509425163269 61
1607614737877 0.4025201201438904 62
1607614738083 0.40115925669670105 63
1607614738288 0.3997229337692261 64
1607614738503 0.3984904885292053 65
1607614738712 0.39749258756637573 66
1607614738926 0.3967582583427429 67
1607614739135 0.3966313600540161 68
1607614739339 0.3959064483642578 69
1607614739545 0.39580783247947693 70
1607614739759 0.39543163776397705 71
1607614739971 0.3950953483581543 72
1607614740182 0.3941613733768463 73
1607614740391 0.39327409863471985 74
1607614740594 0.39224061369895935 75
1607614740798 0.39171141386032104 76
1607614741010 0.3911047875881195 77
1607614741213 0.391039103269577 78
1607614741415 0.3913024067878723 79
1607614741620 0.3925286531448364 80
1607614741822 0.39307209849357605 81
1607614742026 0.3916832506656647 82
1607614742224 0.3909089267253876 83
1607614742423 0.3890688717365265 84
1607614742626 0.3888283371925354 85
1607614742827 0.38797909021377563 86
1607614743027 0.38797786831855774 87
1607614743230 0.3879809081554413 88
1607614743439 0.3886750042438507 89
1607614743646 0.38859570026397705 90
1607614743858 0.388097882270813 91
1607614744059 0.38648781180381775 92
1607614744262 0.38547512888908386 93
1607614744477 0.38489243388175964 94
1607614744681 0.3853830397129059 95
1607614744884 0.3858344554901123 96
1607614745089 0.38758423924446106 97
1607614745290 0.3873227834701538 98
1607614745490 0.38609519600868225 99
1607614745692 0.3843019902706146 100
1607614745895 0.3830534815788269 101
1607614746120 0.38285309076309204 102
1607614746330 0.3823079466819763 103
1607614746529 0.38196682929992676 104
1607614746731 0.3817347586154938 105
1607614746954 0.38135701417922974 106
1607614747161 0.38119086623191833 107
1607614747360 0.38096752762794495 108
1607614747560 0.3814025819301605 109
1607614747779 0.3820003569126129 110
1607614747993 0.3825554847717285 111
1607614748200 0.3827971816062927 112
1607614748405 0.3831001818180084 113
1607614748626 0.3827499747276306 114
1607614748826 0.381875216960907 115
1607614749027 0.3811233639717102 116
1607614749226 0.37978678941726685 117
1607614749447 0.3790498971939087 118
1607614749664 0.3784249424934387 119
1607614749882 0.37787529826164246 120
1607614750105 0.378134161233902 121
1607614750340 0.3782958984375 122
1607614750569 0.37879177927970886 123
1607614750806 0.3790043890476227 124
1607614751013 0.3788468539714813 125
1607614751245 0.37854018807411194 126
1607614751465 0.3777146339416504 127
1607614751672 0.3766786456108093 128
1607614751875 0.3761935234069824 129
1607614752084 0.3758517801761627 130
1607614752422 0.37615281343460083 131
1607614752633 0.37592801451683044 132
1607614752840 0.3766554892063141 133
1607614753054 0.37638717889785767 134
1607614753264 0.3763361871242523 135
1607614753478 0.3756997287273407 136
1607614753687 0.374868243932724 137
1607614753898 0.3745691478252411 138
1607614754112 0.3746446967124939 139
1607614754321 0.3743363320827484 140
1607614754531 0.3749973177909851 141
1607614754737 0.37516677379608154 142
1607614754946 0.3752947449684143 143
1607614755157 0.37482333183288574 144
1607614755365 0.374407559633255 145
1607614755573 0.3738030195236206 146
1607614755784 0.3727852702140808 147
1607614755999 0.37272271513938904 148
1607614756212 0.37250828742980957 149
1607614756423 0.3724921643733978 150
1607614756631 0.3728853762149811 151
1607614756839 0.3731307089328766 152
1607614757049 0.37385523319244385 153
1607614757259 0.37380751967430115 154
1607614757473 0.3739475607872009 155
1607614757684 0.3731499910354614 156
1607614757898 0.3732941448688507 157
1607614758126 0.37313979864120483 158
1607614758341 0.3739384710788727 159
1607614758551 0.3742560148239136 160
1607614758763 0.3747062087059021 161
1607614758983 0.37404149770736694 162
1607614759202 0.3731641471385956 163
1607614759411 0.37195125222206116 164
1607614759617 0.3714759349822998 165
1607614759827 0.3709879219532013 166
1607614760033 0.37043336033821106 167
1607614760233 0.3704349398612976 168
1607614760438 0.37040871381759644 169
1607614760638 0.3708614110946655 170
1607614760846 0.3713350296020508 171
1607614761060 0.37190619111061096 172
1607614761273 0.37253209948539734 173
1607614761480 0.37289106845855713 174
1607614761696 0.3717429041862488 175
1607614761906 0.3712092936038971 176
1607614762118 0.3697666525840759 177
1607614762327 0.3691709339618683 178
1607614762533 0.36848124861717224 179
1607614762750 0.36807382106781006 180
1607614762958 0.36812764406204224 181
1607614763179 0.3686681091785431 182
1607614763389 0.3690112829208374 183
1607614763602 0.3696632385253906 184
1607614763809 0.3699326515197754 185
1607614764017 0.37033557891845703 186
1607614764227 0.3699275851249695 187
1607614764455 0.3699997663497925 188
1607614764675 0.3694727122783661 189
1607614764883 0.36927005648612976 190
1607614765092 0.3690619468688965 191
1607614765326 0.36877724528312683 192
1607614765544 0.368637353181839 193
1607614765752 0.3691096007823944 194
1607614765973 0.3693598210811615 195
1607614766208 0.36976584792137146 196
1607614766429 0.36973291635513306 197
1607614766642 0.36937958002090454 198
1607614766859 0.3689972460269928 199
1607614767087 0.36846527457237244 200
1607614767323 0.3678555488586426 201
1607614767563 0.3675130307674408 202
1607614767780 0.3670893609523773 203
1607614767996 0.3668241500854492 204
1607614768217 0.36626335978507996 205
1607614768477 0.36631521582603455 206
1607614768721 0.3661942183971405 207
1607614768941 0.36662089824676514 208
1607614769194 0.3663432002067566 209
1607614769412 0.36696767807006836 210
1607614769619 0.3669055998325348 211
1607614769838 0.36732280254364014 212
1607614770060 0.36704638600349426 213
1607614770272 0.3674375116825104 214
1607614770480 0.3676106631755829 215
1607614770706 0.3676854968070984 216
1607614770926 0.36757156252861023 217
1607614771139 0.3673604726791382 218
1607614771348 0.36775991320610046 219
1607614771558 0.3675719201564789 220
1607614771769 0.367858350276947 221
1607614771981 0.3677632510662079 222
1607614772194 0.3675856590270996 223
1607614772403 0.36796900629997253 224
1607614772614 0.36745142936706543 225
1607614772823 0.36729246377944946 226
1607614773036 0.36636143922805786 227
1607614773245 0.365792453289032 228
1607614773452 0.36545243859291077 229
1607614773660 0.3650882840156555 230
1607614773868 0.3648545444011688 231
1607614774078 0.3650287985801697 232
1607614774286 0.3657905161380768 233
1607614774502 0.36687323451042175 234
1607614774713 0.3683405816555023 235
1607614774934 0.36938220262527466 236
1607614775144 0.370212197303772 237
1607614775352 0.3695255219936371 238
1607614775558 0.36825233697891235 239
1607614775757 0.3666360080242157 240
1607614775958 0.36525779962539673 241
1607614776160 0.36409133672714233 242
1607614776366 0.36342453956604004 243
1607614776583 0.36300337314605713 244
1607614776792 0.3627622723579407 245
1607614777003 0.36285096406936646 246
1607614777212 0.3627110421657562 247
1607614777417 0.3631632626056671 248
1607614777625 0.36364632844924927 249
1607614777834 0.36426541209220886 250
1607614778044 0.364955872297287 251
1607614778252 0.36569568514823914 252
1607614778451 0.36594414710998535 253
1607614778656 0.3668323755264282 254
1607614778853 0.36594367027282715 255
1607614779052 0.36547788977622986 256
1607614779253 0.3645029366016388 257
1607614779455 0.363870769739151 258
1607614779654 0.363362193107605 259
1607614779853 0.36296796798706055 260
1607614780061 0.36284139752388 261
1607614780264 0.36338940262794495 262
1607614780472 0.3637824058532715 263
1607614780684 0.36490097641944885 264
1607614780889 0.3660566210746765 265
1607614781090 0.3672286570072174 266
1607614781296 0.3681465983390808 267
1607614781503 0.36778339743614197 268
1607614781704 0.36591532826423645 269
1607614781912 0.3645632266998291 270
1607614782124 0.36381691694259644 271
1607614782328 0.3628580868244171 272
1607614782529 0.3625454306602478 273
1607614782753 0.3626273274421692 274
1607614782967 0.36284443736076355 275
1607614783172 0.3634999692440033 276
1607614783378 0.3633836805820465 277
1607614783582 0.36403366923332214 278
1607614783814 0.3636464774608612 279
1607614784037 0.3639344871044159 280
1607614784246 0.3630408048629761 281
1607614784461 0.36284589767456055 282
1607614784671 0.3620317578315735 283
1607614784911 0.36178818345069885 284
1607614785153 0.36164969205856323 285
1607614785396 0.36173713207244873 286
1607614785619 0.3620540499687195 287
1607614785871 0.36237677931785583 288
1607614786089 0.3631186783313751 289
1607614786312 0.3634638786315918 290
1607614786530 0.36461690068244934 291
1607614786748 0.36454498767852783 292
1607614786968 0.36442428827285767 293
1607614787189 0.3641200661659241 294
1607614787399 0.36350980401039124 295
1607614787611 0.3636174499988556 296
1607614787826 0.36328810453414917 297
1607614788039 0.36276736855506897 298
1607614788250 0.3624804615974426 299
1607614788468 0.3623383045196533 300
1607614788685 0.3626444339752197 301
1607614788896 0.36285945773124695 302
1607614789107 0.3630518615245819 303
1607614789319 0.3630524277687073 304
1607614789532 0.36282503604888916 305
1607614789745 0.3626910448074341 306
1607614789959 0.3619672358036041 307
1607614790185 0.36174359917640686 308
1607614790399 0.36137068271636963 309
1607614790618 0.3610280454158783 310
1607614790832 0.36065417528152466 311
1607614791050 0.36079901456832886 312
1607614791257 0.361091673374176 313
1607614791459 0.3615325391292572 314
1607614791676 0.3618030846118927 315
1607614791886 0.36217039823532104 316
1607614792103 0.36291396617889404 317
1607614792313 0.3629342317581177 318
1607614792527 0.3634386658668518 319
1607614792737 0.36260145902633667 320
1607614792948 0.36290743947029114 321
1607614793160 0.3619495630264282 322
1607614793370 0.36175957322120667 323
1607614793585 0.3610805571079254 324
1607614793797 0.36074578762054443 325
1607614794002 0.36061757802963257 326
1607614794218 0.36093372106552124 327
1607614794439 0.3609938621520996 328
1607614794659 0.3616615831851959 329
1607614794869 0.361865371465683 330
1607614795090 0.3623543381690979 331
1607614795303 0.3624251186847687 332
1607614795533 0.36285901069641113 333
1607614795740 0.3619213104248047 334
1607614795948 0.3613673746585846 335
1607614796159 0.3607065975666046 336
1607614796367 0.36033162474632263 337
1607614796572 0.3603202998638153 338
1607614796779 0.3602534234523773 339
1607614796984 0.3605811595916748 340
1607614797188 0.3612450659275055 341
1607614797396 0.36161839962005615 342
1607614797599 0.3624221086502075 343
1607614797800 0.36242732405662537 344
1607614798004 0.36259305477142334 345
1607614798214 0.3620772659778595 346
1607614798422 0.3614587187767029 347
1607614798628 0.3604724109172821 348
1607614798830 0.3598650097846985 349
1607614799034 0.35940486192703247 350
1607614799246 0.3595427870750427 351
1607614799456 0.35931456089019775 352
1607614799663 0.35985445976257324 353
1607614799863 0.36010345816612244 354
1607614800064 0.3607517182826996 355
1607614800266 0.3612637519836426 356
1607614800476 0.36141499876976013 357
1607614800674 0.3613862693309784 358
1607614800894 0.3613540828227997 359
1607614801111 0.36084991693496704 360
1607614801313 0.36060836911201477 361
1607614801512 0.36066052317619324 362
1607614801719 0.3601192235946655 363
1607614801941 0.36019042134284973 364
1607614802156 0.3597162663936615 365
1607614802367 0.36008837819099426 366
1607614802586 0.3601066470146179 367
1607614802793 0.3602215349674225 368
1607614803031 0.36055469512939453 369
1607614803274 0.3606950342655182 370
1607614803507 0.3606805205345154 371
1607614803723 0.3603212535381317 372
1607614803942 0.3602808713912964 373
1607614804160 0.35969987511634827 374
1607614804368 0.35932451486587524 375
1607614804602 0.35876232385635376 376
1607614804842 0.3583867847919464 377
1607614805072 0.35856893658638 378
1607614805289 0.3585193157196045 379
1607614805510 0.3585193455219269 380
1607614805721 0.35872790217399597 381
1607614805931 0.35906872153282166 382
1607614806144 0.3595447540283203 383
1607614806356 0.3595767915248871 384
1607614806567 0.36013638973236084 385
1607614806778 0.3599041700363159 386
1607614807003 0.3603227436542511 387
1607614807207 0.3601745069026947 388
1607614807412 0.3603675663471222 389
1607614807621 0.3599648177623749 390
1607614807825 0.35983380675315857 391
1607614808025 0.35971513390541077 392
1607614808223 0.35996773838996887 393
1607614808422 0.36012503504753113 394
1607614808620 0.3602321743965149 395
1607614808826 0.36061105132102966 396
1607614809033 0.36049604415893555 397
1607614809239 0.36041152477264404 398
1607614809448 0.3595375418663025 399
1607614809651 0.35894596576690674 400
1607614809853 0.35828644037246704 401
1607614810057 0.3579380214214325 402
1607614810257 0.3575969338417053 403
1607614810461 0.3571164608001709 404
1607614810672 0.35738641023635864 405
1607614810879 0.35737502574920654 406
1607614811094 0.3577924072742462 407
1607614811295 0.35831359028816223 408
1607614811500 0.35869792103767395 409
1607614811710 0.3596024215221405 410
1607614811914 0.3600783050060272 411
1607614812124 0.3601686656475067 412
1607614812327 0.3605765700340271 413
1607614812547 0.36057645082473755 414
1607614812758 0.3602035939693451 415
1607614812964 0.3597324788570404 416
1607614813175 0.3597322106361389 417
1607614813380 0.35992133617401123 418
1607614813583 0.35999831557273865 419
1607614813786 0.3602279722690582 420
1607614813990 0.3605812191963196 421
1607614814201 0.3612809181213379 422
1607614814414 0.36102938652038574 423
1607614814623 0.35995152592658997 424
1607614814836 0.35917767882347107 425
1607614815040 0.3587357699871063 426
1607614815243 0.35828033089637756 427
1607614815450 0.3579883873462677 428
1607614815651 0.3577439486980438 429
1607614815855 0.35775548219680786 430
1607614816058 0.3576439619064331 431
1607614816267 0.3576635420322418 432
1607614816469 0.3576650619506836 433
1607614816671 0.3576144874095917 434
1607614816872 0.3575112819671631 435
1607614817070 0.35771414637565613 436
1607614817272 0.3578017055988312 437
1607614817477 0.3579220473766327 438
1607614817678 0.35793229937553406 439
1607614817878 0.3579503297805786 440
1607614818085 0.35811522603034973 441
1607614818286 0.35826191306114197 442
1607614818507 0.35852035880088806 443
1607614818714 0.35872969031333923 444
1607614818919 0.35867035388946533 445
1607614819123 0.35878944396972656 446
1607614819327 0.3582463562488556 447
1607614819552 0.3581501245498657 448
1607614819758 0.35760748386383057 449
1607614819966 0.357636958360672 450
1607614820171 0.3570924401283264 451
1607614820375 0.3571445941925049 452
1607614820598 0.3567715883255005 453
1607614820802 0.3570282459259033 454
1607614821007 0.3567425012588501 455
1607614821210 0.3570445477962494 456
1607614821416 0.3571067154407501 457
1607614821640 0.3569888770580292 458
1607614821891 0.3572152853012085 459
1607614822140 0.3570001423358917 460
1607614822365 0.3574003577232361 461
1607614822587 0.3575352430343628 462
1607614822828 0.3577331006526947 463
1607614823067 0.357956200838089 464
1607614823287 0.3584611117839813 465
1607614823499 0.3584694266319275 466
1607614823712 0.3597753345966339 467
1607614823925 0.3595830500125885 468
1607614824132 0.35936638712882996 469
1607614824338 0.3587372601032257 470
1607614824543 0.35844340920448303 471
1607614824748 0.3583449423313141 472
1607614824950 0.358232319355011 473
1607614825155 0.3578895926475525 474
1607614825359 0.3579178750514984 475
1607614825565 0.35814404487609863 476
1607614825775 0.3576963245868683 477
1607614825981 0.3576166033744812 478
1607614826191 0.35698845982551575 479
1607614826393 0.3570846915245056 480
1607614826591 0.356724351644516 481
1607614826797 0.3567194640636444 482
1607614827002 0.35675138235092163 483
1607614827215 0.35669204592704773 484
1607614827422 0.356831818819046 485
1607614827629 0.35669171810150146 486
1607614827834 0.3566889762878418 487
1607614828048 0.35642704367637634 488
1607614828255 0.3561696410179138 489
1607614828456 0.35602056980133057 490
1607614828661 0.3559187948703766 491
1607614828868 0.3559810519218445 492
1607614829074 0.3562317490577698 493
1607614829285 0.3570221960544586 494
1607614829491 0.3571442663669586 495
1607614829697 0.3584515154361725 496
1607614829906 0.3582431972026825 497
1607614830107 0.35875067114830017 498
1607614830312 0.358471542596817 499
1607614830517 0.3579758107662201 500
1607614830718 0.3576647937297821 501
1607614830922 0.3568335175514221 502
1607614831126 0.35665684938430786 503
1607614831336 0.3560316860675812 504
1607614831541 0.3558856248855591 505
1607614831752 0.355486661195755 506
1607614831963 0.3556120693683624 507
1607614832167 0.35571181774139404 508
1607614832372 0.3557811975479126 509
1607614832579 0.35621482133865356 510
1607614832784 0.3562053442001343 511
1607614832987 0.35688936710357666 512
1607614833196 0.3565921485424042 513
1607614833401 0.35697853565216064 514
1607614833607 0.3566206097602844 515
1607614833807 0.3566742539405823 516
1607614834013 0.35666728019714355 517
1607614834222 0.35619476437568665 518
1607614834424 0.35583382844924927 519
1607614834623 0.3558829426765442 520
1607614834823 0.3555954396724701 521
1607614835032 0.3561822175979614 522
1607614835240 0.35598039627075195 523
1607614835447 0.35643723607063293 524
1607614835654 0.35652071237564087 525
1607614835856 0.35663774609565735 526
1607614836080 0.35672274231910706 527
1607614836285 0.35720211267471313 528
1607614836488 0.35675689578056335 529
1607614836689 0.3572719693183899 530
1607614836897 0.3564375936985016 531
1607614837122 0.3568536043167114 532
1607614837331 0.35648640990257263 533
1607614837538 0.3563271164894104 534
1607614837741 0.3561764061450958 535
1607614837944 0.3556986451148987 536
1607614838179 0.3555418848991394 537
1607614838386 0.3551185727119446 538
1607614838600 0.35501620173454285 539
1607614838810 0.35499250888824463 540
1607614839015 0.3551906645298004 541
1607614839240 0.3550456762313843 542
1607614839480 0.35582002997398376 543
1607614839700 0.35588687658309937 544
1607614839918 0.3564075529575348 545
1607614840141 0.35632485151290894 546
1607614840362 0.35638749599456787 547
1607614840575 0.35663697123527527 548
1607614840822 0.3568597137928009 549
1607614841046 0.3569275140762329 550
1607614841294 0.356656014919281 551
1607614841510 0.35684284567832947 552
1607614841717 0.35649871826171875 553
1607614841920 0.35640430450439453 554
1607614842124 0.355967253446579 555
1607614842327 0.3559589684009552 556
1607614842533 0.35559695959091187 557
1607614842749 0.35550716519355774 558
1607614842952 0.35562363266944885 559
1607614843158 0.35544541478157043 560
1607614843363 0.3564404547214508 561
1607614843565 0.3559097945690155 562
1607614843767 0.35675278306007385 563
1607614843970 0.35643982887268066 564
1607614844171 0.3563975691795349 565
1607614844369 0.35645490884780884 566
1607614844578 0.35654160380363464 567
1607614844948 0.35642144083976746 568
1607614845159 0.3562280833721161 569
1607614845368 0.35607051849365234 570
1607614845576 0.35614967346191406 571
1607614845784 0.35591062903404236 572
1607614845991 0.35510823130607605 573
1607614846198 0.35474246740341187 574
1607614846396 0.3544149100780487 575
1607614846603 0.3543812036514282 576
1607614846811 0.3539939224720001 577
1607614847022 0.35420623421669006 578
1607614847234 0.35402554273605347 579
1607614847445 0.3544243574142456 580
1607614847654 0.35457101464271545 581
1607614847861 0.3549817204475403 582
1607614848071 0.3552197217941284 583
1607614848289 0.35555386543273926 584
1607614848501 0.3555104434490204 585
1607614848713 0.3559199571609497 586
1607614848926 0.3554424047470093 587
1607614849136 0.35542115569114685 588
1607614849346 0.3549806773662567 589
1607614849557 0.35499629378318787 590
1607614849776 0.3545677065849304 591
1607614849999 0.35458487272262573 592
1607614850212 0.35457268357276917 593
1607614850426 0.3547757863998413 594
1607614850647 0.3552452623844147 595
1607614850869 0.35547947883605957 596
1607614851081 0.35586318373680115 597
1607614851293 0.3565669059753418 598
1607614851500 0.35629475116729736 599
1607614851713 0.35668453574180603 600
1607614851928 0.35609912872314453 601
1607614852136 0.3562512695789337 602
1607614852335 0.3555693030357361 603
1607614852537 0.3555149734020233 604
1607614852751 0.35440921783447266 605
1607614852962 0.35443785786628723 606
1607614853173 0.3539314866065979 607
1607614853386 0.35413211584091187 608
1607614853592 0.3543407618999481 609
1607614853806 0.35386839509010315 610
1607614854022 0.3546777665615082 611
1607614854242 0.3544340133666992 612
1607614854459 0.3550328016281128 613
1607614854669 0.35504940152168274 614
1607614854882 0.35512712597846985 615
1607614855094 0.3551359474658966 616
1607614855326 0.355224609375 617
1607614855542 0.3549770712852478 618
1607614855752 0.35524535179138184 619
1607614855963 0.35506102442741394 620
1607614856173 0.3552187383174896 621
1607614856401 0.3546273112297058 622
1607614856622 0.35465848445892334 623
1607614856832 0.35427677631378174 624
1607614857045 0.35432296991348267 625
1607614857260 0.3539806306362152 626
1607614857483 0.3537772297859192 627
1607614857717 0.35375529527664185 628
1607614857946 0.3533726930618286 629
1607614858166 0.35371461510658264 630
1607614858384 0.3534705638885498 631
1607614858607 0.35388070344924927 632
1607614858826 0.3531380891799927 633
1607614859072 0.3535532057285309 634
1607614859318 0.35336917638778687 635
1607614859551 0.3536771237850189 636
1607614859766 0.353807657957077 637
1607614859977 0.3540882170200348 638
1607614860194 0.3547699749469757 639
1607614860408 0.35562726855278015 640
1607614860625 0.3558189868927002 641
1607614860838 0.35651087760925293 642
1607614861052 0.3563421070575714 643
1607614861277 0.35647451877593994 644
1607614861488 0.35525190830230713 645
1607614861703 0.3545720875263214 646
1607614861914 0.353658527135849 647
1607614862126 0.3535882532596588 648
1607614862340 0.3530576527118683 649
1607614862558 0.3530937731266022 650
1607614862770 0.3535694479942322 651
1607614862982 0.3538224399089813 652
1607614863200 0.35514846444129944 653
1607614863415 0.3551514148712158 654
1607614863626 0.35569560527801514 655
1607614863839 0.35549601912498474 656
1607614864053 0.3555765748023987 657
1607614864263 0.3547317385673523 658
1607614864476 0.35428231954574585 659
1607614864693 0.35325056314468384 660
1607614864901 0.3530372977256775 661
1607614865117 0.3527050018310547 662
1607614865331 0.3527863025665283 663
1607614865543 0.3528204560279846 664
1607614865744 0.353292316198349 665
1607614865947 0.3539494574069977 666
1607614866148 0.35443034768104553 667
1607614866349 0.3552097678184509 668
1607614866552 0.3549042046070099 669
1607614866753 0.3553742468357086 670
1607614866964 0.3548070788383484 671
1607614867175 0.35468214750289917 672
1607614867388 0.3544560968875885 673
1607614867605 0.35403409600257874 674
1607614867812 0.3539314866065979 675
1607614868023 0.35367313027381897 676
1607614868236 0.3535960912704468 677
1607614868451 0.3534843921661377 678
1607614868660 0.3535180389881134 679
1607614868876 0.35389384627342224 680
1607614869090 0.3539697229862213 681
1607614869303 0.3546425998210907 682
1607614869517 0.35465890169143677 683
1607614869737 0.3553283214569092 684
1607614869948 0.35494837164878845 685
1607614870162 0.3546748459339142 686
1607614870378 0.3545115292072296 687
1607614870593 0.35374024510383606 688
1607614870809 0.3541065454483032 689
1607614871022 0.35342758893966675 690
1607614871242 0.3532574474811554 691
1607614871454 0.35303032398223877 692
1607614871669 0.3530143201351166 693
1607614871879 0.3534966707229614 694
1607614872097 0.3532661497592926 695
1607614872335 0.3531182110309601 696
1607614872551 0.3527621924877167 697
1607614872770 0.3529226779937744 698
1607614872991 0.3526875674724579 699
1607614873202 0.3527435064315796 700
1607614873435 0.35257628560066223 701
1607614873660 0.3527224361896515 702
1607614873876 0.35317903757095337 703
1607614874084 0.35306215286254883 704
1607614874294 0.353964626789093 705
1607614874528 0.3538159430027008 706
1607614874749 0.35449495911598206 707
1607614874960 0.35465213656425476 708
1607614875173 0.35448408126831055 709
1607614875382 0.35443544387817383 710
1607614875619 0.35389554500579834 711
1607614875871 0.3533521294593811 712
1607614876112 0.3528064787387848 713
1607614876342 0.3524097204208374 714
1607614876584 0.3519233167171478 715
1607614876831 0.3518766164779663 716
1607614877053 0.35183101892471313 717
1607614877278 0.3519245982170105 718
1607614877519 0.3526502549648285 719
1607614877740 0.35298189520835876 720
1607614877950 0.3538547456264496 721
1607614878164 0.35415905714035034 722
1607614878375 0.35468947887420654 723
1607614878584 0.35515567660331726 724
1607614878814 0.35459524393081665 725
1607614879025 0.35430145263671875 726
1607614879241 0.35369691252708435 727
1607614879462 0.3534252941608429 728
1607614879673 0.3525262475013733 729
1607614879882 0.3522624969482422 730
1607614880085 0.3520892262458801 731
1607614880283 0.35236644744873047 732
1607614880483 0.3529006540775299 733
1607614880695 0.35373374819755554 734
1607614880906 0.35408347845077515 735
1607614881116 0.35480886697769165 736
1607614881326 0.3549664318561554 737
1607614881538 0.35499414801597595 738
1607614881746 0.35430803894996643 739
1607614881959 0.3534504771232605 740
1607614882181 0.35277339816093445 741
1607614882391 0.35268449783325195 742
1607614882612 0.35224536061286926 743
1607614882827 0.3524060547351837 744
1607614883044 0.35227373242378235 745
1607614883260 0.35267582535743713 746
1607614883469 0.35318171977996826 747
1607614883680 0.35334068536758423 748
1607614883893 0.3538254499435425 749
1607614884105 0.35349616408348083 750
1607614884316 0.35373154282569885 751
1607614884536 0.3533453345298767 752
1607614884748 0.3529987335205078 753
1607614884965 0.35276731848716736 754
1607614885182 0.35238006711006165 755
1607614885397 0.35229289531707764 756
1607614885610 0.3521067798137665 757
1607614885818 0.35213881731033325 758
1607614886026 0.35216256976127625 759
1607614886233 0.35192254185676575 760
1607614886450 0.35203298926353455 761
1607614886663 0.3520808815956116 762
1607614886878 0.3520894944667816 763
1607614887101 0.3521465063095093 764
1607614887317 0.35227322578430176 765
1607614887540 0.3526298999786377 766
1607614887761 0.3531351685523987 767
1607614887981 0.35336482524871826 768
1607614888192 0.3538244962692261 769
1607614888412 0.35394132137298584 770
1607614888626 0.3540128767490387 771
1607614888835 0.35346731543540955 772
1607614889056 0.35339707136154175 773
1607614889267 0.3530553877353668 774
1607614889477 0.3527633845806122 775
1607614889689 0.35225656628608704 776
1607614889900 0.3520009517669678 777
1607614890110 0.3518833816051483 778
1607614890328 0.35170719027519226 779
1607614890560 0.35154813528060913 780
1607614890785 0.3514402508735657 781
1607614890999 0.351460725069046 782
1607614891221 0.3514636158943176 783
1607614891452 0.3517250716686249 784
1607614891668 0.3518516719341278 785
1607614891875 0.3521968722343445 786
1607614892093 0.35227131843566895 787
1607614892312 0.3525780439376831 788
1607614892543 0.3528968095779419 789
1607614892760 0.35333940386772156 790
1607614892963 0.3532196581363678 791
1607614893167 0.3531853258609772 792
1607614893368 0.3529703617095947 793
1607614893591 0.3534720540046692 794
1607614893819 0.3530290722846985 795
1607614894029 0.3525494933128357 796
1607614894246 0.3523021638393402 797
1607614894464 0.35205110907554626 798
1607614894714 0.35199758410453796 799
1607614894964 0.3514428734779358 800
1607614895197 0.351341187953949 801
1607614895440 0.35158416628837585 802
1607614895670 0.35184040665626526 803
1607614895886 0.35208916664123535 804
1607614896096 0.3526751697063446 805
1607614896312 0.3528338670730591 806
1607614896520 0.35330823063850403 807
1607614896731 0.35322678089141846 808
1607614896944 0.3533758819103241 809
1607614897162 0.3530822694301605 810
1607614897381 0.35276663303375244 811
1607614897593 0.3525945246219635 812
1607614897792 0.3525899052619934 813
1607614897991 0.3519730269908905 814
1607614898202 0.3521198630332947 815
1607614898420 0.35174188017845154 816
1607614898635 0.3520076870918274 817
1607614898856 0.35198816657066345 818
1607614899068 0.3523360788822174 819
1607614899280 0.3527880311012268 820
1607614899492 0.35291871428489685 821
1607614899704 0.35354721546173096 822
1607614899921 0.35375285148620605 823
1607614900148 0.3538660705089569 824
1607614900361 0.3539133369922638 825
1607614900583 0.3536364734172821 826
1607614900806 0.35387784242630005 827
1607614901015 0.35342979431152344 828
1607614901225 0.3529902994632721 829
1607614901431 0.3523384928703308 830
1607614901640 0.3523787558078766 831
1607614901846 0.3519376218318939 832
1607614902055 0.35162967443466187 833
1607614902276 0.35141006112098694 834
1607614902480 0.35125523805618286 835
1607614902690 0.35140088200569153 836
1607614902895 0.3510109782218933 837
1607614903111 0.35098811984062195 838
1607614903340 0.3507174551486969 839
1607614903547 0.3506380021572113 840
1607614903754 0.35052692890167236 841
1607614903974 0.3502129316329956 842
1607614904191 0.350101113319397 843
1607614904404 0.3498888611793518 844
1607614904623 0.3501001298427582 845
1607614904835 0.350065678358078 846
1607614905047 0.3507058024406433 847
1607614905262 0.3509981334209442 848
1607614905460 0.35162654519081116 849
1607614905663 0.3522292673587799 850
1607614905872 0.35248005390167236 851
1607614906084 0.35301142930984497 852
1607614906298 0.3530290722846985 853
1607614906501 0.3531164228916168 854
1607614906711 0.352979838848114 855
1607614906933 0.3526460826396942 856
1607614907149 0.3523634076118469 857
1607614907364 0.3520955443382263 858
1607614907574 0.35192492604255676 859
1607614907796 0.3518299162387848 860
1607614908018 0.3519899845123291 861
1607614908233 0.35243719816207886 862
1607614908437 0.3534453511238098 863
1607614908651 0.353069007396698 864
1607614908864 0.353345662355423 865
1607614909069 0.3527112305164337 866
1607614909275 0.352892130613327 867
1607614909480 0.35237160325050354 868
1607614909710 0.3520965576171875 869
1607614909931 0.35172343254089355 870
1607614910133 0.35168153047561646 871
1607614910342 0.35143592953681946 872
1607614910567 0.3514053225517273 873
1607614910774 0.3512314558029175 874
1607614910994 0.35106635093688965 875
1607614911209 0.3506437838077545 876
1607614911433 0.3508915305137634 877
1607614911662 0.35090935230255127 878
1607614911888 0.3514934480190277 879
1607614912125 0.3522106409072876 880
1607614912349 0.35263141989707947 881
1607614912569 0.35366469621658325 882
1607614912795 0.35380443930625916 883
1607614913017 0.35422495007514954 884
1607614913243 0.3534631133079529 885
1607614913477 0.3528752326965332 886
1607614913706 0.3521832823753357 887
1607614913929 0.35141074657440186 888
1607614914143 0.3510308563709259 889
1607614914358 0.350590318441391 890
1607614914569 0.3509039878845215 891
1607614914784 0.3504776656627655 892
1607614914994 0.35107094049453735 893
1607614915215 0.35080310702323914 894
1607614915430 0.35128873586654663 895
1607614915644 0.3509311079978943 896
1607614915856 0.35106441378593445 897
1607614916060 0.3508146405220032 898
1607614916267 0.3508841097354889 899
1607614916471 0.3509517014026642 900
1607614916674 0.3510640561580658 901
1607614916881 0.35122162103652954 902
1607614917086 0.35099607706069946 903
1607614917290 0.3509899973869324 904
1607614917500 0.35121455788612366 905
1607614917723 0.3514004051685333 906
1607614917938 0.35155558586120605 907
1607614918150 0.35204046964645386 908
1607614918364 0.351917028427124 909
1607614918577 0.35249683260917664 910
1607614918782 0.3519541323184967 911
1607614918995 0.35208290815353394 912
1607614919214 0.35202014446258545 913
1607614919435 0.3511449098587036 914
1607614919654 0.35107773542404175 915
1607614919873 0.35039931535720825 916
1607614920086 0.3507218062877655 917
1607614920309 0.35023194551467896 918
1607614920521 0.3505092263221741 919
1607614920742 0.3503795564174652 920
1607614920952 0.3505573272705078 921
1607614921160 0.35068243741989136 922
1607614921379 0.3507355749607086 923
1607614921592 0.3508891463279724 924
1607614921804 0.3509381413459778 925
1607614922015 0.3516246974468231 926
1607614922228 0.3513919711112976 927
1607614922439 0.35194405913352966 928
1607614922641 0.35172098875045776 929
1607614922844 0.3520498275756836 930
1607614923048 0.35232987999916077 931
1607614923261 0.3516087830066681 932
1607614923474 0.3519652783870697 933
1607614923687 0.3513181209564209 934
1607614923899 0.3513730764389038 935
1607614924111 0.35101842880249023 936
1607614924324 0.3509030342102051 937
1607614924549 0.3507766127586365 938
1607614924760 0.35052236914634705 939
1607614924973 0.3504909574985504 940
1607614925188 0.3506033718585968 941
1607614925404 0.3505689799785614 942
1607614925614 0.3504471480846405 943
1607614925829 0.35024604201316833 944
1607614926042 0.3504401445388794 945
1607614926256 0.3503802716732025 946
1607614926468 0.350371390581131 947
1607614926693 0.3502655327320099 948
1607614926909 0.35037583112716675 949
1607614927124 0.3503170311450958 950
1607614927338 0.350928395986557 951
1607614927581 0.3506489396095276 952
1607614927826 0.3510209918022156 953
1607614928065 0.3510410487651825 954
1607614928294 0.3510746657848358 955
1607614928514 0.35113221406936646 956
1607614928734 0.35075271129608154 957
1607614928962 0.3505525290966034 958
1607614929200 0.3505111336708069 959
1607614929435 0.3503113389015198 960
1607614929651 0.3503454923629761 961
1607614929858 0.3502490818500519 962
1607614930059 0.35059675574302673 963
1607614930269 0.3509785830974579 964
1607614930483 0.3511108160018921 965
1607614930693 0.35149604082107544 966
1607614930908 0.3513645529747009 967
1607614931126 0.3517818748950958 968
1607614931333 0.35122066736221313 969
1607614931547 0.35134246945381165 970
1607614931761 0.35064971446990967 971
1607614931983 0.35067859292030334 972
1607614932211 0.35026413202285767 973
1607614932430 0.350657194852829 974
1607614932644 0.35056108236312866 975
1607614932868 0.35122230648994446 976
1607614933085 0.3520500361919403 977
1607614933298 0.3521724343299866 978
1607614933512 0.3529563546180725 979
1607614933726 0.3526986241340637 980
1607614933941 0.3528471887111664 981
1607614934156 0.35226717591285706 982
1607614934373 0.3518856167793274 983
1607614934579 0.35123780369758606 984
1607614934792 0.35086187720298767 985
1607614935013 0.3503604829311371 986
1607614935226 0.35031330585479736 987
1607614935432 0.34999632835388184 988
1607614935636 0.34996429085731506 989
1607614935839 0.3497058153152466 990
1607614936046 0.3501093089580536 991
1607614936254 0.35001352429389954 992
1607614936471 0.3504790663719177 993
1607614936684 0.3502166271209717 994
1607614936903 0.35075730085372925 995
1607614937114 0.3504633903503418 996
1607614937323 0.35074588656425476 997
1607614937540 0.3504317104816437 998
1607614937752 0.3506719470024109 999
