1607608992367 0.47393980622291565 0
1607608992493 0.46467986702919006 1
1607608992616 0.45690733194351196 2
1607608992733 0.4526650309562683 3
1607608992853 0.4461294710636139 4
1607608992982 0.44244474172592163 5
1607608993098 0.44030261039733887 6
1607608993218 0.43904703855514526 7
1607608993339 0.43844881653785706 8
1607608993457 0.4382537305355072 9
1607608993583 0.43731191754341125 10
1607608993703 0.43555718660354614 11
1607608993827 0.434702605009079 12
1607608993950 0.43427717685699463 13
1607608994075 0.4333641529083252 14
1607608994200 0.4331291615962982 15
1607608994315 0.432096004486084 16
1607608994433 0.4311707317829132 17
1607608994549 0.43131840229034424 18
1607608994672 0.4311777949333191 19
1607608994793 0.43007323145866394 20
1607608994910 0.42835110425949097 21
1607608995026 0.42650988698005676 22
1607608995149 0.42552801966667175 23
1607608995265 0.42550989985466003 24
1607608995383 0.4259670674800873 25
1607608995497 0.42582735419273376 26
1607608995614 0.4245279133319855 27
1607608995733 0.42323848605155945 28
1607608995850 0.4225250780582428 29
1607608995968 0.4222290813922882 30
1607608996087 0.421753466129303 31
1607608996210 0.4205574095249176 32
1607608996328 0.418705552816391 33
1607608996448 0.4166063070297241 34
1607608996565 0.41529130935668945 35
1607608996682 0.41457170248031616 36
1607608996797 0.4145110845565796 37
1607608996913 0.41524210572242737 38
1607608997031 0.41594454646110535 39
1607608997145 0.41542714834213257 40
1607608997260 0.41369330883026123 41
1607608997385 0.41124483942985535 42
1607608997501 0.4097522795200348 43
1607608997620 0.4093427062034607 44
1607608997740 0.4096694588661194 45
1607608997866 0.4099859893321991 46
1607608997992 0.41032108664512634 47
1607608998114 0.4090763330459595 48
1607608998235 0.40729430317878723 49
1607608998367 0.4056486487388611 50
1607608998497 0.4051378071308136 51
1607608998617 0.40566980838775635 52
1607608998735 0.40668782591819763 53
1607608998857 0.4060901403427124 54
1607608998974 0.4043949246406555 55
1607608999091 0.40183255076408386 56
1607608999204 0.40046387910842896 57
1607608999321 0.4001903533935547 58
1607608999445 0.3990696370601654 59
1607608999563 0.3989865779876709 60
1607608999680 0.3987419903278351 61
1607608999803 0.39927107095718384 62
1607608999916 0.39886221289634705 63
1607609000037 0.3986113369464874 64
1607609000155 0.39763912558555603 65
1607609000268 0.39745041728019714 66
1607609000387 0.39645490050315857 67
1607609000509 0.39585357904434204 68
1607609000624 0.39455440640449524 69
1607609000740 0.39438489079475403 70
1607609000855 0.394533634185791 71
1607609000972 0.3950623869895935 72
1607609001096 0.39433199167251587 73
1607609001213 0.3937416672706604 74
1607609001332 0.39285653829574585 75
1607609001456 0.3905516266822815 76
1607609001586 0.3891417980194092 77
1607609001704 0.3874748945236206 78
1607609001831 0.38713687658309937 79
1607609001956 0.38747021555900574 80
1607609002077 0.3881552517414093 81
1607609002200 0.39016568660736084 82
1607609002321 0.39102187752723694 83
1607609002440 0.3914165198802948 84
1607609002564 0.39020323753356934 85
1607609002689 0.3887659013271332 86
1607609002805 0.38752543926239014 87
1607609002927 0.386381596326828 88
1607609003046 0.3866006135940552 89
1607609003163 0.386425644159317 90
1607609003281 0.38712620735168457 91
1607609003399 0.38684219121932983 92
1607609003519 0.38636156916618347 93
1607609003635 0.3857288956642151 94
1607609003759 0.38455286622047424 95
1607609003875 0.3842008411884308 96
1607609003995 0.38402095437049866 97
1607609004110 0.38363227248191833 98
1607609004250 0.38336288928985596 99
1607609004371 0.3827338218688965 100
1607609004489 0.3825545310974121 101
1607609004606 0.38151347637176514 102
1607609004725 0.3814693093299866 103
1607609004849 0.37980008125305176 104
1607609004979 0.37970611453056335 105
1607609005098 0.3790358603000641 106
1607609005218 0.379729688167572 107
1607609005334 0.3805319666862488 108
1607609005474 0.38025400042533875 109
1607609005596 0.3811902403831482 110
1607609005708 0.3803510069847107 111
1607609005834 0.37947726249694824 112
1607609005978 0.3786928951740265 113
1607609006103 0.37809690833091736 114
1607609006222 0.3779899775981903 115
1607609006357 0.3776402771472931 116
1607609006482 0.3776971995830536 117
1607609006624 0.37764787673950195 118
1607609006746 0.37852340936660767 119
1607609006870 0.3791256248950958 120
1607609006988 0.3792380392551422 121
1607609007114 0.3798905909061432 122
1607609007226 0.3792349398136139 123
1607609007376 0.3785886764526367 124
1607609007501 0.3766578435897827 125
1607609007634 0.3766206204891205 126
1607609007760 0.3760043978691101 127
1607609007888 0.3754989206790924 128
1607609008014 0.3756069839000702 129
1607609008138 0.37527570128440857 130
1607609008265 0.3752657175064087 131
1607609008396 0.37523195147514343 132
1607609008526 0.37536704540252686 133
1607609008643 0.3749052584171295 134
1607609008760 0.3755263388156891 135
1607609008877 0.3758593201637268 136
1607609008997 0.37633195519447327 137
1607609009114 0.3759995698928833 138
1607609009233 0.37590348720550537 139
1607609009360 0.37576574087142944 140
1607609009620 0.3753722906112671 141
1607609009761 0.37469586730003357 142
1607609009886 0.37466755509376526 143
1607609010001 0.374136358499527 144
1607609010116 0.3744922876358032 145
1607609010234 0.37498655915260315 146
1607609010356 0.3752455413341522 147
1607609010472 0.37450647354125977 148
1607609010590 0.3744319975376129 149
1607609010704 0.3743436932563782 150
1607609010816 0.37481820583343506 151
1607609010936 0.3747035264968872 152
1607609011053 0.37305301427841187 153
1607609011171 0.3726294934749603 154
1607609011293 0.3715023100376129 155
1607609011410 0.37091922760009766 156
1607609011531 0.37062326073646545 157
1607609011660 0.37035852670669556 158
1607609011784 0.37054070830345154 159
1607609011904 0.3710678517818451 160
1607609012022 0.37205982208251953 161
1607609012142 0.37253275513648987 162
1607609012258 0.37355542182922363 163
1607609012380 0.37282487750053406 164
1607609012509 0.37194985151290894 165
1607609012651 0.3706967532634735 166
1607609012778 0.37039709091186523 167
1607609012897 0.36992570757865906 168
1607609013016 0.3703441619873047 169
1607609013136 0.3702661395072937 170
1607609013274 0.3710881769657135 171
1607609013397 0.37147021293640137 172
1607609013515 0.3720395565032959 173
1607609013635 0.37229642271995544 174
1607609013756 0.37074655294418335 175
1607609013897 0.36964544653892517 176
1607609014017 0.36896607279777527 177
1607609014136 0.36902162432670593 178
1607609014249 0.3689524829387665 179
1607609014361 0.3687569200992584 180
1607609014497 0.3693273365497589 181
1607609014627 0.36948680877685547 182
1607609014745 0.3709442615509033 183
1607609014862 0.37087127566337585 184
1607609014978 0.3711841404438019 185
1607609015119 0.37107324600219727 186
1607609015243 0.3711252510547638 187
1607609015360 0.37040719389915466 188
1607609015475 0.36971884965896606 189
1607609015589 0.36927416920661926 190
1607609015729 0.36956775188446045 191
1607609015853 0.3695131540298462 192
1607609015973 0.3698940873146057 193
1607609016089 0.3696819841861725 194
1607609016208 0.3695535659790039 195
1607609016343 0.36885902285575867 196
1607609016473 0.3681952953338623 197
1607609016592 0.36847683787345886 198
1607609016710 0.3681439757347107 199
1607609016840 0.36815258860588074 200
1607609016976 0.3674331307411194 201
1607609017099 0.3681754171848297 202
1607609017224 0.3679198920726776 203
1607609017348 0.368307888507843 204
1607609017497 0.36820492148399353 205
1607609017620 0.36846283078193665 206
1607609017736 0.36821797490119934 207
1607609017862 0.36784711480140686 208
1607609017982 0.3678510785102844 209
1607609018115 0.36721929907798767 210
1607609018238 0.367000550031662 211
1607609018395 0.36713841557502747 212
1607609018520 0.36672040820121765 213
1607609018655 0.3668871521949768 214
1607609018778 0.3666922152042389 215
1607609018909 0.36710214614868164 216
1607609019062 0.3668709993362427 217
1607609019217 0.3668467104434967 218
1607609019348 0.36691078543663025 219
1607609019477 0.36706361174583435 220
1607609019592 0.3671310245990753 221
1607609019709 0.3662376403808594 222
1607609019823 0.3659203052520752 223
1607609019938 0.3655947148799896 224
1607609020060 0.36521822214126587 225
1607609020178 0.3654329180717468 226
1607609020308 0.3649863004684448 227
1607609020433 0.3652469217777252 228
1607609020548 0.36521410942077637 229
1607609020665 0.3660651445388794 230
1607609020779 0.3662918210029602 231
1607609020899 0.3677332401275635 232
1607609021019 0.36822083592414856 233
1607609021135 0.3693733811378479 234
1607609021253 0.3689046800136566 235
1607609021378 0.3680044114589691 236
1607609021498 0.36796778440475464 237
1607609021618 0.36732161045074463 238
1607609021740 0.36599379777908325 239
1607609021861 0.3652901351451874 240
1607609021990 0.36455753445625305 241
1607609022113 0.36419281363487244 242
1607609022234 0.3639051914215088 243
1607609022354 0.3637659251689911 244
1607609022482 0.3642289340496063 245
1607609022602 0.3643301725387573 246
1607609022721 0.3649722635746002 247
1607609022847 0.3647445738315582 248
1607609022965 0.36511877179145813 249
1607609023090 0.3645826578140259 250
1607609023215 0.3649068772792816 251
1607609023337 0.3646099865436554 252
1607609023476 0.36431169509887695 253
1607609023626 0.3641164302825928 254
1607609023748 0.36446237564086914 255
1607609023865 0.36417704820632935 256
1607609023981 0.36454159021377563 257
1607609024117 0.3652033507823944 258
1607609024243 0.3659249246120453 259
1607609024359 0.36626115441322327 260
1607609024480 0.36610278487205505 261
1607609024600 0.36521604657173157 262
1607609024737 0.3655393123626709 263
1607609024862 0.36479949951171875 264
1607609024987 0.36445504426956177 265
1607609025105 0.36427822709083557 266
1607609025225 0.3639141321182251 267
1607609025357 0.363822877407074 268
1607609025484 0.3637528121471405 269
1607609025603 0.36397865414619446 270
1607609025720 0.3633480370044708 271
1607609025844 0.36358073353767395 272
1607609025987 0.3632151782512665 273
1607609026113 0.3640160858631134 274
1607609026241 0.3640989363193512 275
1607609026364 0.36511537432670593 276
1607609026483 0.36472535133361816 277
1607609026620 0.36552953720092773 278
1607609026749 0.36485743522644043 279
1607609026871 0.3650917708873749 280
1607609027001 0.36411675810813904 281
1607609027120 0.3637779653072357 282
1607609027256 0.36307579278945923 283
1607609027388 0.3628174960613251 284
1607609027511 0.3624730408191681 285
1607609027627 0.36223340034484863 286
1607609027754 0.36215487122535706 287
1607609027890 0.3618496358394623 288
1607609028013 0.36186668276786804 289
1607609028137 0.3617737591266632 290
1607609028260 0.3615473210811615 291
1607609028389 0.3618346154689789 292
1607609028535 0.36195144057273865 293
1607609028667 0.36229032278060913 294
1607609028822 0.36276549100875854 295
1607609028949 0.36294350028038025 296
1607609029103 0.3629283905029297 297
1607609029230 0.3633379340171814 298
1607609029364 0.3631620407104492 299
1607609029521 0.3634498119354248 300
1607609029646 0.36262962222099304 301
1607609029772 0.3623831868171692 302
1607609029929 0.3620151877403259 303
1607609030054 0.3623929023742676 304
1607609030173 0.361917644739151 305
1607609030296 0.36223486065864563 306
1607609030414 0.36188918352127075 307
1607609030536 0.3629120886325836 308
1607609030663 0.3626256585121155 309
1607609030791 0.3632543087005615 310
1607609030915 0.36320069432258606 311
1607609031034 0.3634181618690491 312
1607609031153 0.3631901144981384 313
1607609031273 0.36276212334632874 314
1607609031394 0.36274904012680054 315
1607609031511 0.3620060086250305 316
1607609031630 0.3615017235279083 317
1607609031747 0.36125144362449646 318
1607609031869 0.3612312078475952 319
1607609031986 0.36103555560112 320
1607609032103 0.360342800617218 321
1607609032226 0.3610227108001709 322
1607609032342 0.3602348268032074 323
1607609032462 0.3603660464286804 324
1607609032577 0.36055266857147217 325
1607609032699 0.36060643196105957 326
1607609032821 0.36147788166999817 327
1607609032940 0.3623800277709961 328
1607609033058 0.3627139925956726 329
1607609033176 0.36310505867004395 330
1607609033295 0.3634122610092163 331
1607609033410 0.36227044463157654 332
1607609033523 0.36265119910240173 333
1607609033640 0.36174124479293823 334
1607609033760 0.36181825399398804 335
1607609033878 0.3610208332538605 336
1607609033996 0.3612428307533264 337
1607609034115 0.36118316650390625 338
1607609034255 0.3615916073322296 339
1607609034380 0.36118993163108826 340
1607609034497 0.36108583211898804 341
1607609034614 0.3605513870716095 342
1607609034733 0.36049985885620117 343
1607609034885 0.36011838912963867 344
1607609035011 0.3605644702911377 345
1607609035135 0.35999569296836853 346
1607609035254 0.36037567257881165 347
1607609035381 0.3601748049259186 348
1607609035524 0.3603793978691101 349
1607609035648 0.36087003350257874 350
1607609035766 0.3607759475708008 351
1607609035883 0.3607848584651947 352
1607609036007 0.3606148362159729 353
1607609036163 0.3603922426700592 354
1607609036290 0.3602021038532257 355
1607609036406 0.3597027659416199 356
1607609036528 0.3597428500652313 357
1607609036658 0.35921674966812134 358
1607609036782 0.3597170114517212 359
1607609036899 0.3595491945743561 360
1607609037022 0.35987576842308044 361
1607609037147 0.3599914610385895 362
1607609037296 0.36054790019989014 363
1607609037433 0.36051371693611145 364
1607609037556 0.3607442080974579 365
1607609037673 0.360302209854126 366
1607609037815 0.36028027534484863 367
1607609037936 0.36075395345687866 368
1607609038059 0.3600691258907318 369
1607609038172 0.3607708215713501 370
1607609038302 0.3605238199234009 371
1607609038442 0.36097806692123413 372
1607609038575 0.3611575961112976 373
1607609038704 0.36146143078804016 374
1607609038820 0.36072614789009094 375
1607609038941 0.360323429107666 376
1607609039088 0.3596251606941223 377
1607609039213 0.359602689743042 378
1607609039329 0.3591827154159546 379
1607609039461 0.358947217464447 380
1607609039587 0.3587733507156372 381
1607609039729 0.35868048667907715 382
1607609039863 0.35894155502319336 383
1607609040021 0.35923418402671814 384
1607609040178 0.3595997989177704 385
1607609040335 0.3596642315387726 386
1607609040493 0.36044999957084656 387
1607609040654 0.36044853925704956 388
1607609040814 0.3609381318092346 389
1607609040969 0.3604017198085785 390
1607609041099 0.3608969748020172 391
1607609041230 0.36049777269363403 392
1607609041355 0.3603287637233734 393
1607609041478 0.3594474494457245 394
1607609041596 0.3591010868549347 395
1607609041720 0.35862061381340027 396
1607609041837 0.35883086919784546 397
1607609041961 0.3584304749965668 398
1607609042091 0.35883453488349915 399
1607609042207 0.3591950237751007 400
1607609042331 0.3590075969696045 401
1607609042448 0.36004146933555603 402
1607609042567 0.3602350056171417 403
1607609042685 0.3605862855911255 404
1607609042809 0.36046159267425537 405
1607609042927 0.3606289327144623 406
1607609043056 0.360757976770401 407
1607609043184 0.36077550053596497 408
1607609043310 0.36020627617836 409
1607609043430 0.3597734570503235 410
1607609043555 0.3595648407936096 411
1607609043675 0.3585769236087799 412
1607609043799 0.35840100049972534 413
1607609043917 0.3582398295402527 414
1607609044041 0.3581567406654358 415
1607609044172 0.35847532749176025 416
1607609044293 0.3578985035419464 417
1607609044415 0.35863763093948364 418
1607609044541 0.35849371552467346 419
1607609044669 0.35878145694732666 420
1607609044791 0.35892561078071594 421
1607609044911 0.358529269695282 422
1607609045034 0.35854217410087585 423
1607609045151 0.35830923914909363 424
1607609045293 0.35829076170921326 425
1607609045421 0.3579396903514862 426
1607609045540 0.35771632194519043 427
1607609045665 0.3575933277606964 428
1607609045782 0.3578747510910034 429
1607609045924 0.3579496443271637 430
1607609046052 0.3582391142845154 431
1607609046172 0.3581927716732025 432
1607609046298 0.3577443063259125 433
1607609046441 0.3577243685722351 434
1607609046572 0.3573727011680603 435
1607609046694 0.3571779429912567 436
1607609046818 0.3567814230918884 437
1607609046938 0.3568919003009796 438
1607609047074 0.3568829298019409 439
1607609047204 0.3568914532661438 440
1607609047327 0.3571588397026062 441
1607609047447 0.35745716094970703 442
1607609047604 0.3579852283000946 443
1607609047734 0.35807177424430847 444
1607609047857 0.35843634605407715 445
1607609047977 0.3587024509906769 446
1607609048098 0.3589782118797302 447
1607609048239 0.35913580656051636 448
1607609048366 0.3592437207698822 449
1607609048484 0.35920801758766174 450
1607609048605 0.3594997823238373 451
1607609048732 0.35912248492240906 452
1607609048877 0.3590766191482544 453
1607609049011 0.35839352011680603 454
1607609049131 0.3581310212612152 455
1607609049248 0.3573018014431 456
1607609049369 0.357201486825943 457
1607609049510 0.35644930601119995 458
1607609049632 0.35638681054115295 459
1607609049749 0.3565276265144348 460
1607609049877 0.3568531572818756 461
1607609049995 0.35739263892173767 462
1607609050141 0.35807839035987854 463
1607609050270 0.3585164546966553 464
1607609050387 0.3594452440738678 465
1607609050504 0.3595658540725708 466
1607609050623 0.35968640446662903 467
1607609050765 0.3587780296802521 468
1607609050890 0.3588404953479767 469
1607609051023 0.35782375931739807 470
1607609051151 0.3576873242855072 471
1607609051308 0.3572288155555725 472
1607609051467 0.35696494579315186 473
1607609051593 0.3567533791065216 474
1607609051722 0.35668715834617615 475
1607609051858 0.3570151627063751 476
1607609051981 0.35715433955192566 477
1607609052104 0.3579012453556061 478
1607609052226 0.3579121232032776 479
1607609052351 0.35850512981414795 480
1607609052472 0.3581882119178772 481
1607609052591 0.3589671850204468 482
1607609052710 0.3588002026081085 483
1607609052829 0.3583391308784485 484
1607609052954 0.3574872612953186 485
1607609053068 0.3570217192173004 486
1607609053182 0.35647717118263245 487
1607609053307 0.35634705424308777 488
1607609053423 0.35587143898010254 489
1607609053544 0.3555191159248352 490
1607609053673 0.3554166853427887 491
1607609053796 0.35539403557777405 492
1607609053922 0.3558926284313202 493
1607609054048 0.35588154196739197 494
1607609054165 0.35642191767692566 495
1607609054281 0.35663869976997375 496
1607609054407 0.3570174276828766 497
1607609054534 0.3574036955833435 498
1607609054658 0.35740309953689575 499
1607609054782 0.35764986276626587 500
1607609054898 0.3572675883769989 501
1607609055019 0.35701414942741394 502
1607609055135 0.3566480278968811 503
1607609055250 0.35632479190826416 504
1607609055369 0.35653015971183777 505
1607609055494 0.35646772384643555 506
1607609055618 0.35666823387145996 507
1607609055742 0.35699591040611267 508
1607609055865 0.357305645942688 509
1607609055995 0.3578285276889801 510
1607609056121 0.357450008392334 511
1607609056242 0.35769200325012207 512
1607609056367 0.3566819131374359 513
1607609056484 0.3567682206630707 514
1607609056636 0.3558212220668793 515
1607609056764 0.3555833101272583 516
1607609056886 0.3552827835083008 517
1607609057015 0.3553483188152313 518
1607609057136 0.3556566834449768 519
1607609057278 0.3561864197254181 520
1607609057402 0.35675469040870667 521
1607609057520 0.3578336238861084 522
1607609057638 0.35878148674964905 523
1607609057763 0.35883641242980957 524
1607609057910 0.35837072134017944 525
1607609058036 0.35759401321411133 526
1607609058161 0.3574140667915344 527
1607609058284 0.3569214642047882 528
1607609058410 0.3561597466468811 529
1607609058554 0.35605356097221375 530
1607609058679 0.3553810715675354 531
1607609058805 0.3557071387767792 532
1607609058940 0.35561877489089966 533
1607609059068 0.3557935357093811 534
1607609059212 0.35573065280914307 535
1607609059338 0.35571393370628357 536
1607609059456 0.35589078068733215 537
1607609059574 0.3558122515678406 538
1607609059689 0.35600006580352783 539
1607609059830 0.355448454618454 540
1607609059954 0.3557976484298706 541
1607609060082 0.3556354343891144 542
1607609060203 0.3564959764480591 543
1607609060329 0.3562389016151428 544
1607609060472 0.3560886085033417 545
1607609060599 0.3560950458049774 546
1607609060724 0.3558250069618225 547
1607609060847 0.3562147617340088 548
1607609060965 0.3555909991264343 549
1607609061108 0.35575219988822937 550
1607609061265 0.3558865189552307 551
1607609061421 0.3559955060482025 552
1607609061578 0.35649627447128296 553
1607609061742 0.3564818799495697 554
1607609061898 0.35680320858955383 555
1607609062053 0.3560343086719513 556
1607609062206 0.3563719689846039 557
1607609062337 0.35528820753097534 558
1607609062468 0.3549706041812897 559
1607609062597 0.3541370928287506 560
1607609062717 0.35428062081336975 561
1607609062842 0.3542636036872864 562
1607609062972 0.3546099364757538 563
1607609063094 0.3552952706813812 564
1607609063217 0.35663604736328125 565
1607609063338 0.3578301668167114 566
1607609063456 0.3585207164287567 567
1607609063572 0.35858598351478577 568
1607609063699 0.35839739441871643 569
1607609063820 0.35735610127449036 570
1607609063941 0.3570614755153656 571
1607609064060 0.3551134765148163 572
1607609064180 0.3545721471309662 573
1607609064300 0.353564590215683 574
1607609064419 0.35335680842399597 575
1607609064539 0.3530562222003937 576
1607609064655 0.35320502519607544 577
1607609064778 0.35338321328163147 578
1607609065068 0.3541925549507141 579
1607609065181 0.3553743362426758 580
1607609065304 0.3563711941242218 581
1607609065419 0.35748550295829773 582
1607609065537 0.35771530866622925 583
1607609065651 0.3584217131137848 584
1607609065768 0.3583601415157318 585
1607609065890 0.35813280940055847 586
1607609066009 0.35657137632369995 587
1607609066127 0.35571372509002686 588
1607609066248 0.35481616854667664 589
1607609066367 0.3540315628051758 590
1607609066484 0.3538326025009155 591
1607609066598 0.3537461459636688 592
1607609066714 0.35407888889312744 593
1607609066827 0.35444560647010803 594
1607609066956 0.35511553287506104 595
1607609067081 0.3559364974498749 596
1607609067201 0.3570241928100586 597
1607609067319 0.3569633364677429 598
1607609067435 0.3571906089782715 599
1607609067558 0.3563862442970276 600
1607609067695 0.3557818830013275 601
1607609067816 0.3546217978000641 602
1607609067936 0.35414692759513855 603
1607609068054 0.3531573414802551 604
1607609068176 0.3528333306312561 605
1607609068313 0.3521665036678314 606
1607609068437 0.3522619307041168 607
1607609068553 0.35190701484680176 608
1607609068670 0.3521026074886322 609
1607609068784 0.3523106575012207 610
1607609068922 0.35269856452941895 611
1607609069044 0.35337725281715393 612
1607609069161 0.3539167642593384 613
1607609069286 0.3555031418800354 614
1607609069401 0.3561215102672577 615
1607609069535 0.3575451076030731 616
1607609069662 0.35749295353889465 617
1607609069778 0.357793927192688 618
1607609069901 0.35707467794418335 619
1607609070041 0.35656872391700745 620
1607609070168 0.3561364412307739 621
1607609070282 0.3551067113876343 622
1607609070398 0.35510900616645813 623
1607609070515 0.3544284701347351 624
1607609070649 0.3545626401901245 625
1607609070779 0.3540281355381012 626
1607609070895 0.35434335470199585 627
1607609071011 0.3544027507305145 628
1607609071134 0.35433298349380493 629
1607609071269 0.35471558570861816 630
1607609071397 0.35490965843200684 631
1607609071515 0.3551948666572571 632
1607609071633 0.35503044724464417 633
1607609071748 0.3549850285053253 634
1607609071883 0.3550069034099579 635
1607609072040 0.35481762886047363 636
1607609072166 0.3551075756549835 637
1607609072304 0.3542558550834656 638
1607609072430 0.3545290231704712 639
1607609072547 0.353334903717041 640
1607609072671 0.3536730408668518 641
1607609072810 0.3528001606464386 642
1607609072966 0.3527723252773285 643
1607609073122 0.3525877892971039 644
1607609073247 0.352841317653656 645
1607609073377 0.35323286056518555 646
1607609073537 0.3538488447666168 647
1607609073662 0.35435035824775696 648
1607609073787 0.35513898730278015 649
1607609073911 0.3555387854576111 650
1607609074035 0.3554736077785492 651
1607609074165 0.35550764203071594 652
1607609074287 0.35458624362945557 653
1607609074409 0.3543582856655121 654
1607609074535 0.35341915488243103 655
1607609074664 0.3533187508583069 656
1607609074782 0.352742999792099 657
1607609074911 0.3532005548477173 658
1607609075034 0.35293903946876526 659
1607609075164 0.35318616032600403 660
1607609075282 0.3536142110824585 661
1607609075399 0.3536059260368347 662
1607609075514 0.3540330231189728 663
1607609075631 0.3544711768627167 664
1607609075756 0.35486695170402527 665
1607609075881 0.3551558256149292 666
1607609076003 0.35580191016197205 667
1607609076123 0.3560989797115326 668
1607609076242 0.3569716513156891 669
1607609076361 0.35695400834083557 670
1607609076478 0.3572846055030823 671
1607609076600 0.3564439117908478 672
1607609076719 0.3569257855415344 673
1607609076840 0.3558593690395355 674
1607609076959 0.35502946376800537 675
1607609077078 0.35373789072036743 676
1607609077201 0.35305115580558777 677
1607609077321 0.3526766300201416 678
1607609077440 0.3520670235157013 679
1607609077562 0.35196447372436523 680
1607609077708 0.3518512547016144 681
1607609077832 0.35208436846733093 682
1607609077958 0.35252639651298523 683
1607609078079 0.3528706729412079 684
1607609078194 0.3536386489868164 685
1607609078340 0.35442566871643066 686
1607609078466 0.35504209995269775 687
1607609078591 0.35528382658958435 688
1607609078746 0.35482674837112427 689
1607609078880 0.355001837015152 690
1607609079010 0.3547837436199188 691
1607609079168 0.3543052673339844 692
1607609079325 0.35363975167274475 693
1607609079478 0.3529035151004791 694
1607609079611 0.3531702160835266 695
1607609079739 0.3530441224575043 696
1607609079898 0.35340800881385803 697
1607609080051 0.35352200269699097 698
1607609080208 0.35360831022262573 699
1607609080339 0.3534604012966156 700
1607609080484 0.3535797894001007 701
1607609080631 0.3534303903579712 702
1607609080785 0.35318446159362793 703
1607609080910 0.3529110252857208 704
1607609081032 0.3527321219444275 705
1607609081153 0.3530289828777313 706
1607609081273 0.3528846204280853 707
1607609081398 0.35338908433914185 708
1607609081511 0.35345688462257385 709
1607609081635 0.3540653586387634 710
1607609081761 0.35433170199394226 711
1607609081879 0.3551391065120697 712
1607609081998 0.3555111289024353 713
1607609082115 0.3558214008808136 714
1607609082235 0.35550886392593384 715
1607609082356 0.3552261292934418 716
1607609082479 0.3546381890773773 717
1607609082604 0.3539853096008301 718
1607609082738 0.35334548354148865 719
1607609082862 0.35289037227630615 720
1607609082977 0.35242584347724915 721
1607609083096 0.3519580364227295 722
1607609083215 0.3518927991390228 723
1607609083333 0.35173794627189636 724
1607609083456 0.35188010334968567 725
1607609083574 0.3518140912055969 726
1607609083692 0.35217708349227905 727
1607609083824 0.3524878919124603 728
1607609083950 0.35260009765625 729
1607609084068 0.35314232110977173 730
1607609084195 0.35298195481300354 731
1607609084314 0.353170245885849 732
1607609084432 0.3530378043651581 733
1607609084551 0.3532615900039673 734
1607609084670 0.3532983064651489 735
1607609084784 0.353668212890625 736
1607609084911 0.35353243350982666 737
1607609085040 0.3539406955242157 738
1607609085161 0.3536374568939209 739
1607609085280 0.3541269302368164 740
1607609085403 0.3535457253456116 741
1607609085524 0.3536989688873291 742
1607609085649 0.353157639503479 743
1607609085770 0.3534000813961029 744
1607609085889 0.35341212153434753 745
1607609086015 0.3542481064796448 746
1607609086132 0.3540969491004944 747
1607609086255 0.3551303744316101 748
1607609086377 0.3545050621032715 749
1607609086499 0.3554888963699341 750
1607609086615 0.35462889075279236 751
1607609086732 0.3545601963996887 752
1607609086851 0.3538872301578522 753
1607609086973 0.3530992865562439 754
1607609087107 0.35344815254211426 755
1607609087230 0.352843701839447 756
1607609087353 0.3531121015548706 757
1607609087471 0.3528514802455902 758
1607609087593 0.3530130982398987 759
1607609087715 0.35362493991851807 760
1607609087831 0.35381564497947693 761
1607609087946 0.3540480136871338 762
1607609088066 0.3536025285720825 763
1607609088191 0.35341835021972656 764
1607609088310 0.3534111976623535 765
1607609088451 0.3530156910419464 766
1607609088572 0.3525134325027466 767
1607609088701 0.35227906703948975 768
1607609088818 0.3520636558532715 769
1607609088957 0.3521486520767212 770
1607609089084 0.35207220911979675 771
1607609089202 0.35235682129859924 772
1607609089330 0.35260292887687683 773
1607609089453 0.3527386784553528 774
1607609089592 0.35339054465293884 775
1607609089721 0.3536762297153473 776
1607609089847 0.35409674048423767 777
1607609089970 0.35422852635383606 778
1607609090085 0.35383546352386475 779
1607609090224 0.35371047258377075 780
1607609090345 0.3528211712837219 781
1607609090464 0.3526632487773895 782
1607609090585 0.3519061803817749 783
1607609090725 0.3520241379737854 784
1607609090857 0.35140055418014526 785
1607609090977 0.3513675630092621 786
1607609091098 0.3512149453163147 787
1607609091245 0.3511674106121063 788
1607609091376 0.35122954845428467 789
1607609091511 0.3512045443058014 790
1607609091671 0.35159218311309814 791
1607609091795 0.35177674889564514 792
1607609091938 0.35181739926338196 793
1607609092097 0.3521346151828766 794
1607609092254 0.3524779677391052 795
1607609092407 0.3526057302951813 796
1607609092556 0.3525486886501312 797
1607609092684 0.35283735394477844 798
1607609092814 0.35235610604286194 799
1607609092972 0.3528726398944855 800
1607609093102 0.35231316089630127 801
1607609093225 0.3524573743343353 802
1607609093345 0.35190191864967346 803
1607609093464 0.35203391313552856 804
1607609093582 0.3521599769592285 805
1607609093701 0.35203683376312256 806
1607609093818 0.3526477515697479 807
1607609093931 0.3525800108909607 808
1607609094055 0.3534419536590576 809
1607609094173 0.3531465530395508 810
1607609094290 0.35362696647644043 811
1607609094408 0.3532049059867859 812
1607609094524 0.3539491891860962 813
1607609094639 0.35306593775749207 814
1607609094757 0.3530845642089844 815
1607609094874 0.35217371582984924 816
1607609094993 0.35237574577331543 817
1607609095115 0.3517623841762543 818
1607609095234 0.3518829941749573 819
1607609095353 0.3519872725009918 820
1607609095472 0.3526649475097656 821
1607609095590 0.3535003066062927 822
1607609095703 0.35376203060150146 823
1607609095818 0.35489240288734436 824
1607609095940 0.35488781332969666 825
1607609096057 0.3549802899360657 826
1607609096186 0.35385194420814514 827
1607609096307 0.35328561067581177 828
1607609096430 0.3523977994918823 829
1607609096562 0.3525159955024719 830
1607609096681 0.35179656744003296 831
1607609096800 0.3518853187561035 832
1607609096924 0.35159438848495483 833
1607609097051 0.35171523690223694 834
1607609097172 0.3518494665622711 835
1607609097299 0.35150787234306335 836
1607609097423 0.35189521312713623 837
1607609097550 0.35151758790016174 838
1607609097671 0.3516668379306793 839
1607609097793 0.35164839029312134 840
1607609097916 0.3514598608016968 841
1607609098038 0.3516336679458618 842
1607609098167 0.35124313831329346 843
1607609098286 0.35135239362716675 844
1607609098414 0.3511855900287628 845
1607609098541 0.35118967294692993 846
1607609098663 0.3510695993900299 847
1607609098792 0.35126107931137085 848
1607609098911 0.35132908821105957 849
1607609099029 0.35176873207092285 850
1607609099175 0.35187312960624695 851
1607609099305 0.35250627994537354 852
1607609099423 0.3523198664188385 853
1607609099552 0.3527894616127014 854
1607609099678 0.3525012135505676 855
1607609099820 0.35293543338775635 856
1607609099947 0.3520618677139282 857
1607609100066 0.3516779839992523 858
1607609100189 0.3511646091938019 859
1607609100307 0.35076823830604553 860
1607609100452 0.3511112630367279 861
1607609100581 0.3508461117744446 862
1607609100708 0.35147619247436523 863
1607609100824 0.3517233431339264 864
1607609100944 0.35216382145881653 865
1607609101092 0.3535269498825073 866
1607609101218 0.35349181294441223 867
1607609101338 0.35420605540275574 868
1607609101464 0.35344386100769043 869
1607609101584 0.3539232909679413 870
1607609101716 0.3523513376712799 871
1607609101854 0.35207104682922363 872
1607609101988 0.35090914368629456 873
1607609102139 0.3509952425956726 874
1607609102282 0.3508833050727844 875
1607609102430 0.35105496644973755 876
1607609102572 0.35142213106155396 877
1607609102713 0.3520630896091461 878
1607609102863 0.35278183221817017 879
1607609102995 0.3535269498825073 880
1607609103135 0.35395628213882446 881
1607609103265 0.35391688346862793 882
1607609103390 0.35377344489097595 883
1607609103524 0.3536719083786011 884
1607609103665 0.3533059060573578 885
1607609103791 0.35223785042762756 886
1607609103914 0.3514789640903473 887
1607609104041 0.35082870721817017 888
1607609104167 0.35044267773628235 889
1607609104303 0.3499288260936737 890
1607609104440 0.34948816895484924 891
1607609104575 0.3495917022228241 892
1607609104708 0.34976181387901306 893
1607609104842 0.34985610842704773 894
1607609104977 0.3507595360279083 895
1607609105121 0.351507306098938 896
1607609105276 0.3522847592830658 897
1607609105437 0.35274356603622437 898
1607609105568 0.352527379989624 899
1607609105695 0.35322457551956177 900
1607609105818 0.35264620184898376 901
1607609105946 0.35198715329170227 902
1607609106070 0.35126161575317383 903
1607609106198 0.3510521352291107 904
1607609106318 0.35117200016975403 905
1607609106437 0.3509373068809509 906
1607609106551 0.35155579447746277 907
1607609106673 0.3518601357936859 908
1607609106791 0.35248932242393494 909
1607609106911 0.35355713963508606 910
1607609107029 0.3536123037338257 911
1607609107148 0.35356393456459045 912
1607609107267 0.35294145345687866 913
1607609107389 0.35226210951805115 914
1607609107519 0.35142984986305237 915
1607609107639 0.3506103754043579 916
1607609107761 0.3501734435558319 917
1607609107883 0.3494659960269928 918
1607609108005 0.3492114841938019 919
1607609108137 0.34914931654930115 920
1607609108259 0.34951916337013245 921
1607609108382 0.34984979033470154 922
1607609108501 0.35034728050231934 923
1607609108617 0.3508206903934479 924
1607609108740 0.3516117036342621 925
1607609108865 0.35193249583244324 926
1607609108992 0.35267192125320435 927
1607609109119 0.35269486904144287 928
1607609109248 0.35233938694000244 929
1607609109372 0.3521343171596527 930
1607609109498 0.35127872228622437 931
1607609109623 0.35132691264152527 932
1607609109741 0.350872278213501 933
1607609109856 0.3506905734539032 934
1607609109981 0.35050806403160095 935
1607609110105 0.35094961524009705 936
1607609110229 0.35136282444000244 937
1607609110358 0.3521343469619751 938
1607609110476 0.3528340756893158 939
1607609110597 0.35329464077949524 940
1607609110721 0.3536235988140106 941
1607609110845 0.35327911376953125 942
1607609110965 0.35299912095069885 943
1607609111092 0.35227352380752563 944
1607609111218 0.3510265648365021 945
1607609111346 0.35056838393211365 946
1607609111464 0.3497324287891388 947
1607609111581 0.34946635365486145 948
1607609111703 0.3487898111343384 949
1607609111832 0.34869688749313354 950
1607609111959 0.3484462797641754 951
1607609112074 0.3485301434993744 952
1607609112220 0.3485269844532013 953
1607609112361 0.3490424156188965 954
1607609112507 0.3493915796279907 955
1607609112666 0.3501018285751343 956
1607609112792 0.35136672854423523 957
1607609112946 0.3518538475036621 958
1607609113102 0.3536876440048218 959
1607609113231 0.35386693477630615 960
1607609113390 0.35464635491371155 961
1607609113546 0.35330846905708313 962
1607609113722 0.35328197479248047 963
1607609113852 0.3529684245586395 964
1607609113978 0.35236021876335144 965
1607609114097 0.3518867790699005 966
1607609114222 0.3515826463699341 967
1607609114343 0.35192278027534485 968
1607609114465 0.35229188203811646 969
1607609114589 0.3524765074253082 970
1607609114716 0.35269880294799805 971
1607609114839 0.3528268337249756 972
1607609114960 0.3525411784648895 973
1607609115089 0.35203489661216736 974
1607609115212 0.3512601852416992 975
1607609115336 0.3510068655014038 976
1607609115458 0.35010263323783875 977
1607609115577 0.3502615988254547 978
1607609115695 0.34941890835762024 979
1607609115820 0.34980568289756775 980
1607609115946 0.34990981221199036 981
1607609116071 0.3502315580844879 982
1607609116200 0.35106414556503296 983
1607609116325 0.3512776494026184 984
1607609116442 0.3518318235874176 985
1607609116570 0.35239651799201965 986
1607609116691 0.3524666130542755 987
1607609116811 0.3521882891654968 988
1607609116938 0.35147878527641296 989
1607609117078 0.35149431228637695 990
1607609117223 0.35100653767585754 991
1607609117365 0.3508222699165344 992
1607609117508 0.3503901958465576 993
1607609117651 0.3504128158092499 994
1607609117793 0.35058867931365967 995
1607609117918 0.35122403502464294 996
1607609118041 0.35189077258110046 997
1607609118166 0.35243234038352966 998
1607609118289 0.3530368208885193 999
