1607613215744 0.47410866618156433 0
1607613215959 0.4700758159160614 1
1607613216188 0.458862841129303 2
1607613216409 0.4491281509399414 3
1607613216626 0.44379910826683044 4
1607613216840 0.44153276085853577 5
1607613217060 0.43942874670028687 6
1607613217273 0.43830743432044983 7
1607613217487 0.43745672702789307 8
1607613217697 0.4371955990791321 9
1607613217910 0.43720704317092896 10
1607613218126 0.4364500939846039 11
1607613218347 0.4367593824863434 12
1607613218569 0.4362979829311371 13
1607613218794 0.43481534719467163 14
1607613219016 0.4338923692703247 15
1607613219246 0.432692289352417 16
1607613219468 0.43155816197395325 17
1607613219687 0.43025830388069153 18
1607613219904 0.4291023313999176 19
1607613220136 0.4279225766658783 20
1607613220355 0.42733001708984375 21
1607613220569 0.4267594516277313 22
1607613220786 0.4260612428188324 23
1607613220991 0.4255770742893219 24
1607613221198 0.4256822466850281 25
1607613221400 0.42489227652549744 26
1607613221615 0.4236971437931061 27
1607613221834 0.4225327670574188 28
1607613222054 0.4218239188194275 29
1607613222265 0.4206400215625763 30
1607613222481 0.4203423261642456 31
1607613222691 0.41940826177597046 32
1607613222904 0.41829735040664673 33
1607613223117 0.4172189235687256 34
1607613223337 0.4159851670265198 35
1607613223557 0.4155923128128052 36
1607613223773 0.4152943193912506 37
1607613223992 0.41570281982421875 38
1607613224203 0.41598767042160034 39
1607613224419 0.41574788093566895 40
1607613224629 0.41525909304618835 41
1607613224841 0.41512009501457214 42
1607613225055 0.415191650390625 43
1607613225273 0.4137551486492157 44
1607613225503 0.4121052622795105 45
1607613225726 0.4111635088920593 46
1607613225938 0.40946656465530396 47
1607613226147 0.40772566199302673 48
1607613226363 0.4074687063694 49
1607613226575 0.40714120864868164 50
1607613226791 0.40698879957199097 51
1607613227002 0.40598294138908386 52
1607613227210 0.4045966565608978 53
1607613227425 0.40296632051467896 54
1607613227636 0.4025363624095917 55
1607613227852 0.4024772047996521 56
1607613228073 0.40191441774368286 57
1607613228297 0.4024588465690613 58
1607613228516 0.4024374783039093 59
1607613228736 0.40193554759025574 60
1607613228952 0.4015127122402191 61
1607613229172 0.4000120162963867 62
1607613229381 0.3989114463329315 63
1607613229589 0.3974410891532898 64
1607613229799 0.39742961525917053 65
1607613230009 0.39682915806770325 66
1607613230226 0.39625197649002075 67
1607613230442 0.39582785964012146 68
1607613230657 0.3939727246761322 69
1607613230866 0.3929847478866577 70
1607613231081 0.3926529884338379 71
1607613231289 0.393292099237442 72
1607613231501 0.39386922121047974 73
1607613231713 0.3947787880897522 74
1607613231932 0.3933313488960266 75
1607613232150 0.3924514949321747 76
1607613232362 0.3919987976551056 77
1607613232575 0.3914318382740021 78
1607613232787 0.39099812507629395 79
1607613233000 0.3900306224822998 80
1607613233211 0.38898083567619324 81
1607613233425 0.38878142833709717 82
1607613233641 0.3884429335594177 83
1607613233856 0.38856640458106995 84
1607613234080 0.38874420523643494 85
1607613234302 0.3884764611721039 86
1607613234524 0.38713839650154114 87
1607613234735 0.38680464029312134 88
1607613234952 0.3848683536052704 89
1607613235166 0.3843144476413727 90
1607613235383 0.3836256265640259 91
1607613235607 0.3837176263332367 92
1607613235827 0.38434818387031555 93
1607613236049 0.3849000930786133 94
1607613236263 0.3851105272769928 95
1607613236494 0.3856703042984009 96
1607613236709 0.3845272362232208 97
1607613236919 0.384136825799942 98
1607613237131 0.3835689425468445 99
1607613237341 0.38308852910995483 100
1607613237557 0.38357213139533997 101
1607613237776 0.3829631507396698 102
1607613237991 0.38288483023643494 103
1607613238208 0.38250863552093506 104
1607613238451 0.38145750761032104 105
1607613238669 0.38129985332489014 106
1607613238905 0.3801586329936981 107
1607613239148 0.37959957122802734 108
1607613239376 0.3788415193557739 109
1607613239608 0.379011869430542 110
1607613239836 0.37879058718681335 111
1607613240063 0.37913164496421814 112
1607613240281 0.3796650767326355 113
1607613240497 0.3799408972263336 114
1607613240743 0.3795504570007324 115
1607613240958 0.3793836832046509 116
1607613241170 0.37889882922172546 117
1607613241381 0.3784031867980957 118
1607613241593 0.3778795301914215 119
1607613241827 0.3775176405906677 120
1607613242055 0.3782326877117157 121
1607613242273 0.37828677892684937 122
1607613242494 0.378061443567276 123
1607613242731 0.37724190950393677 124
1607613242962 0.37779438495635986 125
1607613243198 0.37720268964767456 126
1607613243442 0.3769044876098633 127
1607613243674 0.3761414587497711 128
1607613243901 0.3757360279560089 129
1607613244149 0.37528562545776367 130
1607613244511 0.37512144446372986 131
1607613244724 0.37439393997192383 132
1607613244937 0.3745862543582916 133
1607613245152 0.37470415234565735 134
1607613245377 0.37498560547828674 135
1607613245626 0.3759148120880127 136
1607613245887 0.3764844536781311 137
1607613246108 0.3760727345943451 138
1607613246319 0.37545713782310486 139
1607613246537 0.37435486912727356 140
1607613246754 0.37433531880378723 141
1607613246972 0.37383052706718445 142
1607613247188 0.3736284375190735 143
1607613247408 0.3735712468624115 144
1607613247619 0.37373122572898865 145
1607613247832 0.37368476390838623 146
1607613248053 0.37348702549934387 147
1607613248267 0.37411537766456604 148
1607613248481 0.3734270930290222 149
1607613248692 0.37378618121147156 150
1607613248904 0.3726019561290741 151
1607613249116 0.37245622277259827 152
1607613249330 0.37236571311950684 153
1607613249545 0.3725656270980835 154
1607613249762 0.3725680112838745 155
1607613249984 0.3723444640636444 156
1607613250205 0.37234416604042053 157
1607613250417 0.37258806824684143 158
1607613250629 0.3729240894317627 159
1607613250840 0.37261947989463806 160
1607613251053 0.37265440821647644 161
1607613251264 0.3718559741973877 162
1607613251483 0.3714773952960968 163
1607613251694 0.3706502616405487 164
1607613251904 0.37010657787323 165
1607613252117 0.3703439235687256 166
1607613252332 0.3703475296497345 167
1607613252546 0.3708721101284027 168
1607613252768 0.37078845500946045 169
1607613252981 0.37094494700431824 170
1607613253198 0.3714979887008667 171
1607613253411 0.37114864587783813 172
1607613253623 0.3708067238330841 173
1607613253841 0.3701379895210266 174
1607613254052 0.3698740303516388 175
1607613254262 0.3694324493408203 176
1607613254476 0.3699258267879486 177
1607613254688 0.36956682801246643 178
1607613254898 0.36997559666633606 179
1607613255116 0.37030771374702454 180
1607613255326 0.3703305423259735 181
1607613255537 0.37039995193481445 182
1607613255755 0.37045854330062866 183
1607613255964 0.3701002299785614 184
1607613256171 0.37081146240234375 185
1607613256383 0.3706488311290741 186
1607613256592 0.36980491876602173 187
1607613256804 0.3690449297428131 188
1607613257020 0.36844775080680847 189
1607613257231 0.36794936656951904 190
1607613257464 0.3678523004055023 191
1607613257684 0.36731600761413574 192
1607613257905 0.3677603602409363 193
1607613258118 0.36748430132865906 194
1607613258332 0.36748722195625305 195
1607613258559 0.3677378296852112 196
1607613258778 0.3673819899559021 197
1607613258997 0.36799514293670654 198
1607613259215 0.3684004843235016 199
1607613259430 0.3687523901462555 200
1607613259660 0.3696674406528473 201
1607613259894 0.36854463815689087 202
1607613260126 0.36785879731178284 203
1607613260355 0.3669379949569702 204
1607613260595 0.3663511276245117 205
1607613260835 0.3664937913417816 206
1607613261086 0.36636173725128174 207
1607613261331 0.3664378821849823 208
1607613261550 0.3675454258918762 209
1607613261761 0.367959201335907 210
1607613261973 0.3680908977985382 211
1607613262185 0.3675427734851837 212
1607613262397 0.3669387698173523 213
1607613262611 0.36660709977149963 214
1607613262822 0.3662945032119751 215
1607613263047 0.3659076988697052 216
1607613263265 0.36568590998649597 217
1607613263476 0.3656670153141022 218
1607613263690 0.3661356568336487 219
1607613263901 0.366383820772171 220
1607613264114 0.3675571382045746 221
1607613264339 0.3674849569797516 222
1607613264552 0.3677891790866852 223
1607613264761 0.36746037006378174 224
1607613264980 0.3675086498260498 225
1607613265193 0.36639150977134705 226
1607613265404 0.36601701378822327 227
1607613265616 0.3650450110435486 228
1607613265825 0.365047812461853 229
1607613266037 0.3645443320274353 230
1607613266247 0.3644696772098541 231
1607613266461 0.3646903336048126 232
1607613266668 0.36453139781951904 233
1607613266885 0.36501145362854004 234
1607613267099 0.36510777473449707 235
1607613267310 0.36533915996551514 236
1607613267524 0.3648310899734497 237
1607613267737 0.3648369014263153 238
1607613267946 0.36454740166664124 239
1607613268157 0.36452922224998474 240
1607613268368 0.36406567692756653 241
1607613268580 0.36377543210983276 242
1607613268796 0.36358386278152466 243
1607613269009 0.3636176586151123 244
1607613269219 0.3634433150291443 245
1607613269442 0.36371907591819763 246
1607613269653 0.3635551929473877 247
1607613269873 0.3639559745788574 248
1607613270085 0.36435166001319885 249
1607613270294 0.3646772503852844 250
1607613270508 0.3651700019836426 251
1607613270734 0.3653307259082794 252
1607613270947 0.36554813385009766 253
1607613271162 0.36564990878105164 254
1607613271379 0.3654400706291199 255
1607613271594 0.365538090467453 256
1607613271806 0.36488181352615356 257
1607613272016 0.3649221360683441 258
1607613272231 0.36550411581993103 259
1607613272442 0.36536532640457153 260
1607613272664 0.36634624004364014 261
1607613272889 0.36529797315597534 262
1607613273108 0.3654875159263611 263
1607613273322 0.3655600845813751 264
1607613273538 0.3651271164417267 265
1607613273757 0.36447668075561523 266
1607613273975 0.36406460404396057 267
1607613274185 0.3634239733219147 268
1607613274392 0.36309462785720825 269
1607613274611 0.36276975274086 270
1607613274824 0.3626287579536438 271
1607613275036 0.36305728554725647 272
1607613275248 0.36329689621925354 273
1607613275460 0.3637370467185974 274
1607613275674 0.36404770612716675 275
1607613275889 0.3637448251247406 276
1607613276119 0.36360687017440796 277
1607613276348 0.36305758357048035 278
1607613276566 0.36220523715019226 279
1607613276781 0.36195939779281616 280
1607613277003 0.3615399897098541 281
1607613277213 0.361598402261734 282
1607613277424 0.3614327311515808 283
1607613277649 0.36259567737579346 284
1607613277881 0.3629010021686554 285
1607613278114 0.3645521402359009 286
1607613278347 0.36447349190711975 287
1607613278572 0.36419224739074707 288
1607613278795 0.36329513788223267 289
1607613279017 0.3627352714538574 290
1607613279244 0.36219149827957153 291
1607613279461 0.36173155903816223 292
1607613279673 0.361424058675766 293
1607613279885 0.36113300919532776 294
1607613280099 0.36130478978157043 295
1607613280317 0.36182597279548645 296
1607613280540 0.361863911151886 297
1607613280755 0.3628392517566681 298
1607613280974 0.36244508624076843 299
1607613281185 0.36287134885787964 300
1607613281399 0.3621026873588562 301
1607613281615 0.3619454801082611 302
1607613281826 0.36166712641716003 303
1607613282042 0.3610091209411621 304
1607613282260 0.36109718680381775 305
1607613282477 0.3606760501861572 306
1607613282695 0.3607683777809143 307
1607613282914 0.36125218868255615 308
1607613283130 0.36115849018096924 309
1607613283348 0.3621878921985626 310
1607613283564 0.3627154529094696 311
1607613283777 0.3633875548839569 312
1607613283994 0.36380478739738464 313
1607613284206 0.36390918493270874 314
1607613284427 0.36381393671035767 315
1607613284643 0.3627896308898926 316
1607613284857 0.36258524656295776 317
1607613285072 0.3610713481903076 318
1607613285285 0.3608705699443817 319
1607613285495 0.3596500754356384 320
1607613285708 0.3595975637435913 321
1607613285921 0.3591179847717285 322
1607613286132 0.3592224717140198 323
1607613286346 0.3594677448272705 324
1607613286555 0.3598676919937134 325
1607613286767 0.3603519797325134 326
1607613286987 0.36110520362854004 327
1607613287197 0.3609565198421478 328
1607613287408 0.36148956418037415 329
1607613287621 0.36089926958084106 330
1607613287834 0.3606429100036621 331
1607613288044 0.36000505089759827 332
1607613288258 0.35946059226989746 333
1607613288471 0.35915276408195496 334
1607613288684 0.3590463697910309 335
1607613288901 0.35910749435424805 336
1607613289115 0.3593376576900482 337
1607613289320 0.3599281311035156 338
1607613289523 0.3606414496898651 339
1607613289725 0.36060452461242676 340
1607613289927 0.36118757724761963 341
1607613290139 0.36082541942596436 342
1607613290345 0.36152419447898865 343
1607613290561 0.3611127734184265 344
1607613290778 0.3607807159423828 345
1607613290991 0.36099773645401 346
1607613291202 0.3607189357280731 347
1607613291415 0.3608585298061371 348
1607613291629 0.3606497049331665 349
1607613291835 0.36039525270462036 350
1607613292054 0.3602958619594574 351
1607613292271 0.3599289655685425 352
1607613292487 0.3598886728286743 353
1607613292703 0.35959184169769287 354
1607613292912 0.3597201108932495 355
1607613293122 0.3597531318664551 356
1607613293330 0.3602619767189026 357
1607613293533 0.3603033125400543 358
1607613293742 0.36090782284736633 359
1607613293955 0.3611742854118347 360
1607613294169 0.36159414052963257 361
1607613294403 0.3621635437011719 362
1607613294624 0.36155471205711365 363
1607613294838 0.3620430827140808 364
1607613295048 0.3610846996307373 365
1607613295263 0.3608742356300354 366
1607613295472 0.3603679835796356 367
1607613295708 0.3597026765346527 368
1607613295936 0.3591024577617645 369
1607613296158 0.35852593183517456 370
1607613296386 0.3583056330680847 371
1607613296618 0.35784849524497986 372
1607613296857 0.35790079832077026 373
1607613297097 0.3578597605228424 374
1607613297336 0.3579893708229065 375
1607613297571 0.3584800660610199 376
1607613297787 0.3593362271785736 377
1607613298003 0.3600628077983856 378
1607613298217 0.3610735535621643 379
1607613298438 0.361698180437088 380
1607613298654 0.3615128993988037 381
1607613298871 0.36202988028526306 382
1607613299093 0.36136141419410706 383
1607613299318 0.3608771562576294 384
1607613299534 0.35985031723976135 385
1607613299742 0.359109103679657 386
1607613299960 0.3585597574710846 387
1607613300184 0.3581978678703308 388
1607613300396 0.3580726683139801 389
1607613300620 0.357992559671402 390
1607613300839 0.35799798369407654 391
1607613301056 0.35793277621269226 392
1607613301268 0.3584258258342743 393
1607613301479 0.35820746421813965 394
1607613301694 0.3584575951099396 395
1607613301909 0.35826581716537476 396
1607613302122 0.3582424223423004 397
1607613302334 0.3584170341491699 398
1607613302560 0.3578531742095947 399
1607613302776 0.3581208288669586 400
1607613302989 0.35747262835502625 401
1607613303208 0.35793498158454895 402
1607613303420 0.3576003611087799 403
1607613303635 0.35763463377952576 404
1607613303855 0.3579593300819397 405
1607613304078 0.35802868008613586 406
1607613304294 0.3587409555912018 407
1607613304505 0.358928382396698 408
1607613304719 0.3596407175064087 409
1607613304936 0.35968732833862305 410
1607613305154 0.3598177433013916 411
1607613305365 0.3597399890422821 412
1607613305582 0.35931897163391113 413
1607613305807 0.35892459750175476 414
1607613306018 0.3583736717700958 415
1607613306234 0.3577689528465271 416
1607613306452 0.3577076196670532 417
1607613306667 0.3576403558254242 418
1607613306880 0.3575119376182556 419
1607613307096 0.35739409923553467 420
1607613307310 0.35759374499320984 421
1607613307535 0.35744643211364746 422
1607613307754 0.35773494839668274 423
1607613307971 0.3577912747859955 424
1607613308190 0.3575933277606964 425
1607613308407 0.35773909091949463 426
1607613308621 0.3574029207229614 427
1607613308844 0.35755524039268494 428
1607613309057 0.35777294635772705 429
1607613309266 0.35759153962135315 430
1607613309488 0.3575781583786011 431
1607613309703 0.3573637306690216 432
1607613309933 0.35693585872650146 433
1607613310156 0.35718920826911926 434
1607613310375 0.35663434863090515 435
1607613310599 0.35686561465263367 436
1607613310820 0.35641127824783325 437
1607613311036 0.3567348122596741 438
1607613311258 0.3566853404045105 439
1607613311497 0.35682913661003113 440
1607613311738 0.3573450446128845 441
1607613311974 0.35718387365341187 442
1607613312193 0.3575892746448517 443
1607613312408 0.3572739362716675 444
1607613312621 0.35754328966140747 445
1607613312840 0.3572787046432495 446
1607613313066 0.3575594425201416 447
1607613313283 0.35727494955062866 448
1607613313506 0.35734131932258606 449
1607613313732 0.35746923089027405 450
1607613313953 0.35745352506637573 451
1607613314180 0.358145534992218 452
1607613314402 0.35769909620285034 453
1607613314617 0.35794615745544434 454
1607613314841 0.3577463626861572 455
1607613315057 0.35767653584480286 456
1607613315293 0.35754790902137756 457
1607613315524 0.3580087423324585 458
1607613315755 0.3578072190284729 459
1607613315978 0.3587425947189331 460
1607613316196 0.3584471642971039 461
1607613316426 0.3586153984069824 462
1607613316661 0.3587038815021515 463
1607613316887 0.3581801950931549 464
1607613317105 0.35839903354644775 465
1607613317325 0.35731422901153564 466
1607613317543 0.35722169280052185 467
1607613317768 0.35652899742126465 468
1607613318007 0.35656753182411194 469
1607613318247 0.35599032044410706 470
1607613318485 0.35617801547050476 471
1607613318710 0.35624685883522034 472
1607613318942 0.3567034900188446 473
1607613319174 0.35677915811538696 474
1607613319396 0.3573346436023712 475
1607613319611 0.3572749197483063 476
1607613319830 0.35780802369117737 477
1607613320045 0.3576911985874176 478
1607613320264 0.35791778564453125 479
1607613320479 0.3578433394432068 480
1607613320691 0.35792040824890137 481
1607613320904 0.35783687233924866 482
1607613321118 0.3575212359428406 483
1607613321328 0.3573177456855774 484
1607613321542 0.35708698630332947 485
1607613321767 0.35669100284576416 486
1607613321984 0.35650309920310974 487
1607613322196 0.3566654920578003 488
1607613322412 0.3565365970134735 489
1607613322623 0.35676178336143494 490
1607613322843 0.3566799461841583 491
1607613323059 0.35705822706222534 492
1607613323280 0.3569120764732361 493
1607613323492 0.35719501972198486 494
1607613323714 0.35665223002433777 495
1607613323927 0.35694825649261475 496
1607613324140 0.3564462661743164 497
1607613324359 0.3565429151058197 498
1607613324574 0.35626283288002014 499
1607613324788 0.355972558259964 500
1607613325007 0.35568690299987793 501
1607613325224 0.35553956031799316 502
1607613325435 0.3550325930118561 503
1607613325662 0.3550451993942261 504
1607613325889 0.35502466559410095 505
1607613326103 0.3548510670661926 506
1607613326318 0.35535502433776855 507
1607613326534 0.3550574779510498 508
1607613326746 0.3558386266231537 509
1607613326960 0.3555631935596466 510
1607613327175 0.35568296909332275 511
1607613327391 0.3555504381656647 512
1607613327609 0.3554440438747406 513
1607613327822 0.35552099347114563 514
1607613328035 0.3552270233631134 515
1607613328254 0.35501718521118164 516
1607613328473 0.35480058193206787 517
1607613328686 0.3551473021507263 518
1607613328905 0.3551994860172272 519
1607613329125 0.3555256724357605 520
1607613329336 0.3560667037963867 521
1607613329568 0.3565182685852051 522
1607613329781 0.3572474420070648 523
1607613329989 0.3578343987464905 524
1607613330199 0.3573407828807831 525
1607613330418 0.3579551875591278 526
1607613330634 0.3565363585948944 527
1607613330847 0.3566408157348633 528
1607613331056 0.3555569052696228 529
1607613331267 0.35591921210289 530
1607613331491 0.35513508319854736 531
1607613331711 0.35517027974128723 532
1607613331935 0.35539939999580383 533
1607613332152 0.3554244637489319 534
1607613332366 0.35654208064079285 535
1607613332580 0.356458455324173 536
1607613332815 0.35708609223365784 537
1607613333035 0.3567172586917877 538
1607613333243 0.35651084780693054 539
1607613333464 0.35651177167892456 540
1607613333686 0.356301486492157 541
1607613333912 0.3564821779727936 542
1607613334142 0.35590994358062744 543
1607613334360 0.35587558150291443 544
1607613334574 0.35513150691986084 545
1607613334794 0.354984849691391 546
1607613335014 0.354786217212677 547
1607613335230 0.3545062839984894 548
1607613335462 0.35453495383262634 549
1607613335692 0.3545509874820709 550
1607613335927 0.35432615876197815 551
1607613336156 0.35471680760383606 552
1607613336389 0.3543796241283417 553
1607613336621 0.3544762134552002 554
1607613336836 0.35465195775032043 555
1607613337048 0.3542470335960388 556
1607613337259 0.3545520305633545 557
1607613337478 0.3547106981277466 558
1607613337685 0.3549102544784546 559
1607613337902 0.3550158441066742 560
1607613338116 0.3548034727573395 561
1607613338327 0.35521379113197327 562
1607613338543 0.35495084524154663 563
1607613338754 0.35497012734413147 564
1607613338974 0.3544034957885742 565
1607613339186 0.35443443059921265 566
1607613339412 0.3542010188102722 567
1607613339810 0.3537622392177582 568
1607613340027 0.3535725474357605 569
1607613340245 0.35334229469299316 570
1607613340461 0.35369348526000977 571
1607613340674 0.3536113500595093 572
1607613340885 0.35452744364738464 573
1607613341095 0.3550221025943756 574
1607613341309 0.3562888205051422 575
1607613341528 0.3574940264225006 576
1607613341733 0.3579421043395996 577
1607613341944 0.35830146074295044 578
1607613342163 0.3579595983028412 579
1607613342379 0.3568088710308075 580
1607613342592 0.35572102665901184 581
1607613342802 0.354773610830307 582
1607613343013 0.3541894257068634 583
1607613343228 0.35360661149024963 584
1607613343438 0.353471040725708 585
1607613343649 0.35326167941093445 586
1607613343862 0.35380008816719055 587
1607613344073 0.35372909903526306 588
1607613344289 0.3547859191894531 589
1607613344505 0.3547213673591614 590
1607613344714 0.35515663027763367 591
1607613344926 0.3552171587944031 592
1607613345138 0.35515162348747253 593
1607613345353 0.3551793396472931 594
1607613345563 0.35515648126602173 595
1607613345771 0.35463979840278625 596
1607613345980 0.35455086827278137 597
1607613346187 0.3539665639400482 598
1607613346396 0.3536355495452881 599
1607613346615 0.3532486855983734 600
1607613346827 0.35302963852882385 601
1607613347038 0.35298359394073486 602
1607613347247 0.35314053297042847 603
1607613347446 0.35348278284072876 604
1607613347645 0.35405442118644714 605
1607613347860 0.3547751307487488 606
1607613348063 0.3553124666213989 607
1607613348272 0.3558986485004425 608
1607613348483 0.35646316409111023 609
1607613348690 0.35590532422065735 610
1607613348908 0.35593557357788086 611
1607613349128 0.3549170196056366 612
1607613349352 0.3549271523952484 613
1607613349571 0.3540771007537842 614
1607613349784 0.3538493514060974 615
1607613349992 0.35358670353889465 616
1607613350221 0.35340604186058044 617
1607613350438 0.3532858192920685 618
1607613350655 0.3532923758029938 619
1607613350870 0.35300305485725403 620
1607613351085 0.35326147079467773 621
1607613351310 0.35295718908309937 622
1607613351530 0.35353317856788635 623
1607613351745 0.35399386286735535 624
1607613351957 0.3544306457042694 625
1607613352174 0.3548778295516968 626
1607613352390 0.35534870624542236 627
1607613352610 0.35519495606422424 628
1607613352837 0.35507404804229736 629
1607613353072 0.3540250062942505 630
1607613353298 0.35342487692832947 631
1607613353537 0.3528960943222046 632
1607613353778 0.35251206159591675 633
1607613354000 0.3526882827281952 634
1607613354237 0.3529459834098816 635
1607613354454 0.3529827892780304 636
1607613354666 0.35418403148651123 637
1607613354884 0.35464969277381897 638
1607613355095 0.3555794358253479 639
1607613355305 0.3554593324661255 640
1607613355521 0.3556593954563141 641
1607613355737 0.3555336594581604 642
1607613355946 0.35540395975112915 643
1607613356158 0.35530924797058105 644
1607613356368 0.35518932342529297 645
1607613356581 0.3550206124782562 646
1607613356795 0.35565418004989624 647
1607613357006 0.3548636734485626 648
1607613357217 0.3553355038166046 649
1607613357427 0.35484200716018677 650
1607613357631 0.3541300296783447 651
1607613357841 0.3539987802505493 652
1607613358064 0.3528452515602112 653
1607613358272 0.35297682881355286 654
1607613358476 0.352170467376709 655
1607613358678 0.3521617650985718 656
1607613358881 0.352046936750412 657
1607613359083 0.35216426849365234 658
1607613359291 0.3521971106529236 659
1607613359494 0.3530609905719757 660
1607613359695 0.35290566086769104 661
1607613359904 0.35350242257118225 662
1607613360119 0.35368239879608154 663
1607613360327 0.3541967570781708 664
1607613360530 0.35460397601127625 665
1607613360735 0.3545319139957428 666
1607613360934 0.35442644357681274 667
1607613361134 0.35433733463287354 668
1607613361335 0.35402411222457886 669
1607613361539 0.35341477394104004 670
1607613361750 0.35299134254455566 671
1607613361960 0.35233888030052185 672
1607613362171 0.35208868980407715 673
1607613362377 0.35177987813949585 674
1607613362592 0.35179585218429565 675
1607613362800 0.35185477137565613 676
1607613363009 0.3516104817390442 677
1607613363215 0.3520326614379883 678
1607613363427 0.3521589934825897 679
1607613363646 0.3526429831981659 680
1607613363857 0.3526456654071808 681
1607613364068 0.3531132936477661 682
1607613364272 0.3530329167842865 683
1607613364477 0.3532967269420624 684
1607613364699 0.3537440896034241 685
1607613364918 0.35347050428390503 686
1607613365130 0.3539448380470276 687
1607613365339 0.3537268340587616 688
1607613365555 0.3536014258861542 689
1607613365768 0.3538092374801636 690
1607613365987 0.353503555059433 691
1607613366202 0.35330691933631897 692
1607613366412 0.35351037979125977 693
1607613366626 0.35334476828575134 694
1607613366836 0.3534138798713684 695
1607613367041 0.3533090353012085 696
1607613367243 0.3533758223056793 697
1607613367451 0.3534417748451233 698
1607613367669 0.3534175753593445 699
1607613367889 0.35319942235946655 700
1607613368104 0.3531118929386139 701
1607613368337 0.35321202874183655 702
1607613368559 0.3533211946487427 703
1607613368777 0.3533361256122589 704
1607613368989 0.35346707701683044 705
1607613369206 0.35349658131599426 706
1607613369443 0.35348185896873474 707
1607613369671 0.35349851846694946 708
1607613369894 0.35307344794273376 709
1607613370103 0.3533340096473694 710
1607613370310 0.35289710760116577 711
1607613370527 0.35260483622550964 712
1607613370754 0.35252562165260315 713
1607613370971 0.35224708914756775 714
1607613371208 0.35249659419059753 715
1607613371434 0.3526136875152588 716
1607613371659 0.35290664434432983 717
1607613371881 0.35315555334091187 718
1607613372136 0.3541152775287628 719
1607613372364 0.3547920286655426 720
1607613372579 0.3553543984889984 721
1607613372791 0.3562895655632019 722
1607613372995 0.35569119453430176 723
1607613373200 0.35551807284355164 724
1607613373412 0.35435187816619873 725
1607613373627 0.3534509837627411 726
1607613373840 0.3526341915130615 727
1607613374043 0.3518522083759308 728
1607613374249 0.35141584277153015 729
1607613374459 0.3511335253715515 730
1607613374673 0.351570725440979 731
1607613374897 0.3515104353427887 732
1607613375116 0.35248714685440063 733
1607613375336 0.35261377692222595 734
1607613375546 0.3530524671077728 735
1607613375752 0.35364457964897156 736
1607613375955 0.35354819893836975 737
1607613376160 0.35374853014945984 738
1607613376362 0.3532499074935913 739
1607613376564 0.35306107997894287 740
1607613376765 0.3524087965488434 741
1607613376973 0.3519216477870941 742
1607613377184 0.35148167610168457 743
1607613377388 0.3514668345451355 744
1607613377596 0.3512781262397766 745
1607613377806 0.3515505790710449 746
1607613378014 0.35176312923431396 747
1607613378216 0.3519892394542694 748
1607613378421 0.35239696502685547 749
1607613378625 0.35246965289115906 750
1607613378830 0.3528778851032257 751
1607613379039 0.35283175110816956 752
1607613379244 0.35266023874282837 753
1607613379452 0.3521084487438202 754
1607613379665 0.3519020676612854 755
1607613379881 0.3512720465660095 756
1607613380084 0.3513598144054413 757
1607613380283 0.3512254059314728 758
1607613380488 0.3517499268054962 759
1607613380690 0.35181739926338196 760
1607613380898 0.35257524251937866 761
1607613381104 0.3525635302066803 762
1607613381313 0.35303959250450134 763
1607613381526 0.352717787027359 764
1607613381729 0.3527432978153229 765
1607613381939 0.3526027202606201 766
1607613382146 0.3520599603652954 767
1607613382351 0.3517962098121643 768
1607613382558 0.35160738229751587 769
1607613382778 0.3513876497745514 770
1607613382993 0.3515889644622803 771
1607613383207 0.3515462577342987 772
1607613383421 0.35219255089759827 773
1607613383643 0.3523050844669342 774
1607613383868 0.35326066613197327 775
1607613384084 0.3531299829483032 776
1607613384299 0.35377854108810425 777
1607613384513 0.35292837023735046 778
1607613384733 0.35295724868774414 779
1607613384952 0.352104127407074 780
1607613385164 0.3520233929157257 781
1607613385388 0.3512950837612152 782
1607613385602 0.3514457046985626 783
1607613385815 0.3511653542518616 784
1607613386033 0.3517237603664398 785
1607613386258 0.35229769349098206 786
1607613386475 0.35232895612716675 787
1607613386695 0.35379505157470703 788
1607613386907 0.3534470796585083 789
1607613387119 0.354623407125473 790
1607613387353 0.3545171618461609 791
1607613387571 0.35480472445487976 792
1607613387785 0.35480132699012756 793
1607613387995 0.3541570007801056 794
1607613388207 0.35360389947891235 795
1607613388420 0.35317400097846985 796
1607613388662 0.3522028923034668 797
1607613388887 0.35148391127586365 798
1607613389118 0.35087424516677856 799
1607613389355 0.3504827618598938 800
1607613389579 0.3502087891101837 801
1607613389809 0.3500891923904419 802
1607613390034 0.35015055537223816 803
1607613390263 0.35031503438949585 804
1607613390481 0.3507980406284332 805
1607613390702 0.3512161076068878 806
1607613390920 0.3519451916217804 807
1607613391137 0.35312560200691223 808
1607613391352 0.3532997965812683 809
1607613391567 0.35473617911338806 810
1607613391784 0.35422852635383606 811
1607613391986 0.3544364869594574 812
1607613392190 0.353561133146286 813
1607613392393 0.3531081974506378 814
1607613392604 0.3521123230457306 815
1607613392814 0.35158851742744446 816
1607613393027 0.3509952425956726 817
1607613393240 0.35064080357551575 818
1607613393459 0.35060179233551025 819
1607613393675 0.3503462076187134 820
1607613393896 0.3505670726299286 821
1607613394112 0.3502855896949768 822
1607613394331 0.3505706191062927 823
1607613394561 0.350328266620636 824
1607613394774 0.3508860170841217 825
1607613394988 0.35051876306533813 826
1607613395210 0.35069718956947327 827
1607613395429 0.35043177008628845 828
1607613395642 0.35090723633766174 829
1607613395855 0.3508588671684265 830
1607613396070 0.35161682963371277 831
1607613396281 0.3518219590187073 832
1607613396497 0.3521983027458191 833
1607613396710 0.3527275323867798 834
1607613396923 0.3524063229560852 835
1607613397137 0.35293081402778625 836
1607613397350 0.35240525007247925 837
1607613397564 0.35270488262176514 838
1607613397780 0.3517879247665405 839
1607613397990 0.3517940044403076 840
1607613398201 0.3512583374977112 841
1607613398424 0.35158127546310425 842
1607613398641 0.3508806526660919 843
1607613398856 0.351131409406662 844
1607613399073 0.350475937128067 845
1607613399292 0.3507128953933716 846
1607613399511 0.35072439908981323 847
1607613399725 0.3507433533668518 848
1607613399943 0.3508334159851074 849
1607613400153 0.35104870796203613 850
1607613400368 0.35100308060646057 851
1607613400581 0.35194849967956543 852
1607613400799 0.3518674373626709 853
1607613401012 0.3529244065284729 854
1607613401228 0.35322368144989014 855
1607613401446 0.3534824252128601 856
1607613401666 0.3533989191055298 857
1607613401879 0.35328197479248047 858
1607613402092 0.3522660434246063 859
1607613402312 0.3518930971622467 860
1607613402528 0.3508594036102295 861
1607613402748 0.35055387020111084 862
1607613402965 0.3498683571815491 863
1607613403184 0.3497563898563385 864
1607613403398 0.3495826721191406 865
1607613403609 0.34962964057922363 866
1607613403817 0.3498751223087311 867
1607613404030 0.35000917315483093 868
1607613404245 0.3507128953933716 869
1607613404471 0.351552277803421 870
1607613404692 0.3517444133758545 871
1607613404906 0.35248491168022156 872
1607613405129 0.35237547755241394 873
1607613405349 0.3528731167316437 874
1607613405586 0.352445125579834 875
1607613405813 0.3519653379917145 876
1607613406044 0.3515172600746155 877
1607613406272 0.3519044816493988 878
1607613406494 0.35120731592178345 879
1607613406799 0.3514835834503174 880
1607613407186 0.3509015440940857 881
1607613407412 0.3514397442340851 882
1607613407632 0.35108497738838196 883
1607613407848 0.3513430655002594 884
1607613408083 0.350918173789978 885
1607613408307 0.3507726490497589 886
1607613408539 0.3505742847919464 887
1607613408759 0.3504979908466339 888
1607613408969 0.350066602230072 889
1607613409174 0.35002297163009644 890
1607613409379 0.3499024212360382 891
1607613409585 0.3498925268650055 892
1607613409790 0.3501053750514984 893
1607613409995 0.34989649057388306 894
1607613410200 0.35020050406455994 895
1607613410415 0.3499835431575775 896
1607613410620 0.3502331078052521 897
1607613410827 0.3501521944999695 898
1607613411031 0.35019180178642273 899
1607613411235 0.35025301575660706 900
1607613411441 0.3506898283958435 901
1607613411644 0.3502606749534607 902
1607613411847 0.3509354293346405 903
1607613412048 0.3507498800754547 904
1607613412256 0.3518216609954834 905
1607613412462 0.35229432582855225 906
1607613412667 0.3531824052333832 907
1607613412871 0.35387346148490906 908
1607613413075 0.35361987352371216 909
1607613413281 0.3541993200778961 910
1607613413488 0.352954238653183 911
1607613413691 0.35355451703071594 912
1607613413899 0.3524107336997986 913
1607613414111 0.35183584690093994 914
1607613414318 0.35190004110336304 915
1607613414518 0.3511766493320465 916
1607613414725 0.35107284784317017 917
1607613414928 0.35085201263427734 918
1607613415137 0.350353866815567 919
1607613415344 0.3502912223339081 920
1607613415545 0.3503531813621521 921
1607613415748 0.35024622082710266 922
1607613415957 0.3505425751209259 923
1607613416162 0.35042914748191833 924
1607613416367 0.35052353143692017 925
1607613416574 0.35070937871932983 926
1607613416779 0.3508857190608978 927
1607613416988 0.3508809804916382 928
1607613417197 0.3509889245033264 929
1607613417399 0.35106000304222107 930
1607613417603 0.35127338767051697 931
1607613417812 0.35097575187683105 932
1607613418013 0.35092079639434814 933
1607613418226 0.35058093070983887 934
1607613418435 0.35097435116767883 935
1607613418637 0.35064494609832764 936
1607613418845 0.3506864309310913 937
1607613419056 0.3506823480129242 938
1607613419259 0.35045430064201355 939
1607613419466 0.350938618183136 940
1607613419679 0.35056623816490173 941
1607613419890 0.35070881247520447 942
1607613420109 0.35087019205093384 943
1607613420323 0.3508099913597107 944
1607613420533 0.3507583737373352 945
1607613420742 0.3508228361606598 946
1607613420948 0.35022488236427307 947
1607613421148 0.3504701256752014 948
1607613421355 0.35014763474464417 949
1607613421569 0.35000288486480713 950
1607613421778 0.35026657581329346 951
1607613421985 0.3502248227596283 952
1607613422192 0.35061684250831604 953
1607613422419 0.3505217730998993 954
1607613422630 0.35053932666778564 955
1607613422838 0.3505520522594452 956
1607613423041 0.3504818081855774 957
1607613423263 0.34991690516471863 958
1607613423484 0.34959930181503296 959
1607613423691 0.34956371784210205 960
1607613423898 0.34955087304115295 961
1607613424129 0.34991922974586487 962
1607613424352 0.35039713978767395 963
1607613424592 0.3508513271808624 964
1607613424818 0.35155850648880005 965
1607613425071 0.35171061754226685 966
1607613425312 0.3521040976047516 967
1607613425563 0.35198596119880676 968
1607613425792 0.35164764523506165 969
1607613426025 0.35089343786239624 970
1607613426242 0.3506592810153961 971
1607613426485 0.35008057951927185 972
1607613426725 0.3499324321746826 973
1607613426940 0.35019126534461975 974
1607613427146 0.35021504759788513 975
1607613427348 0.35093164443969727 976
1607613427558 0.3511853516101837 977
1607613427760 0.35121431946754456 978
1607613427969 0.3516969084739685 979
1607613428173 0.3508687913417816 980
1607613428375 0.35122284293174744 981
1607613428578 0.35013726353645325 982
1607613428782 0.35015013813972473 983
1607613428985 0.349410742521286 984
1607613429189 0.3497132658958435 985
1607613429405 0.34924963116645813 986
1607613429606 0.3496021628379822 987
1607613429813 0.3493117094039917 988
1607613430013 0.3498724699020386 989
1607613430216 0.349780797958374 990
1607613430418 0.34994086623191833 991
1607613430622 0.3498589098453522 992
1607613430824 0.3500961661338806 993
1607613431028 0.3502814471721649 994
1607613431237 0.34997206926345825 995
1607613431441 0.35030484199523926 996
1607613431644 0.35029351711273193 997
1607613431847 0.35068994760513306 998
1607613432055 0.3506380617618561 999
