1607666839508 0.4739919602870941 0
1607666839655 0.46464046835899353 1
1607666839789 0.45681387186050415 2
1607666839927 0.4524569511413574 3
1607666840059 0.4463596045970917 4
1607666840196 0.44238606095314026 5
1607666840350 0.44027090072631836 6
1607666840488 0.43900173902511597 7
1607666840622 0.4383850693702698 8
1607666840757 0.4380776286125183 9
1607666840899 0.43728840351104736 10
1607666841037 0.4355013072490692 11
1607666841175 0.4346003234386444 12
1607666841304 0.4339771270751953 13
1607666841443 0.43367403745651245 14
1607666841578 0.43347403407096863 15
1607666841726 0.43161314725875854 16
1607666841874 0.4307859539985657 17
1607666842020 0.43012261390686035 18
1607666842153 0.4302698075771332 19
1607666842290 0.4300864338874817 20
1607666842418 0.42890337109565735 21
1607666842568 0.4277748763561249 22
1607666842706 0.4265686571598053 23
1607666842838 0.42538121342658997 24
1607666842974 0.42537471652030945 25
1607666843108 0.4254607856273651 26
1607666843252 0.4250708818435669 27
1607666843390 0.42359086871147156 28
1607666843522 0.42128580808639526 29
1607666843654 0.41974031925201416 30
1607666843785 0.41886213421821594 31
1607666843919 0.4183127284049988 32
1607666844064 0.4176931381225586 33
1607666844209 0.41737306118011475 34
1607666844349 0.41777053475379944 35
1607666844486 0.417917400598526 36
1607666844617 0.41639721393585205 37
1607666844747 0.41411712765693665 38
1607666844883 0.41286855936050415 39
1607666845013 0.41219040751457214 40
1607666845145 0.4121271073818207 41
1607666845274 0.4119079113006592 42
1607666845404 0.4110463559627533 43
1607666845540 0.4103873670101166 44
1607666845679 0.40991318225860596 45
1607666845810 0.408605694770813 46
1607666845938 0.40808776021003723 47
1607666846075 0.4074685275554657 48
1607666846209 0.40668293833732605 49
1607666846340 0.40634801983833313 50
1607666846469 0.4059939384460449 51
1607666846595 0.40501484274864197 52
1607666846726 0.40394097566604614 53
1607666846865 0.40347546339035034 54
1607666846997 0.40275317430496216 55
1607666847131 0.4021151661872864 56
1607666847264 0.40128761529922485 57
1607666847396 0.40109989047050476 58
1607666847528 0.40176939964294434 59
1607666847660 0.4012109339237213 60
1607666847790 0.4009396731853485 61
1607666847921 0.3998466432094574 62
1607666848055 0.3977184593677521 63
1607666848189 0.395804762840271 64
1607666848321 0.3944740891456604 65
1607666848454 0.39464879035949707 66
1607666848580 0.3950358033180237 67
1607666848713 0.3960040509700775 68
1607666848845 0.39661458134651184 69
1607666848975 0.39494049549102783 70
1607666849101 0.394163578748703 71
1607666849237 0.39393627643585205 72
1607666849492 0.3938393294811249 73
1607666849626 0.3948811888694763 74
1607666849756 0.3953544497489929 75
1607666849890 0.3948618471622467 76
1607666850019 0.3925837278366089 77
1607666850148 0.3902345597743988 78
1607666850277 0.3889525532722473 79
1607666850407 0.38800111413002014 80
1607666850544 0.3879251778125763 81
1607666850675 0.3885376751422882 82
1607666850808 0.3886975646018982 83
1607666850954 0.38833731412887573 84
1607666851082 0.38827836513519287 85
1607666851224 0.3874741494655609 86
1607666851365 0.38718804717063904 87
1607666851501 0.38651204109191895 88
1607666851640 0.38585522770881653 89
1607666851771 0.38542571663856506 90
1607666851921 0.38572049140930176 91
1607666852065 0.38559606671333313 92
1607666852194 0.3853853940963745 93
1607666852351 0.3858635425567627 94
1607666852486 0.3850882649421692 95
1607666852617 0.38587403297424316 96
1607666852762 0.38448622822761536 97
1607666852918 0.3828696608543396 98
1607666853058 0.38199833035469055 99
1607666853193 0.3815183639526367 100
1607666853322 0.3814234435558319 101
1607666853457 0.3806403577327728 102
1607666853612 0.3799414038658142 103
1607666853781 0.37951841950416565 104
1607666853936 0.37898582220077515 105
1607666854107 0.3793793320655823 106
1607666854245 0.3796173334121704 107
1607666854392 0.3799370527267456 108
1607666854546 0.37987610697746277 109
1607666854795 0.3799115717411041 110
1607666854951 0.37963613867759705 111
1607666855099 0.37919995188713074 112
1607666855250 0.3798149824142456 113
1607666855397 0.3792758882045746 114
1607666855554 0.37915799021720886 115
1607666855713 0.37903591990470886 116
1607666855850 0.379882276058197 117
1607666855991 0.380073606967926 118
1607666856126 0.38029026985168457 119
1607666856260 0.37975749373435974 120
1607666856390 0.37885886430740356 121
1607666856521 0.37725043296813965 122
1607666856656 0.37772026658058167 123
1607666856790 0.3773242235183716 124
1607666856924 0.37655580043792725 125
1607666857053 0.37610766291618347 126
1607666857182 0.3755013048648834 127
1607666857316 0.3752171993255615 128
1607666857445 0.3751307427883148 129
1607666857576 0.3748130202293396 130
1607666857711 0.37515389919281006 131
1607666857847 0.3758949935436249 132
1607666857975 0.37547382712364197 133
1607666858109 0.37571579217910767 134
1607666858238 0.3753434121608734 135
1607666858373 0.3752233386039734 136
1607666858502 0.37485694885253906 137
1607666858631 0.37450340390205383 138
1607666858760 0.3737664520740509 139
1607666858890 0.3733687698841095 140
1607666859023 0.37280669808387756 141
1607666859160 0.37279820442199707 142
1607666859293 0.37281522154808044 143
1607666859426 0.3732253611087799 144
1607666859559 0.37397733330726624 145
1607666859693 0.3747282028198242 146
1607666859832 0.37433069944381714 147
1607666859963 0.37398961186408997 148
1607666860095 0.3748316466808319 149
1607666860235 0.37420210242271423 150
1607666860375 0.37502333521842957 151
1607666860526 0.3747829794883728 152
1607666860666 0.3740355670452118 153
1607666860806 0.37289929389953613 154
1607666860956 0.37237685918807983 155
1607666861091 0.3713834583759308 156
1607666861224 0.37115830183029175 157
1607666861365 0.3704971373081207 158
1607666861511 0.3704278767108917 159
1607666861648 0.37072664499282837 160
1607666861783 0.3710002601146698 161
1607666861921 0.3719247281551361 162
1607666862048 0.37236616015434265 163
1607666862178 0.37243199348449707 164
1607666862313 0.37166088819503784 165
1607666862442 0.3714406192302704 166
1607666862582 0.37089917063713074 167
1607666862725 0.3703119456768036 168
1607666862864 0.3699667155742645 169
1607666862996 0.36950159072875977 170
1607666863132 0.36937302350997925 171
1607666863265 0.36931008100509644 172
1607666863416 0.3694005012512207 173
1607666863556 0.3693541884422302 174
1607666863690 0.3701898753643036 175
1607666863818 0.3702255189418793 176
1607666863954 0.3710823655128479 177
1607666864109 0.37152668833732605 178
1607666864251 0.37184426188468933 179
1607666864384 0.3723014295101166 180
1607666864516 0.37124836444854736 181
1607666864652 0.37017884850502014 182
1607666864808 0.3669185936450958 183
1607666864950 0.36658817529678345 184
1607666865084 0.366139680147171 185
1607666865223 0.36632922291755676 186
1607666865382 0.3667777180671692 187
1607666865524 0.36772045493125916 188
1607666865655 0.3699229657649994 189
1607666865788 0.370412677526474 190
1607666865917 0.37120044231414795 191
1607666866074 0.37077075242996216 192
1607666866208 0.37067797780036926 193
1607666866346 0.36905309557914734 194
1607666866496 0.36821305751800537 195
1607666866635 0.36739638447761536 196
1607666866787 0.36761972308158875 197
1607666866933 0.36727628111839294 198
1607666867090 0.36769548058509827 199
1607666867252 0.36863207817077637 200
1607666867410 0.368705689907074 201
1607666867565 0.3682910203933716 202
1607666867715 0.367710143327713 203
1607666867876 0.3670070171356201 204
1607666868034 0.3667796850204468 205
1607666868189 0.3661102056503296 206
1607666868342 0.3659839630126953 207
1607666868507 0.36621978878974915 208
1607666868660 0.36676087975502014 209
1607666868797 0.36761754751205444 210
1607666868929 0.3686995506286621 211
1607666869058 0.3688550591468811 212
1607666869192 0.36904892325401306 213
1607666869326 0.368217408657074 214
1607666869459 0.367918461561203 215
1607666869593 0.3670912981033325 216
1607666869726 0.36594799160957336 217
1607666869859 0.3655399978160858 218
1607666869989 0.3651271462440491 219
1607666870117 0.3651652932167053 220
1607666870244 0.36485153436660767 221
1607666870379 0.3650367259979248 222
1607666870513 0.36544740200042725 223
1607666870642 0.3654450476169586 224
1607666870772 0.3654642403125763 225
1607666870907 0.36591652035713196 226
1607666871039 0.3662516176700592 227
1607666871179 0.36649322509765625 228
1607666871316 0.3659946322441101 229
1607666871451 0.36548087000846863 230
1607666871588 0.36519062519073486 231
1607666871727 0.36473163962364197 232
1607666871860 0.36448314785957336 233
1607666871996 0.36400118470191956 234
1607666872161 0.3645106256008148 235
1607666872288 0.36473143100738525 236
1607666872421 0.3656305968761444 237
1607666872554 0.36572083830833435 238
1607666872684 0.36646610498428345 239
1607666872823 0.36679866909980774 240
1607666872957 0.3663313686847687 241
1607666873093 0.3659588396549225 242
1607666873224 0.36571452021598816 243
1607666873356 0.3658684194087982 244
1607666873492 0.36588090658187866 245
1607666873624 0.36609989404678345 246
1607666873764 0.36626410484313965 247
1607666873891 0.36601129174232483 248
1607666874034 0.3662874400615692 249
1607666874167 0.3657376766204834 250
1607666874305 0.36540111899375916 251
1607666874439 0.3647967278957367 252
1607666874572 0.3643169403076172 253
1607666874704 0.36412543058395386 254
1607666874837 0.364188551902771 255
1607666874966 0.3634391129016876 256
1607666875096 0.363542377948761 257
1607666875237 0.36284559965133667 258
1607666875375 0.36296549439430237 259
1607666875528 0.36285626888275146 260
1607666875664 0.36256545782089233 261
1607666875798 0.36298465728759766 262
1607666875927 0.36347293853759766 263
1607666876058 0.36356139183044434 264
1607666876215 0.36432960629463196 265
1607666876352 0.3650159239768982 266
1607666876489 0.3651316463947296 267
1607666876628 0.36573585867881775 268
1607666876762 0.36498644948005676 269
1607666876914 0.3643442690372467 270
1607666877054 0.36347293853759766 271
1607666877188 0.3624667227268219 272
1607666877324 0.36199942231178284 273
1607666877461 0.3614753186702728 274
1607666877615 0.3613552451133728 275
1607666877759 0.3614500164985657 276
1607666877896 0.3615279495716095 277
1607666878034 0.36174479126930237 278
1607666878171 0.3619341254234314 279
1607666878321 0.3627614974975586 280
1607666878471 0.3629951477050781 281
1607666878605 0.36331290006637573 282
1607666878735 0.3635888695716858 283
1607666878880 0.3641822338104248 284
1607666879039 0.3650414049625397 285
1607666879183 0.36651673913002014 286
1607666879342 0.3658177852630615 287
1607666879500 0.3657906651496887 288
1607666879655 0.3647717833518982 289
1607666879817 0.36479076743125916 290
1607666879970 0.36376556754112244 291
1607666880117 0.36272984743118286 292
1607666880257 0.3620520532131195 293
1607666880418 0.3616965115070343 294
1607666880572 0.3614351749420166 295
1607666880730 0.3617028295993805 296
1607666880878 0.36194461584091187 297
1607666881009 0.3623448312282562 298
1607666881153 0.3627488315105438 299
1607666881304 0.36261844635009766 300
1607666881442 0.3625972867012024 301
1607666881572 0.36212584376335144 302
1607666881718 0.3620690405368805 303
1607666881863 0.36154893040657043 304
1607666881998 0.3615281283855438 305
1607666882131 0.36113008856773376 306
1607666882262 0.36150914430618286 307
1607666882394 0.3616144061088562 308
1607666882526 0.36183303594589233 309
1607666882662 0.3628566265106201 310
1607666882803 0.3626644015312195 311
1607666882940 0.3637302815914154 312
1607666883078 0.3623381555080414 313
1607666883213 0.3621912896633148 314
1607666883349 0.3611659109592438 315
1607666883478 0.36077654361724854 316
1607666883614 0.3604651391506195 317
1607666883748 0.36006075143814087 318
1607666883874 0.360595703125 319
1607666883999 0.3604859411716461 320
1607666884136 0.36161676049232483 321
1607666884268 0.36126264929771423 322
1607666884402 0.36213451623916626 323
1607666884538 0.3616500198841095 324
1607666884665 0.36175963282585144 325
1607666884797 0.3616735339164734 326
1607666884929 0.3611447513103485 327
1607666885064 0.3611031472682953 328
1607666885193 0.36038267612457275 329
1607666885336 0.3608107268810272 330
1607666885470 0.3603217303752899 331
1607666885611 0.3610084056854248 332
1607666885744 0.36060601472854614 333
1607666885877 0.3610081970691681 334
1607666886007 0.361345112323761 335
1607666886146 0.36118271946907043 336
1607666886286 0.3615999221801758 337
1607666886415 0.36110496520996094 338
1607666886558 0.36113879084587097 339
1607666886691 0.3604378402233124 340
1607666886824 0.3605978786945343 341
1607666886960 0.3598884046077728 342
1607666887091 0.36028844118118286 343
1607666887223 0.35992005467414856 344
1607666887351 0.3603937029838562 345
1607666887485 0.3599473834037781 346
1607666887616 0.3601558804512024 347
1607666887750 0.35991355776786804 348
1607666887883 0.3603495657444 349
1607666888016 0.3599873483181 350
1607666888172 0.3599517047405243 351
1607666888307 0.35995370149612427 352
1607666888437 0.3598126471042633 353
1607666888572 0.3600716292858124 354
1607666888731 0.3606170415878296 355
1607666888891 0.36102935671806335 356
1607666889033 0.3611197769641876 357
1607666889173 0.3608083724975586 358
1607666889324 0.3603493869304657 359
1607666889465 0.36041703820228577 360
1607666889609 0.3591872751712799 361
1607666889753 0.3587076961994171 362
1607666889896 0.35836461186408997 363
1607666890028 0.35813891887664795 364
1607666890175 0.35742151737213135 365
1607666890354 0.357282429933548 366
1607666890492 0.3581121563911438 367
1607666890628 0.3590400815010071 368
1607666890766 0.3601667284965515 369
1607666890898 0.36158058047294617 370
1607666891055 0.36217087507247925 371
1607666891209 0.3622940182685852 372
1607666891340 0.3619958162307739 373
1607666891480 0.36065465211868286 374
1607666891623 0.3598589301109314 375
1607666891788 0.3588760495185852 376
1607666891964 0.35782352089881897 377
1607666892122 0.3575162887573242 378
1607666892282 0.35722583532333374 379
1607666892438 0.35725098848342896 380
1607666892591 0.35735225677490234 381
1607666892746 0.3578130304813385 382
1607666892939 0.35829734802246094 383
1607666893090 0.3586024343967438 384
1607666893231 0.35858362913131714 385
1607666893381 0.35924243927001953 386
1607666893535 0.35959815979003906 387
1607666893673 0.3598318099975586 388
1607666893805 0.36018770933151245 389
1607666893938 0.35979998111724854 390
1607666894066 0.36079609394073486 391
1607666894200 0.3600611388683319 392
1607666894339 0.35997921228408813 393
1607666894474 0.35964861512184143 394
1607666894609 0.3589729964733124 395
1607666894741 0.3590550720691681 396
1607666894883 0.35875198245048523 397
1607666895020 0.359375 398
1607666895156 0.35943612456321716 399
1607666895291 0.3597874939441681 400
1607666895431 0.3598761260509491 401
1607666895577 0.3596612811088562 402
1607666895715 0.3590972125530243 403
1607666895851 0.35862141847610474 404
1607666895986 0.3580257296562195 405
1607666896127 0.3574090301990509 406
1607666896273 0.35685113072395325 407
1607666896405 0.3571712374687195 408
1607666896536 0.35731229186058044 409
1607666896665 0.3577730655670166 410
1607666896807 0.35892704129219055 411
1607666896964 0.3595685064792633 412
1607666897113 0.3603667616844177 413
1607666897248 0.36022335290908813 414
1607666897378 0.3593393862247467 415
1607666897512 0.3589729964733124 416
1607666897646 0.35849952697753906 417
1607666897772 0.3579899072647095 418
1607666897901 0.35772696137428284 419
1607666898042 0.3578343689441681 420
1607666898172 0.3580720126628876 421
1607666898307 0.3588554263114929 422
1607666898449 0.3586823642253876 423
1607666898584 0.3589858114719391 424
1607666898721 0.35882994532585144 425
1607666898860 0.3585667908191681 426
1607666899006 0.3584763705730438 427
1607666899152 0.3577479422092438 428
1607666899289 0.35775861144065857 429
1607666899423 0.35709962248802185 430
1607666899560 0.3570093810558319 431
1607666899721 0.35669127106666565 432
1607666899859 0.3569355905056 433
1607666899992 0.35680916905403137 434
1607666900123 0.35710611939430237 435
1607666900257 0.35739240050315857 436
1607666900409 0.3577059805393219 437
1607666900554 0.3588574230670929 438
1607666900695 0.3589964807033539 439
1607666900828 0.3591266870498657 440
1607666900962 0.3595205843448639 441
1607666901121 0.35903626680374146 442
1607666901262 0.3592657744884491 443
1607666901396 0.3584720492362976 444
1607666901530 0.35792914032936096 445
1607666901666 0.3571186065673828 446
1607666901826 0.3566746115684509 447
1607666901979 0.35664495825767517 448
1607666902110 0.3563274145126343 449
1607666902245 0.3566493093967438 450
1607666902375 0.3573104739189148 451
1607666902528 0.35817527770996094 452
1607666902672 0.3594661355018616 453
1607666902808 0.35973072052001953 454
1607666902940 0.36088722944259644 455
1607666903084 0.3601873517036438 456
1607666903251 0.3601081371307373 457
1607666903399 0.3583205044269562 458
1607666903531 0.358015775680542 459
1607666903665 0.35719022154808044 460
1607666903800 0.3564850986003876 461
1607666903955 0.3561232388019562 462
1607666904106 0.3556157648563385 463
1607666904261 0.3558201193809509 464
1607666904416 0.3555736541748047 465
1607666904586 0.35604745149612427 466
1607666904734 0.35596099495887756 467
1607666904891 0.35626012086868286 468
1607666905045 0.3564767837524414 469
1607666905253 0.35736942291259766 470
1607666905421 0.35718604922294617 471
1607666905582 0.358013778924942 472
1607666905727 0.35735026001930237 473
1607666905870 0.3579777777194977 474
1607666906009 0.35765552520751953 475
1607666906152 0.3573146462440491 476
1607666906291 0.3570979833602905 477
1607666906427 0.356392502784729 478
1607666906560 0.3563590347766876 479
1607666906708 0.3557022213935852 480
1607666906848 0.3560791015625 481
1607666906980 0.35572120547294617 482
1607666907117 0.35604962706565857 483
1607666907252 0.3560433089733124 484
1607666907402 0.3558349609375 485
1607666907544 0.3559526801109314 486
1607666907686 0.35593822598457336 487
1607666907819 0.3561105728149414 488
1607666907954 0.35610443353652954 489
1607666908090 0.3561232388019562 490
1607666908231 0.3562854528427124 491
1607666908372 0.3564411401748657 492
1607666908504 0.3564539849758148 493
1607666908641 0.3561527132987976 494
1607666908778 0.35651710629463196 495
1607666908911 0.3563612103462219 496
1607666909045 0.35647913813591003 497
1607666909176 0.3559633493423462 498
1607666909308 0.3561275601387024 499
1607666909442 0.3559128940105438 500
1607666909583 0.3563568890094757 501
1607666909717 0.35622864961624146 502
1607666909849 0.3560747504234314 503
1607666909984 0.3564055263996124 504
1607666910117 0.35642632842063904 505
1607666910256 0.35712113976478577 506
1607666910388 0.3574032485485077 507
1607666910522 0.35723236203193665 508
1607666910656 0.35776546597480774 509
1607666910791 0.35679054260253906 510
1607666910927 0.35713163018226624 511
1607666911061 0.356759250164032 512
1607666911194 0.3565630316734314 513
1607666911324 0.3563109338283539 514
1607666911462 0.35626646876335144 515
1607666911594 0.35646647214889526 516
1607666911732 0.3565950393676758 517
1607666911871 0.35633373260498047 518
1607666912012 0.3565930724143982 519
1607666912145 0.3560684323310852 520
1607666912283 0.356567919254303 521
1607666912417 0.35547688603401184 522
1607666912567 0.35578468441963196 523
1607666912712 0.35508137941360474 524
1607666912843 0.3553488552570343 525
1607666912977 0.3552625775337219 526
1607666913113 0.3552623987197876 527
1607666913266 0.3553595244884491 528
1607666913578 0.3559677004814148 529
1607666913709 0.3558434545993805 530
1607666913844 0.35561180114746094 531
1607666913977 0.3554394543170929 532
1607666914123 0.35536766052246094 533
1607666914270 0.35603949427604675 534
1607666914400 0.35626861453056335 535
1607666914539 0.3569885790348053 536
1607666914701 0.3580414354801178 537
1607666914845 0.35847872495651245 538
1607666914978 0.3590371906757355 539
1607666915113 0.3581964373588562 540
1607666915243 0.35711100697517395 541
1607666915374 0.35535481572151184 542
1607666915512 0.35480377078056335 543
1607666915648 0.35364583134651184 544
1607666915809 0.35315537452697754 545
1607666915977 0.3527595102787018 546
1607666916129 0.3518229126930237 547
1607666916292 0.35205042362213135 548
1607666916440 0.3523177206516266 549
1607666916610 0.3529175817966461 550
1607666916765 0.35410282015800476 551
1607666916926 0.3551931381225586 552
1607666917109 0.3563655614852905 553
1607666917257 0.35747721791267395 554
1607666917416 0.3573421239852905 555
1607666917573 0.35767504572868347 556
1607666917725 0.3568958044052124 557
1607666917865 0.3561340868473053 558
1607666917999 0.3548477292060852 559
1607666918131 0.3542838394641876 560
1607666918268 0.3535953760147095 561
1607666918410 0.35358288884162903 562
1607666918552 0.3530671298503876 563
1607666918690 0.35324183106422424 564
1607666918822 0.3533514142036438 565
1607666918951 0.3536396920681 566
1607666919083 0.35443341732025146 567
1607666919216 0.3551173806190491 568
1607666919352 0.3563973903656006 569
1607666919490 0.35700538754463196 570
1607666919621 0.35815736651420593 571
1607666919754 0.3581334948539734 572
1607666919882 0.358485609292984 573
1607666920016 0.35685819387435913 574
1607666920148 0.3569088280200958 575
1607666920278 0.3554689288139343 576
1607666920415 0.35458478331565857 577
1607666920551 0.35402923822402954 578
1607666920687 0.35335972905158997 579
1607666920828 0.35338088870048523 580
1607666920959 0.3537154495716095 581
1607666921094 0.35405871272087097 582
1607666921225 0.3545406460762024 583
1607666921356 0.35518917441368103 584
1607666921486 0.3553868234157562 585
1607666921619 0.35595306754112244 586
1607666921753 0.3552922308444977 587
1607666921889 0.35496580600738525 588
1607666922022 0.35452401638031006 589
1607666922159 0.35406267642974854 590
1607666922295 0.35398510098457336 591
1607666922425 0.3540060818195343 592
1607666922557 0.35395345091819763 593
1607666922688 0.3541851043701172 594
1607666922825 0.35406285524368286 595
1607666922958 0.35436198115348816 596
1607666923094 0.35469236969947815 597
1607666923235 0.35490289330482483 598
1607666923367 0.3549260199069977 599
1607666923502 0.35526910424232483 600
1607666923634 0.35583966970443726 601
1607666923766 0.35598254203796387 602
1607666923908 0.3563132882118225 603
1607666924046 0.3570140600204468 604
1607666924177 0.3569107949733734 605
1607666924311 0.3570437431335449 606
1607666924445 0.356096088886261 607
1607666924601 0.35687771439552307 608
1607666924741 0.3560539782047272 609
1607666924870 0.35559967160224915 610
1607666925003 0.3544986844062805 611
1607666925135 0.3540060818195343 612
1607666925288 0.35374945402145386 613
1607666925425 0.35295772552490234 614
1607666925564 0.3527790307998657 615
1607666925705 0.3524462878704071 616
1607666925836 0.35291793942451477 617
1607666925991 0.35346317291259766 618
1607666926126 0.35385453701019287 619
1607666926266 0.3549557030200958 620
1607666926407 0.3553217351436615 621
1607666926545 0.3563617765903473 622
1607666926709 0.35580384731292725 623
1607666926852 0.35584166646003723 624
1607666926984 0.3555009365081787 625
1607666927117 0.3548963665962219 626
1607666927278 0.3542715609073639 627
1607666927411 0.35350295901298523 628
1607666927542 0.3532358705997467 629
1607666927677 0.3525432348251343 630
1607666927810 0.3522864282131195 631
1607666927959 0.3521750271320343 632
1607666928206 0.3521726727485657 633
1607666928359 0.35245081782341003 634
1607666928520 0.35275787115097046 635
1607666928676 0.3531201183795929 636
1607666928827 0.3538273870944977 637
1607666928986 0.3542145788669586 638
1607666929143 0.3548860549926758 639
1607666929299 0.3555409014225006 640
1607666929452 0.35538482666015625 641
1607666929608 0.3557599186897278 642
1607666929776 0.35500597953796387 643
1607666929932 0.35502079129219055 644
1607666930064 0.35457664728164673 645
1607666930195 0.354020893573761 646
1607666930336 0.35337257385253906 647
1607666930474 0.3535642623901367 648
1607666930602 0.3530631363391876 649
1607666930738 0.3535262942314148 650
1607666930874 0.3537496328353882 651
1607666931011 0.35373878479003906 652
1607666931143 0.3542044758796692 653
1607666931269 0.35362088680267334 654
1607666931399 0.3538360893726349 655
1607666931526 0.3533620834350586 656
1607666931663 0.3529982268810272 657
1607666931795 0.3527580797672272 658
1607666931928 0.35253509879112244 659
1607666932066 0.35243815183639526 660
1607666932208 0.3525477349758148 661
1607666932345 0.3526613116264343 662
1607666932474 0.35314977169036865 663
1607666932610 0.35339590907096863 664
1607666932751 0.353951632976532 665
1607666932882 0.35433268547058105 666
1607666933022 0.35471588373184204 667
1607666933160 0.3543999493122101 668
1607666933294 0.3544652462005615 669
1607666933438 0.354176789522171 670
1607666933574 0.35388436913490295 671
1607666933717 0.3534885048866272 672
1607666933850 0.353202223777771 673
1607666933984 0.3534022271633148 674
1607666934123 0.35313910245895386 675
1607666934255 0.3532801568508148 676
1607666934386 0.35298338532447815 677
1607666934535 0.3532107174396515 678
1607666934683 0.3534886837005615 679
1607666934827 0.35353896021842957 680
1607666934965 0.35368236899375916 681
1607666935101 0.35391998291015625 682
1607666935233 0.35417479276657104 683
1607666935371 0.3543538451194763 684
1607666935515 0.3545008599758148 685
1607666935649 0.354612797498703 686
1607666935792 0.35454699397087097 687
1607666935950 0.35459399223327637 688
1607666936093 0.3540945053100586 689
1607666936230 0.35394132137298584 690
1607666936372 0.3537262976169586 691
1607666936501 0.35368436574935913 692
1607666936650 0.353288471698761 693
1607666936794 0.3528445065021515 694
1607666936925 0.35268646478652954 695
1607666937059 0.3534213900566101 696
1607666937191 0.35308411717414856 697
1607666937343 0.3536762297153473 698
1607666937481 0.3531872034072876 699
1607666937621 0.3539395332336426 700
1607666937758 0.35407769680023193 701
1607666937892 0.3538339138031006 702
1607666938047 0.353743314743042 703
1607666938185 0.35338959097862244 704
1607666938333 0.35384875535964966 705
1607666938469 0.35361889004707336 706
1607666938604 0.3539539873600006 707
1607666938761 0.3536125719547272 708
1607666938896 0.3536718785762787 709
1607666939027 0.3530316948890686 710
1607666939164 0.3531792461872101 711
1607666939297 0.35285499691963196 712
1607666939450 0.3528423309326172 713
1607666939596 0.35275208950042725 714
1607666939733 0.35273075103759766 715
1607666939869 0.353027880191803 716
1607666940004 0.35256239771842957 717
1607666940164 0.35278356075286865 718
1607666940339 0.3523518741130829 719
1607666940568 0.35232892632484436 720
1607666940718 0.35224664211273193 721
1607666940880 0.352278470993042 722
1607666941050 0.3525075912475586 723
1607666941201 0.35257938504219055 724
1607666941370 0.3526846468448639 725
1607666941517 0.3525667190551758 726
1607666941674 0.35287633538246155 727
1607666941859 0.35227376222610474 728
1607666942019 0.3513796627521515 729
1607666942169 0.35114583373069763 730
1607666942324 0.35118162631988525 731
1607666942480 0.35179218649864197 732
1607666942633 0.3519330620765686 733
1607666942864 0.35234159231185913 734
1607666943007 0.35294127464294434 735
1607666943159 0.3532552123069763 736
1607666943304 0.35385921597480774 737
1607666943443 0.35372015833854675 738
1607666943580 0.35393500328063965 739
1607666943715 0.3538970351219177 740
1607666943856 0.3541308641433716 741
1607666943992 0.3536590337753296 742
1607666944134 0.35347187519073486 743
1607666944294 0.35274359583854675 744
1607666944443 0.3526739776134491 745
1607666944590 0.35267215967178345 746
1607666944725 0.35255804657936096 747
1607666944870 0.3528680205345154 748
1607666945003 0.35242965817451477 749
1607666945143 0.3528575301170349 750
1607666945278 0.35326552391052246 751
1607666945425 0.3532930016517639 752
1607666945565 0.3535583019256592 753
1607666945699 0.35348451137542725 754
1607666945834 0.3542551100254059 755
1607666945965 0.3540319502353668 756
1607666946104 0.3539011776447296 757
1607666946242 0.3536469042301178 758
1607666946385 0.3531600832939148 759
1607666946520 0.3529880940914154 760
1607666946656 0.35204029083251953 761
1607666946789 0.35160499811172485 762
1607666946919 0.35072898864746094 763
1607666947053 0.3505924344062805 764
1607666947188 0.34996509552001953 765
1607666947327 0.3501755893230438 766
1607666947464 0.3502199053764343 767
1607666947608 0.35047653317451477 768
1607666947745 0.3510957360267639 769
1607666947883 0.3515205383300781 770
1607666948015 0.3528974950313568 771
1607666948152 0.3534677028656006 772
1607666948292 0.3538677394390106 773
1607666948426 0.3538509011268616 774
1607666948557 0.35393500328063965 775
1607666948690 0.3536888659000397 776
1607666948834 0.35348036885261536 777
1607666948975 0.35311830043792725 778
1607666949110 0.35254377126693726 779
1607666949255 0.3518974184989929 780
1607666949399 0.351510226726532 781
1607666949540 0.3514174520969391 782
1607666949675 0.35118815302848816 783
1607666949825 0.351004958152771 784
1607666949961 0.3510492742061615 785
1607666950101 0.3516259789466858 786
1607666950242 0.3515796661376953 787
1607666950376 0.35189542174339294 788
1607666950512 0.3519439101219177 789
1607666950648 0.35250380635261536 790
1607666950805 0.3526511788368225 791
1607666950957 0.35274794697761536 792
1607666951117 0.35292479395866394 793
1607666951282 0.3531016707420349 794
1607666951450 0.35362377762794495 795
1607666951602 0.35352465510368347 796
1607666951759 0.3536067605018616 797
1607666951907 0.3528468608856201 798
1607666952058 0.3524806499481201 799
1607666952212 0.35211026668548584 800
1607666952360 0.35159650444984436 801
1607666952523 0.3517860174179077 802
1607666952681 0.351421982049942 803
1607666952824 0.3522827923297882 804
1607666952977 0.35244718194007874 805
1607666953117 0.3525204360485077 806
1607666953255 0.353375643491745 807
1607666953388 0.3534843325614929 808
1607666953522 0.35412922501564026 809
1607666953661 0.3527246117591858 810
1607666953798 0.3527691066265106 811
1607666953932 0.3520491421222687 812
1607666954072 0.35234808921813965 813
1607666954207 0.3516218066215515 814
1607666954344 0.3514198064804077 815
1607666954477 0.3515523672103882 816
1607666954611 0.3518807888031006 817
1607666954742 0.3520722985267639 818
1607666954877 0.35209545493125916 819
1607666955017 0.3520386517047882 820
1607666955173 0.3521627187728882 821
1607666955314 0.3515019118785858 822
1607666955450 0.35143861174583435 823
1607666955589 0.3512621223926544 824
1607666955727 0.35102811455726624 825
1607666955885 0.35132524371147156 826
1607666956030 0.35085755586624146 827
1607666956182 0.35157153010368347 828
1607666956345 0.3515881896018982 829
1607666956492 0.3519587218761444 830
1607666956657 0.35181334614753723 831
1607666956812 0.35218822956085205 832
1607666956955 0.3518408238887787 833
1607666957088 0.3523314595222473 834
1607666957223 0.35151875019073486 835
1607666957363 0.3517082631587982 836
1607666957498 0.3509252071380615 837
1607666957632 0.3508893847465515 838
1607666957767 0.3507317006587982 839
1607666957908 0.3506872057914734 840
1607666958040 0.3511653542518616 841
1607666958180 0.3514156639575958 842
1607666958311 0.3518977761268616 843
1607666958444 0.3522976338863373 844
1607666958577 0.352781742811203 845
1607666958713 0.3528618812561035 846
1607666958844 0.3526112139225006 847
1607666958975 0.3519165813922882 848
1607666959116 0.3512492775917053 849
1607666959256 0.3509315252304077 850
1607666959391 0.35034415125846863 851
1607666959529 0.3500790297985077 852
1607666959664 0.349801242351532 853
1607666959819 0.34981390833854675 854
1607666959958 0.3501991033554077 855
1607666960092 0.3500685393810272 856
1607666960224 0.35060545802116394 857
1607666960361 0.3504747152328491 858
1607666960495 0.3512118458747864 859
1607666960652 0.3511355221271515 860
1607666960794 0.351857990026474 861
1607666960949 0.3523775637149811 862
1607666961130 0.3527902662754059 863
1607666961288 0.35336732864379883 864
1607666961446 0.3530846834182739 865
1607666961631 0.3537040650844574 866
1607666961789 0.3529016673564911 867
1607666961947 0.35227683186531067 868
1607666962098 0.3512935936450958 869
1607666962239 0.35079896450042725 870
1607666962393 0.35042011737823486 871
1607666962531 0.3503275215625763 872
1607666962670 0.35030436515808105 873
1607666962807 0.3507400155067444 874
1607666962940 0.3513190746307373 875
1607666963079 0.35213977098464966 876
1607666963215 0.3530345857143402 877
1607666963356 0.35349953174591064 878
1607666963493 0.35367459058761597 879
1607666963629 0.3537353575229645 880
1607666963766 0.3531481623649597 881
1607666963904 0.3525334596633911 882
1607666964038 0.35149577260017395 883
1607666964177 0.35104745626449585 884
1607666964315 0.3503126800060272 885
1607666964446 0.3505423665046692 886
1607666964584 0.3500748574733734 887
1607666964718 0.3503296673297882 888
1607666964855 0.35068559646606445 889
1607666964988 0.35092103481292725 890
1607666965118 0.3517865538597107 891
1607666965250 0.3514787554740906 892
1607666965385 0.35184335708618164 893
1607666965527 0.3519798815250397 894
1607666965664 0.3520621657371521 895
1607666965797 0.3518093526363373 896
1607666965952 0.351474791765213 897
1607666966096 0.351230651140213 898
1607666966261 0.3510769307613373 899
1607666966418 0.3509970009326935 900
1607666966574 0.35063692927360535 901
1607666966726 0.3506264388561249 902
1607666966953 0.350256085395813 903
1607666967096 0.35022225975990295 904
1607666967239 0.3501802980899811 905
1607666967372 0.35005587339401245 906
1607666967510 0.3501719832420349 907
1607666967652 0.3499632775783539 908
1607666967789 0.3503466844558716 909
1607666967916 0.34996113181114197 910
1607666968051 0.3495695888996124 911
1607666968195 0.3498477339744568 912
1607666968340 0.35022225975990295 913
1607666968481 0.35096117854118347 914
1607666968616 0.3513653874397278 915
1607666968756 0.3520366847515106 916
1607666968902 0.3522811830043793 917
1607666969043 0.35198405385017395 918
1607666969181 0.35133373737335205 919
1607666969335 0.3510033190250397 920
1607666969483 0.3504347503185272 921
1607666969617 0.35031938552856445 922
1607666969756 0.34965386986732483 923
1607666969891 0.34974464774131775 924
1607666970025 0.34927716851234436 925
1607666970156 0.3495509624481201 926
1607666970302 0.34974247217178345 927
1607666970436 0.34985822439193726 928
1607666970572 0.35038864612579346 929
1607666970707 0.3511528968811035 930
1607666970839 0.35182201862335205 931
1607666970977 0.35260525345802307 932
1607666971106 0.35306820273399353 933
1607666971247 0.3536870777606964 934
1607666971404 0.3535819947719574 935
1607666971558 0.3533627986907959 936
1607666971722 0.35324743390083313 937
1607666971878 0.3526891767978668 938
1607666972036 0.3524032533168793 939
1607666972196 0.35083696246147156 940
1607666972337 0.3505486845970154 941
1607666972485 0.34964555501937866 942
1607666972626 0.3496057689189911 943
1607666972762 0.349293977022171 944
1607666972891 0.34970468282699585 945
1607666973020 0.34977811574935913 946
1607666973148 0.35077619552612305 947
1607666973284 0.3509380519390106 948
1607666973424 0.3519759178161621 949
1607666973562 0.35220956802368164 950
1607666973697 0.35236725211143494 951
1607666973833 0.3518959879875183 952
1607666973973 0.35133373737335205 953
1607666974106 0.3516203761100769 954
1607666974250 0.35042643547058105 955
1607666974391 0.350430965423584 956
1607666974540 0.3494666814804077 957
1607666974685 0.34966886043548584 958
1607666974822 0.34926268458366394 959
1607666974963 0.3491382598876953 960
1607666975104 0.34921008348464966 961
1607666975251 0.3491341173648834 962
1607666975391 0.34954482316970825 963
1607666975521 0.34974029660224915 964
1607666975662 0.3503531813621521 965
1607666975815 0.350445419549942 966
1607666975966 0.3514561653137207 967
1607666976106 0.35166430473327637 968
1607666976257 0.35233578085899353 969
1607666976395 0.3524412214756012 970
1607666976550 0.3524135649204254 971
1607666976687 0.3524392247200012 972
1607666976835 0.3518558442592621 973
1607666976971 0.3513149321079254 974
1607666977110 0.35048574209213257 975
1607666977253 0.3501276671886444 976
1607666977390 0.3497784733772278 977
1607666977530 0.3494308888912201 978
1607666977670 0.3492543697357178 979
1607666977812 0.349226713180542 980
1607666977954 0.34980595111846924 981
1607666978091 0.3499549627304077 982
1607666978239 0.3508206605911255 983
1607666978384 0.35047057271003723 984
1607666978714 0.3514226973056793 985
1607666978861 0.3510494530200958 986
1607666978997 0.3515845537185669 987
1607666979128 0.3506707549095154 988
1607666979261 0.3505360186100006 989
1607666979397 0.35032570362091064 990
1607666979529 0.35014647245407104 991
1607666979661 0.3504794239997864 992
1607666979808 0.34998443722724915 993
1607666979945 0.35033202171325684 994
1607666980077 0.3501213490962982 995
1607666980218 0.3505067229270935 996
1607666980356 0.3504665791988373 997
1607666980493 0.3506709337234497 998
1607666980631 0.3504246175289154 999
