1607666839508 0.47393736243247986 0
1607666839655 0.46462905406951904 1
1607666839789 0.45680326223373413 2
1607666839927 0.45246219635009766 3
1607666840059 0.44634032249450684 4
1607666840196 0.4423721432685852 5
1607666840350 0.44024568796157837 6
1607666840488 0.4390219449996948 7
1607666840622 0.4383789002895355 8
1607666840757 0.43806830048561096 9
1607666840899 0.43731147050857544 10
1607666841037 0.43551284074783325 11
1607666841175 0.4345650374889374 12
1607666841304 0.4339379072189331 13
1607666841443 0.4336211383342743 14
1607666841578 0.4334504306316376 15
1607666841726 0.4316261112689972 16
1607666841874 0.4307790696620941 17
1607666842020 0.4300900995731354 18
1607666842153 0.4302765130996704 19
1607666842290 0.4300858974456787 20
1607666842418 0.4289496839046478 21
1607666842568 0.4277802109718323 22
1607666842706 0.42653095722198486 23
1607666842838 0.4253893494606018 24
1607666842974 0.42536064982414246 25
1607666843108 0.425459623336792 26
1607666843252 0.4250304400920868 27
1607666843390 0.4236021041870117 28
1607666843522 0.4212858974933624 29
1607666843654 0.41973796486854553 30
1607666843785 0.41882166266441345 31
1607666843919 0.4182910919189453 32
1607666844064 0.4176749587059021 33
1607666844209 0.41738250851631165 34
1607666844349 0.4177645444869995 35
1607666844486 0.4178767800331116 36
1607666844617 0.41637685894966125 37
1607666844747 0.4141221344470978 38
1607666844883 0.4128943383693695 39
1607666845013 0.41222262382507324 40
1607666845145 0.41212818026542664 41
1607666845274 0.41191089153289795 42
1607666845404 0.4110361933708191 43
1607666845540 0.41037890315055847 44
1607666845679 0.409859299659729 45
1607666845810 0.4086080491542816 46
1607666845938 0.4080662727355957 47
1607666846075 0.40749701857566833 48
1607666846209 0.4066629111766815 49
1607666846340 0.4063478410243988 50
1607666846469 0.40593644976615906 51
1607666846595 0.4050271213054657 52
1607666846726 0.4039060175418854 53
1607666846865 0.403505802154541 54
1607666846997 0.402739018201828 55
1607666847131 0.40209683775901794 56
1607666847264 0.40126243233680725 57
1607666847396 0.40111544728279114 58
1607666847528 0.401761919260025 59
1607666847660 0.40120452642440796 60
1607666847790 0.4009270668029785 61
1607666847921 0.39986905455589294 62
1607666848055 0.3977086842060089 63
1607666848189 0.3957931101322174 64
1607666848321 0.3944892883300781 65
1607666848454 0.3946464955806732 66
1607666848580 0.3950234651565552 67
1607666848713 0.3960072994232178 68
1607666848845 0.3965958058834076 69
1607666848975 0.3949168622493744 70
1607666849101 0.39416345953941345 71
1607666849237 0.39393508434295654 72
1607666849492 0.39384588599205017 73
1607666849626 0.39485347270965576 74
1607666849756 0.3953711986541748 75
1607666849890 0.3948366940021515 76
1607666850019 0.3925641179084778 77
1607666850148 0.3902246057987213 78
1607666850277 0.38896501064300537 79
1607666850407 0.3879781663417816 80
1607666850544 0.387910932302475 81
1607666850675 0.3885232210159302 82
1607666850808 0.3887140154838562 83
1607666850954 0.38836389780044556 84
1607666851082 0.3882811665534973 85
1607666851224 0.3874484896659851 86
1607666851365 0.38714370131492615 87
1607666851501 0.38647550344467163 88
1607666851640 0.385820597410202 89
1607666851771 0.385419636964798 90
1607666851921 0.3857539892196655 91
1607666852065 0.38558924198150635 92
1607666852194 0.3853936195373535 93
1607666852351 0.38586539030075073 94
1607666852486 0.38501089811325073 95
1607666852617 0.38587936758995056 96
1607666852762 0.3844190239906311 97
1607666852918 0.38287633657455444 98
1607666853058 0.3820008337497711 99
1607666853193 0.3814978003501892 100
1607666853322 0.38140150904655457 101
1607666853457 0.3806227743625641 102
1607666853612 0.37992802262306213 103
1607666853781 0.3795029819011688 104
1607666853936 0.3789558708667755 105
1607666854107 0.37938961386680603 106
1607666854245 0.37961962819099426 107
1607666854392 0.37991318106651306 108
1607666854546 0.37988728284835815 109
1607666854795 0.3799345791339874 110
1607666854951 0.37962913513183594 111
1607666855099 0.37915679812431335 112
1607666855250 0.3797893524169922 113
1607666855397 0.37928348779678345 114
1607666855554 0.3791877329349518 115
1607666855713 0.3790145218372345 116
1607666855850 0.37986087799072266 117
1607666855991 0.38005027174949646 118
1607666856126 0.38027718663215637 119
1607666856260 0.3797810971736908 120
1607666856390 0.3788413107395172 121
1607666856521 0.3772556185722351 122
1607666856656 0.3777267336845398 123
1607666856790 0.3772817850112915 124
1607666856924 0.3765535056591034 125
1607666857053 0.3760527968406677 126
1607666857182 0.37553009390830994 127
1607666857316 0.37517932057380676 128
1607666857445 0.37508928775787354 129
1607666857576 0.3748067319393158 130
1607666857711 0.3751790523529053 131
1607666857847 0.37587523460388184 132
1607666857975 0.37543371319770813 133
1607666858109 0.37570396065711975 134
1607666858238 0.3753584027290344 135
1607666858373 0.3752446174621582 136
1607666858502 0.3748506009578705 137
1607666858631 0.3744669258594513 138
1607666858760 0.3738030791282654 139
1607666858890 0.37338361144065857 140
1607666859023 0.3727973401546478 141
1607666859160 0.37281447649002075 142
1607666859293 0.37280604243278503 143
1607666859426 0.3732030987739563 144
1607666859559 0.3739676773548126 145
1607666859693 0.37469786405563354 146
1607666859832 0.37433061003685 147
1607666859963 0.37399956583976746 148
1607666860095 0.37482064962387085 149
1607666860235 0.37421277165412903 150
1607666860375 0.3750115633010864 151
1607666860526 0.3747561275959015 152
1607666860666 0.3740758001804352 153
1607666860806 0.3728942275047302 154
1607666860956 0.3723766803741455 155
1607666861091 0.37135404348373413 156
1607666861224 0.3711555004119873 157
1607666861365 0.3704944849014282 158
1607666861511 0.3704579770565033 159
1607666861648 0.37072673439979553 160
1607666861783 0.37100112438201904 161
1607666861921 0.3719087243080139 162
1607666862048 0.37236350774765015 163
1607666862178 0.3724552094936371 164
1607666862313 0.3716500997543335 165
1607666862442 0.371478796005249 166
1607666862582 0.37086424231529236 167
1607666862725 0.37029075622558594 168
1607666862864 0.3700113296508789 169
1607666862996 0.36949944496154785 170
1607666863132 0.3693515360355377 171
1607666863265 0.3693036437034607 172
1607666863416 0.36943089962005615 173
1607666863556 0.369331419467926 174
1607666863690 0.37020280957221985 175
1607666863818 0.37020671367645264 176
1607666863954 0.3710857331752777 177
1607666864109 0.37156224250793457 178
1607666864251 0.37182125449180603 179
1607666864384 0.37227556109428406 180
1607666864516 0.3712386190891266 181
1607666864652 0.37017929553985596 182
1607666864808 0.36690065264701843 183
1607666864950 0.3665682077407837 184
1607666865084 0.36613377928733826 185
1607666865223 0.36631643772125244 186
1607666865382 0.36678096652030945 187
1607666865524 0.36773255467414856 188
1607666865655 0.3699325919151306 189
1607666865788 0.37036773562431335 190
1607666865917 0.371207058429718 191
1607666866074 0.37075644731521606 192
1607666866208 0.37066611647605896 193
1607666866346 0.3690621256828308 194
1607666866496 0.36818885803222656 195
1607666866635 0.36739426851272583 196
1607666866787 0.3675999939441681 197
1607666866933 0.36727845668792725 198
1607666867090 0.36768683791160583 199
1607666867252 0.36861753463745117 200
1607666867410 0.3686915934085846 201
1607666867565 0.3683207333087921 202
1607666867715 0.36766675114631653 203
1607666867876 0.3670254945755005 204
1607666868034 0.3667728304862976 205
1607666868189 0.36613744497299194 206
1607666868342 0.3660011887550354 207
1607666868507 0.3662000298500061 208
1607666868660 0.3668012022972107 209
1607666868797 0.36762553453445435 210
1607666868929 0.3686976134777069 211
1607666869058 0.36886441707611084 212
1607666869192 0.3690684139728546 213
1607666869326 0.36820149421691895 214
1607666869459 0.36791473627090454 215
1607666869593 0.3670732080936432 216
1607666869726 0.3659437894821167 217
1607666869859 0.3655332624912262 218
1607666869989 0.3651024401187897 219
1607666870117 0.36511191725730896 220
1607666870244 0.36487770080566406 221
1607666870379 0.3650191128253937 222
1607666870513 0.3654719293117523 223
1607666870642 0.36547839641571045 224
1607666870772 0.36546334624290466 225
1607666870907 0.365915447473526 226
1607666871039 0.36624619364738464 227
1607666871179 0.3665069341659546 228
1607666871316 0.3659742772579193 229
1607666871451 0.3654559254646301 230
1607666871588 0.36520281434059143 231
1607666871727 0.3647097647190094 232
1607666871860 0.3644798994064331 233
1607666871996 0.3640062212944031 234
1607666872161 0.36445966362953186 235
1607666872288 0.36475828289985657 236
1607666872421 0.3656378388404846 237
1607666872554 0.3657388687133789 238
1607666872684 0.36647969484329224 239
1607666872823 0.36681610345840454 240
1607666872957 0.36634907126426697 241
1607666873093 0.365972638130188 242
1607666873224 0.3657376170158386 243
1607666873356 0.3658880293369293 244
1607666873492 0.3658681809902191 245
1607666873624 0.3661240339279175 246
1607666873764 0.36624953150749207 247
1607666873891 0.36604106426239014 248
1607666874034 0.3662639558315277 249
1607666874167 0.3657180368900299 250
1607666874305 0.36540353298187256 251
1607666874439 0.3647967576980591 252
1607666874572 0.36429429054260254 253
1607666874704 0.3640875518321991 254
1607666874837 0.36421632766723633 255
1607666874966 0.363461971282959 256
1607666875096 0.3635384440422058 257
1607666875237 0.3628655970096588 258
1607666875375 0.362932026386261 259
1607666875528 0.36286088824272156 260
1607666875664 0.3625466227531433 261
1607666875798 0.36296865344047546 262
1607666875927 0.3634578287601471 263
1607666876058 0.3635740280151367 264
1607666876215 0.36429956555366516 265
1607666876352 0.3649974763393402 266
1607666876489 0.36514604091644287 267
1607666876628 0.3657325208187103 268
1607666876762 0.36496734619140625 269
1607666876914 0.36437177658081055 270
1607666877054 0.36348527669906616 271
1607666877188 0.36247265338897705 272
1607666877324 0.361998975276947 273
1607666877461 0.3614673614501953 274
1607666877615 0.36132386326789856 275
1607666877759 0.36144179105758667 276
1607666877896 0.36154046654701233 277
1607666878034 0.36174362897872925 278
1607666878171 0.36193543672561646 279
1607666878321 0.36275139451026917 280
1607666878471 0.3629770874977112 281
1607666878605 0.36327701807022095 282
1607666878735 0.3635752499103546 283
1607666878880 0.364157497882843 284
1607666879039 0.3650684356689453 285
1607666879183 0.3665117919445038 286
1607666879342 0.3658147156238556 287
1607666879500 0.36577391624450684 288
1607666879655 0.36480066180229187 289
1607666879817 0.3647826611995697 290
1607666879970 0.3637663722038269 291
1607666880117 0.36271315813064575 292
1607666880257 0.36202454566955566 293
1607666880418 0.3616979718208313 294
1607666880572 0.3614213764667511 295
1607666880730 0.361716091632843 296
1607666880878 0.3619365096092224 297
1607666881009 0.362333744764328 298
1607666881153 0.36275964975357056 299
1607666881304 0.3626622259616852 300
1607666881442 0.3625919818878174 301
1607666881572 0.36215654015541077 302
1607666881718 0.3620632290840149 303
1607666881863 0.3615237772464752 304
1607666881998 0.36149367690086365 305
1607666882131 0.36113598942756653 306
1607666882262 0.3614747226238251 307
1607666882394 0.3616181015968323 308
1607666882526 0.3618674576282501 309
1607666882662 0.36285415291786194 310
1607666882803 0.3626709580421448 311
1607666882940 0.3637312054634094 312
1607666883078 0.36230146884918213 313
1607666883213 0.3621813654899597 314
1607666883349 0.36115652322769165 315
1607666883478 0.36074984073638916 316
1607666883614 0.3604619801044464 317
1607666883748 0.3600461781024933 318
1607666883874 0.3605831265449524 319
1607666883999 0.3604981303215027 320
1607666884136 0.36158883571624756 321
1607666884268 0.3612564206123352 322
1607666884402 0.36213940382003784 323
1607666884538 0.36162734031677246 324
1607666884665 0.36175456643104553 325
1607666884797 0.3616844415664673 326
1607666884929 0.36110424995422363 327
1607666885064 0.36111342906951904 328
1607666885193 0.3604145050048828 329
1607666885336 0.360774964094162 330
1607666885470 0.36031827330589294 331
1607666885611 0.36098185181617737 332
1607666885744 0.3605881929397583 333
1607666885877 0.3610033690929413 334
1607666886007 0.36133790016174316 335
1607666886146 0.36115890741348267 336
1607666886286 0.3616009056568146 337
1607666886415 0.3611002564430237 338
1607666886558 0.3611164391040802 339
1607666886691 0.3604532778263092 340
1607666886824 0.3605869710445404 341
1607666886960 0.3598587214946747 342
1607666887091 0.3602831959724426 343
1607666887223 0.3599321246147156 344
1607666887351 0.36041226983070374 345
1607666887485 0.35991573333740234 346
1607666887616 0.36017709970474243 347
1607666887750 0.35990819334983826 348
1607666887883 0.3603487014770508 349
1607666888016 0.35998308658599854 350
1607666888172 0.3599766492843628 351
1607666888307 0.3599299490451813 352
1607666888437 0.3598373234272003 353
1607666888572 0.36004194617271423 354
1607666888731 0.3606000542640686 355
1607666888891 0.3610343933105469 356
1607666889033 0.3611298203468323 357
1607666889173 0.36078208684921265 358
1607666889324 0.3603549897670746 359
1607666889465 0.36041760444641113 360
1607666889609 0.3592064380645752 361
1607666889753 0.35867759585380554 362
1607666889896 0.35832756757736206 363
1607666890028 0.35814210772514343 364
1607666890175 0.3574337065219879 365
1607666890354 0.35728055238723755 366
1607666890492 0.35814619064331055 367
1607666890628 0.3590300381183624 368
1607666890766 0.3601554334163666 369
1607666890898 0.3615734875202179 370
1607666891055 0.3621966540813446 371
1607666891209 0.3622828423976898 372
1607666891340 0.3619803488254547 373
1607666891480 0.36065658926963806 374
1607666891623 0.3598754107952118 375
1607666891788 0.3588601052761078 376
1607666891964 0.3577899634838104 377
1607666892122 0.35750919580459595 378
1607666892282 0.3572390675544739 379
1607666892438 0.35724493861198425 380
1607666892591 0.35736197233200073 381
1607666892746 0.35780438780784607 382
1607666892939 0.3582722544670105 383
1607666893090 0.358572781085968 384
1607666893231 0.35858651995658875 385
1607666893381 0.3592354357242584 386
1607666893535 0.3595917224884033 387
1607666893673 0.35983148217201233 388
1607666893805 0.36017143726348877 389
1607666893938 0.3597664535045624 390
1607666894066 0.3607974052429199 391
1607666894200 0.3600703477859497 392
1607666894339 0.35999172925949097 393
1607666894474 0.35958465933799744 394
1607666894609 0.3589647114276886 395
1607666894741 0.35903438925743103 396
1607666894883 0.35877135396003723 397
1607666895020 0.35936039686203003 398
1607666895156 0.35945528745651245 399
1607666895291 0.3597829341888428 400
1607666895431 0.3598555624485016 401
1607666895577 0.3596494197845459 402
1607666895715 0.35911574959754944 403
1607666895851 0.35860902070999146 404
1607666895986 0.35802435874938965 405
1607666896127 0.3573826551437378 406
1607666896273 0.35683655738830566 407
1607666896405 0.35712873935699463 408
1607666896536 0.35730889439582825 409
1607666896665 0.357776403427124 410
1607666896807 0.3589240312576294 411
1607666896964 0.35956498980522156 412
1607666897113 0.36036500334739685 413
1607666897248 0.36024239659309387 414
1607666897378 0.3593314290046692 415
1607666897512 0.35896092653274536 416
1607666897646 0.358521431684494 417
1607666897772 0.35794907808303833 418
1607666897901 0.35773369669914246 419
1607666898042 0.3578614592552185 420
1607666898172 0.3580600321292877 421
1607666898307 0.35885122418403625 422
1607666898449 0.35866886377334595 423
1607666898584 0.35898515582084656 424
1607666898721 0.3588447570800781 425
1607666898860 0.35853490233421326 426
1607666899006 0.358498752117157 427
1607666899152 0.3577614724636078 428
1607666899289 0.35772156715393066 429
1607666899423 0.3570895195007324 430
1607666899560 0.3570316731929779 431
1607666899721 0.35668593645095825 432
1607666899859 0.3569297194480896 433
1607666899992 0.356812983751297 434
1607666900123 0.3571113646030426 435
1607666900257 0.35736995935440063 436
1607666900409 0.35769349336624146 437
1607666900554 0.3588601350784302 438
1607666900695 0.358981192111969 439
1607666900828 0.3591448664665222 440
1607666900962 0.3594789505004883 441
1607666901121 0.35904550552368164 442
1607666901262 0.3592526316642761 443
1607666901396 0.35847949981689453 444
1607666901530 0.35793930292129517 445
1607666901666 0.35713690519332886 446
1607666901826 0.35662293434143066 447
1607666901979 0.3566473722457886 448
1607666902110 0.35633987188339233 449
1607666902245 0.35665252804756165 450
1607666902375 0.35730963945388794 451
1607666902528 0.35815584659576416 452
1607666902672 0.35947754979133606 453
1607666902808 0.35972142219543457 454
1607666902940 0.36085882782936096 455
1607666903084 0.36017289757728577 456
1607666903251 0.3600858449935913 457
1607666903399 0.35830190777778625 458
1607666903531 0.3580092787742615 459
1607666903665 0.3571663796901703 460
1607666903800 0.35647302865982056 461
1607666903955 0.3561170697212219 462
1607666904106 0.3556431233882904 463
1607666904261 0.3557847738265991 464
1607666904416 0.3555699288845062 465
1607666904586 0.35601291060447693 466
1607666904734 0.35599541664123535 467
1607666904891 0.35624492168426514 468
1607666905045 0.3564913272857666 469
1607666905253 0.3573273718357086 470
1607666905421 0.3571819067001343 471
1607666905582 0.35800838470458984 472
1607666905727 0.3573392629623413 473
1607666905870 0.3579866588115692 474
1607666906009 0.35763266682624817 475
1607666906152 0.35729363560676575 476
1607666906291 0.35711684823036194 477
1607666906427 0.3563404083251953 478
1607666906560 0.35638245940208435 479
1607666906708 0.35575610399246216 480
1607666906848 0.356047660112381 481
1607666906980 0.35571855306625366 482
1607666907117 0.3560180068016052 483
1607666907252 0.35602110624313354 484
1607666907402 0.3558366894721985 485
1607666907544 0.35594356060028076 486
1607666907686 0.3559616506099701 487
1607666907819 0.3561282455921173 488
1607666907954 0.3560866415500641 489
1607666908090 0.3561316132545471 490
1607666908231 0.3562566339969635 491
1607666908372 0.3563900291919708 492
1607666908504 0.35641494393348694 493
1607666908641 0.3561447560787201 494
1607666908778 0.35650429129600525 495
1607666908911 0.356416791677475 496
1607666909045 0.35648980736732483 497
1607666909176 0.3559578061103821 498
1607666909308 0.3561340868473053 499
1607666909442 0.35592859983444214 500
1607666909583 0.3563225567340851 501
1607666909717 0.35620924830436707 502
1607666909849 0.3560391664505005 503
1607666909984 0.35641250014305115 504
1607666910117 0.3564077317714691 505
1607666910256 0.35708725452423096 506
1607666910388 0.3573979437351227 507
1607666910522 0.35722947120666504 508
1607666910656 0.3577360510826111 509
1607666910791 0.35676196217536926 510
1607666910927 0.35712355375289917 511
1607666911061 0.3567848801612854 512
1607666911194 0.356513112783432 513
1607666911324 0.3563385605812073 514
1607666911462 0.3562731146812439 515
1607666911594 0.35650327801704407 516
1607666911732 0.35657230019569397 517
1607666911871 0.35634011030197144 518
1607666912012 0.35654619336128235 519
1607666912145 0.3560740649700165 520
1607666912283 0.356518030166626 521
1607666912417 0.35550081729888916 522
1607666912567 0.35576409101486206 523
1607666912712 0.3550601005554199 524
1607666912843 0.3553756773471832 525
1607666912977 0.3552715480327606 526
1607666913113 0.3552645444869995 527
1607666913266 0.355374813079834 528
1607666913578 0.3559424579143524 529
1607666913709 0.35584259033203125 530
1607666913844 0.355623722076416 531
1607666913977 0.3554224669933319 532
1607666914123 0.35535910725593567 533
1607666914270 0.3560655117034912 534
1607666914400 0.3562752604484558 535
1607666914539 0.3569640517234802 536
1607666914701 0.3580460846424103 537
1607666914845 0.35845711827278137 538
1607666914978 0.3590324819087982 539
1607666915113 0.3581923544406891 540
1607666915243 0.35715213418006897 541
1607666915374 0.35536107420921326 542
1607666915512 0.3547838628292084 543
1607666915648 0.3536313772201538 544
1607666915809 0.35317742824554443 545
1607666915977 0.3527301847934723 546
1607666916129 0.3518540859222412 547
1607666916292 0.35203394293785095 548
1607666916440 0.35232481360435486 549
1607666916610 0.35290470719337463 550
1607666916765 0.3540984094142914 551
1607666916926 0.3551892638206482 552
1607666917109 0.3563823997974396 553
1607666917257 0.3574661612510681 554
1607666917416 0.3573034107685089 555
1607666917573 0.357667475938797 556
1607666917725 0.356901615858078 557
1607666917865 0.35613498091697693 558
1607666917999 0.3548279404640198 559
1607666918131 0.3543064296245575 560
1607666918268 0.3535892367362976 561
1607666918410 0.35357874631881714 562
1607666918552 0.3530934751033783 563
1607666918690 0.3532174229621887 564
1607666918822 0.35334905982017517 565
1607666918951 0.3536432385444641 566
1607666919083 0.3544163703918457 567
1607666919216 0.3551082909107208 568
1607666919352 0.35637104511260986 569
1607666919490 0.3569754958152771 570
1607666919621 0.35816285014152527 571
1607666919754 0.35816922783851624 572
1607666919882 0.3584761321544647 573
1607666920016 0.3569128215312958 574
1607666920148 0.3569232225418091 575
1607666920278 0.35546258091926575 576
1607666920415 0.35459333658218384 577
1607666920551 0.3540276288986206 578
1607666920687 0.35337895154953003 579
1607666920828 0.3533902168273926 580
1607666920959 0.3537023067474365 581
1607666921094 0.3540353775024414 582
1607666921225 0.35453566908836365 583
1607666921356 0.3552016317844391 584
1607666921486 0.35539382696151733 585
1607666921619 0.3559360206127167 586
1607666921753 0.35529646277427673 587
1607666921889 0.3549487888813019 588
1607666922022 0.35454124212265015 589
1607666922159 0.35408809781074524 590
1607666922295 0.35397762060165405 591
1607666922425 0.3539854884147644 592
1607666922557 0.35391420125961304 593
1607666922688 0.3541976511478424 594
1607666922825 0.35406115651130676 595
1607666922958 0.3544034957885742 596
1607666923094 0.3546813130378723 597
1607666923235 0.35486340522766113 598
1607666923367 0.35490095615386963 599
1607666923502 0.3552590310573578 600
1607666923634 0.3558592200279236 601
1607666923766 0.3559713065624237 602
1607666923908 0.35633397102355957 603
1607666924046 0.357014536857605 604
1607666924177 0.3568875789642334 605
1607666924311 0.3570239543914795 606
1607666924445 0.35610440373420715 607
1607666924601 0.3569161891937256 608
1607666924741 0.3560614585876465 609
1607666924870 0.3556153476238251 610
1607666925003 0.3544837236404419 611
1607666925135 0.3540092408657074 612
1607666925288 0.35373446345329285 613
1607666925425 0.3529306650161743 614
1607666925564 0.3527858853340149 615
1607666925705 0.35244736075401306 616
1607666925836 0.3529277741909027 617
1607666925991 0.3534815013408661 618
1607666926126 0.3538403809070587 619
1607666926266 0.3549419343471527 620
1607666926407 0.35532891750335693 621
1607666926545 0.3563408851623535 622
1607666926709 0.3558122217655182 623
1607666926852 0.35583099722862244 624
1607666926984 0.3554995357990265 625
1607666927117 0.3549019396305084 626
1607666927278 0.35423940420150757 627
1607666927411 0.35351577401161194 628
1607666927542 0.3532315194606781 629
1607666927677 0.35255101323127747 630
1607666927810 0.3522687256336212 631
1607666927959 0.35218334197998047 632
1607666928206 0.352155864238739 633
1607666928359 0.3524322211742401 634
1607666928520 0.35273274779319763 635
1607666928676 0.3530893623828888 636
1607666928827 0.35386547446250916 637
1607666928986 0.3541926145553589 638
1607666929143 0.3548711836338043 639
1607666929299 0.3555181324481964 640
1607666929452 0.3554201126098633 641
1607666929608 0.355768084526062 642
1607666929776 0.35501521825790405 643
1607666929932 0.3549964129924774 644
1607666930064 0.3545668423175812 645
1607666930195 0.3539838492870331 646
1607666930336 0.3533495366573334 647
1607666930474 0.35356616973876953 648
1607666930602 0.35307759046554565 649
1607666930738 0.35352325439453125 650
1607666930874 0.35377997159957886 651
1607666931011 0.35376086831092834 652
1607666931143 0.35421261191368103 653
1607666931269 0.35361891984939575 654
1607666931399 0.3538658320903778 655
1607666931526 0.35334399342536926 656
1607666931663 0.35303786396980286 657
1607666931795 0.3527681827545166 658
1607666931928 0.35251525044441223 659
1607666932066 0.3524309992790222 660
1607666932208 0.3525717854499817 661
1607666932345 0.3526739180088043 662
1607666932474 0.35313543677330017 663
1607666932610 0.3533797562122345 664
1607666932751 0.3539222478866577 665
1607666932882 0.3543306291103363 666
1607666933022 0.3547123074531555 667
1607666933160 0.354396253824234 668
1607666933294 0.35446545481681824 669
1607666933438 0.35415396094322205 670
1607666933574 0.3538551926612854 671
1607666933717 0.3534892201423645 672
1607666933850 0.3531801998615265 673
1607666933984 0.35338112711906433 674
1607666934123 0.3531436324119568 675
1607666934255 0.35327139496803284 676
1607666934386 0.3530045449733734 677
1607666934535 0.3531898260116577 678
1607666934683 0.3534727096557617 679
1607666934827 0.35351651906967163 680
1607666934965 0.35370150208473206 681
1607666935101 0.35389041900634766 682
1607666935233 0.3541778028011322 683
1607666935371 0.35435226559638977 684
1607666935515 0.354505330324173 685
1607666935649 0.3546181619167328 686
1607666935792 0.354516863822937 687
1607666935950 0.3545781075954437 688
1607666936093 0.35407817363739014 689
1607666936230 0.35394689440727234 690
1607666936372 0.35370707511901855 691
1607666936501 0.3536790609359741 692
1607666936650 0.3532727360725403 693
1607666936794 0.35281670093536377 694
1607666936925 0.3526962697505951 695
1607666937059 0.3534383177757263 696
1607666937191 0.35307565331459045 697
1607666937343 0.35365158319473267 698
1607666937481 0.3531441390514374 699
1607666937621 0.35392996668815613 700
1607666937758 0.35408270359039307 701
1607666937892 0.3538164496421814 702
1607666938047 0.3537197411060333 703
1607666938185 0.35341954231262207 704
1607666938333 0.3538595139980316 705
1607666938469 0.3535900115966797 706
1607666938604 0.3539576232433319 707
1607666938761 0.353597491979599 708
1607666938896 0.3536500334739685 709
1607666939027 0.35299864411354065 710
1607666939164 0.35318607091903687 711
1607666939297 0.3528609573841095 712
1607666939450 0.3528519570827484 713
1607666939596 0.35278135538101196 714
1607666939733 0.35272297263145447 715
1607666939869 0.35303884744644165 716
1607666940004 0.3525662422180176 717
1607666940164 0.3527897894382477 718
1607666940339 0.3523653745651245 719
1607666940568 0.35230910778045654 720
1607666940718 0.35220563411712646 721
1607666940880 0.3522839844226837 722
1607666941050 0.3524855375289917 723
1607666941201 0.3525764048099518 724
1607666941370 0.352694034576416 725
1607666941517 0.35254284739494324 726
1607666941674 0.35288316011428833 727
1607666941859 0.3523162305355072 728
1607666942019 0.3513939082622528 729
1607666942169 0.3511846363544464 730
1607666942324 0.35121917724609375 731
1607666942480 0.35177290439605713 732
1607666942633 0.3519117832183838 733
1607666942864 0.35234692692756653 734
1607666943007 0.35292139649391174 735
1607666943159 0.35320067405700684 736
1607666943304 0.3538583219051361 737
1607666943443 0.3537236154079437 738
1607666943580 0.3539077043533325 739
1607666943715 0.3538746237754822 740
1607666943856 0.354114294052124 741
1607666943992 0.35366135835647583 742
1607666944134 0.3534804880619049 743
1607666944294 0.3527379631996155 744
1607666944443 0.3526458740234375 745
1607666944590 0.3526709973812103 746
1607666944725 0.35249921679496765 747
1607666944870 0.35286375880241394 748
1607666945003 0.35240674018859863 749
1607666945143 0.3528674840927124 750
1607666945278 0.3532676696777344 751
1607666945425 0.35328906774520874 752
1607666945565 0.353502482175827 753
1607666945699 0.3534737229347229 754
1607666945834 0.35425108671188354 755
1607666945965 0.354071706533432 756
1607666946104 0.353914737701416 757
1607666946242 0.3536507487297058 758
1607666946385 0.3531498312950134 759
1607666946520 0.35301634669303894 760
1607666946656 0.3520054817199707 761
1607666946789 0.35157379508018494 762
1607666946919 0.35069936513900757 763
1607666947053 0.35059282183647156 764
1607666947188 0.34995537996292114 765
1607666947327 0.3501558005809784 766
1607666947464 0.35019922256469727 767
1607666947608 0.35045433044433594 768
1607666947745 0.35106903314590454 769
1607666947883 0.3515518009662628 770
1607666948015 0.35289904475212097 771
1607666948152 0.35345810651779175 772
1607666948292 0.3538731038570404 773
1607666948426 0.3538232445716858 774
1607666948557 0.3539411127567291 775
1607666948690 0.35370051860809326 776
1607666948834 0.35346516966819763 777
1607666948975 0.3530760407447815 778
1607666949110 0.35252776741981506 779
1607666949255 0.35188859701156616 780
1607666949399 0.3515349328517914 781
1607666949540 0.3514679968357086 782
1607666949675 0.3511880934238434 783
1607666949825 0.3509836494922638 784
1607666949961 0.35105040669441223 785
1607666950101 0.3516017496585846 786
1607666950242 0.35154950618743896 787
1607666950376 0.351907342672348 788
1607666950512 0.3519388437271118 789
1607666950648 0.35249873995780945 790
1607666950805 0.35262683033943176 791
1607666950957 0.3527398407459259 792
1607666951117 0.35291263461112976 793
1607666951282 0.3531261384487152 794
1607666951450 0.35357725620269775 795
1607666951602 0.35352665185928345 796
1607666951759 0.3535851538181305 797
1607666951907 0.35281914472579956 798
1607666952058 0.3524891138076782 799
1607666952212 0.35212987661361694 800
1607666952360 0.35156628489494324 801
1607666952523 0.35180604457855225 802
1607666952681 0.351446270942688 803
1607666952824 0.3522886037826538 804
1607666952977 0.35243332386016846 805
1607666953117 0.3525267541408539 806
1607666953255 0.35338765382766724 807
1607666953388 0.35344237089157104 808
1607666953522 0.3541416823863983 809
1607666953661 0.35271695256233215 810
1607666953798 0.35279566049575806 811
1607666953932 0.35203105211257935 812
1607666954072 0.35235169529914856 813
1607666954207 0.35159581899642944 814
1607666954344 0.3514353036880493 815
1607666954477 0.35156551003456116 816
1607666954611 0.3518514037132263 817
1607666954742 0.3520488440990448 818
1607666954877 0.3520765006542206 819
1607666955017 0.35201770067214966 820
1607666955173 0.35215747356414795 821
1607666955314 0.35149088501930237 822
1607666955450 0.35146600008010864 823
1607666955589 0.3513016700744629 824
1607666955727 0.3510379195213318 825
1607666955885 0.35131901502609253 826
1607666956030 0.3508724272251129 827
1607666956182 0.35154494643211365 828
1607666956345 0.3515974283218384 829
1607666956492 0.3519538342952728 830
1607666956657 0.3518197238445282 831
1607666956812 0.3521660566329956 832
1607666956955 0.3518911302089691 833
1607666957088 0.3523485064506531 834
1607666957223 0.3514914810657501 835
1607666957363 0.35170891880989075 836
1607666957498 0.3509381413459778 837
1607666957632 0.3509030342102051 838
1607666957767 0.3507193922996521 839
1607666957908 0.35069337487220764 840
1607666958040 0.35116830468177795 841
1607666958180 0.35142022371292114 842
1607666958311 0.3519110679626465 843
1607666958444 0.3523154556751251 844
1607666958577 0.3527939021587372 845
1607666958713 0.35284867882728577 846
1607666958844 0.35259467363357544 847
1607666958975 0.3519187867641449 848
1607666959116 0.35127171874046326 849
1607666959256 0.3509081304073334 850
1607666959391 0.3503206670284271 851
1607666959529 0.3500560522079468 852
1607666959664 0.34979405999183655 853
1607666959819 0.3498031198978424 854
1607666959958 0.3501937687397003 855
1607666960092 0.3500683307647705 856
1607666960224 0.35057851672172546 857
1607666960361 0.35047876834869385 858
1607666960495 0.35121235251426697 859
1607666960652 0.35111281275749207 860
1607666960794 0.3518388569355011 861
1607666960949 0.3524002730846405 862
1607666961130 0.352804034948349 863
1607666961288 0.35335519909858704 864
1607666961446 0.35309332609176636 865
1607666961631 0.3537137806415558 866
1607666961789 0.35288453102111816 867
1607666961947 0.3522628843784332 868
1607666962098 0.3512561321258545 869
1607666962239 0.350807249546051 870
1607666962393 0.3504393696784973 871
1607666962531 0.35032516717910767 872
1607666962670 0.35031068325042725 873
1607666962807 0.35072436928749084 874
1607666962940 0.35131973028182983 875
1607666963079 0.35212764143943787 876
1607666963215 0.3530043959617615 877
1607666963356 0.3535100519657135 878
1607666963493 0.35368821024894714 879
1607666963629 0.3537575602531433 880
1607666963766 0.35315757989883423 881
1607666963904 0.35257646441459656 882
1607666964038 0.351476788520813 883
1607666964177 0.3510400950908661 884
1607666964315 0.35028088092803955 885
1607666964446 0.35053345561027527 886
1607666964584 0.3500497341156006 887
1607666964718 0.3503246307373047 888
1607666964855 0.35071223974227905 889
1607666964988 0.3509189784526825 890
1607666965118 0.35177725553512573 891
1607666965250 0.3514525592327118 892
1607666965385 0.3518597185611725 893
1607666965527 0.3519430160522461 894
1607666965664 0.3520689010620117 895
1607666965797 0.3518191874027252 896
1607666965952 0.3514050841331482 897
1607666966096 0.35124891996383667 898
1607666966261 0.3510878384113312 899
1607666966418 0.35099485516548157 900
1607666966574 0.3506598472595215 901
1607666966726 0.35062432289123535 902
1607666966953 0.35026445984840393 903
1607666967096 0.3501940369606018 904
1607666967239 0.35017865896224976 905
1607666967372 0.3500470519065857 906
1607666967510 0.3501633107662201 907
1607666967652 0.3499389886856079 908
1607666967789 0.3503413796424866 909
1607666967916 0.34994420409202576 910
1607666968051 0.34956449270248413 911
1607666968195 0.3498346507549286 912
1607666968340 0.35022079944610596 913
1607666968481 0.35096821188926697 914
1607666968616 0.3513380289077759 915
1607666968756 0.35203659534454346 916
1607666968902 0.35228097438812256 917
1607666969043 0.35195857286453247 918
1607666969181 0.3513222932815552 919
1607666969335 0.3510136604309082 920
1607666969483 0.3504263460636139 921
1607666969617 0.350337952375412 922
1607666969756 0.3496483862400055 923
1607666969891 0.3497440814971924 924
1607666970025 0.34924566745758057 925
1607666970156 0.3495310842990875 926
1607666970302 0.3497321605682373 927
1607666970436 0.3498641848564148 928
1607666970572 0.35039976239204407 929
1607666970707 0.35114574432373047 930
1607666970839 0.35180845856666565 931
1607666970977 0.352613240480423 932
1607666971106 0.3530215919017792 933
1607666971247 0.3536571264266968 934
1607666971404 0.35357666015625 935
1607666971558 0.3533666729927063 936
1607666971722 0.3532542288303375 937
1607666971878 0.3526603579521179 938
1607666972036 0.3524117171764374 939
1607666972196 0.3508538007736206 940
1607666972337 0.35055649280548096 941
1607666972485 0.3496488928794861 942
1607666972626 0.3496265411376953 943
1607666972762 0.3492836058139801 944
1607666972891 0.3496747612953186 945
1607666973020 0.34974047541618347 946
1607666973148 0.3507738411426544 947
1607666973284 0.35091570019721985 948
1607666973424 0.35198521614074707 949
1607666973562 0.3521686792373657 950
1607666973697 0.3523843586444855 951
1607666973833 0.3518860638141632 952
1607666973973 0.3513234555721283 953
1607666974106 0.3515964448451996 954
1607666974250 0.35045763850212097 955
1607666974391 0.3504391014575958 956
1607666974540 0.34948617219924927 957
1607666974685 0.3496561348438263 958
1607666974822 0.3492666184902191 959
1607666974963 0.3491545617580414 960
1607666975104 0.34921249747276306 961
1607666975251 0.3491598665714264 962
1607666975391 0.3495100736618042 963
1607666975521 0.3497420847415924 964
1607666975662 0.3503374457359314 965
1607666975815 0.35044682025909424 966
1607666975966 0.35143542289733887 967
1607666976106 0.35162606835365295 968
1607666976257 0.3523300588130951 969
1607666976395 0.3524065613746643 970
1607666976550 0.3524128794670105 971
1607666976687 0.3524332344532013 972
1607666976835 0.3518524169921875 973
1607666976971 0.3513078987598419 974
1607666977110 0.3504730761051178 975
1607666977253 0.35012438893318176 976
1607666977390 0.3497709035873413 977
1607666977530 0.3494167923927307 978
1607666977670 0.34926268458366394 979
1607666977812 0.3491643965244293 980
1607666977954 0.3498017489910126 981
1607666978091 0.3499351143836975 982
1607666978239 0.35081133246421814 983
1607666978384 0.35045307874679565 984
1607666978714 0.35138264298439026 985
1607666978861 0.3510512113571167 986
1607666978997 0.35154181718826294 987
1607666979128 0.35066932439804077 988
1607666979261 0.35048791766166687 989
1607666979397 0.3503345251083374 990
1607666979529 0.35012802481651306 991
1607666979661 0.35050347447395325 992
1607666979808 0.3499746024608612 993
1607666979945 0.3503258228302002 994
1607666980077 0.3501179814338684 995
1607666980218 0.3505118489265442 996
1607666980356 0.35046786069869995 997
1607666980493 0.3506789207458496 998
1607666980631 0.3504149615764618 999
