1607609479325 0.47393980622291565 0
1607609479449 0.46467986702919006 1
1607609479565 0.45690733194351196 2
1607609479682 0.4526650309562683 3
1607609479797 0.4461294114589691 4
1607609479911 0.44244474172592163 5
1607609480030 0.44030261039733887 6
1607609480149 0.43904703855514526 7
1607609480265 0.43844884634017944 8
1607609480379 0.4382537305355072 9
1607609480500 0.43731191754341125 10
1607609480617 0.43555718660354614 11
1607609480740 0.43470263481140137 12
1607609480858 0.43427717685699463 13
1607609480979 0.43336308002471924 14
1607609481108 0.4331343472003937 15
1607609481233 0.43209847807884216 16
1607609481360 0.43118056654930115 17
1607609481477 0.4313611388206482 18
1607609481598 0.4311502277851105 19
1607609481718 0.43011659383773804 20
1607609481841 0.4283553659915924 21
1607609481963 0.4265071153640747 22
1607609482087 0.4254646301269531 23
1607609482203 0.4254313111305237 24
1607609482327 0.42581090331077576 25
1607609482450 0.4259624183177948 26
1607609482576 0.4246930181980133 27
1607609482699 0.42336758971214294 28
1607609482819 0.42268630862236023 29
1607609482934 0.42200222611427307 30
1607609483055 0.42138105630874634 31
1607609483181 0.4203586280345917 32
1607609483301 0.41910794377326965 33
1607609483415 0.4169999659061432 34
1607609483531 0.4157354533672333 35
1607609483652 0.41509494185447693 36
1607609483776 0.41526874899864197 37
1607609483897 0.41590026021003723 38
1607609484011 0.4157298803329468 39
1607609484129 0.4152425527572632 40
1607609484258 0.41292449831962585 41
1607609484377 0.4107497036457062 42
1607609484494 0.40956059098243713 43
1607609484611 0.408876895904541 44
1607609484733 0.408599853515625 45
1607609484849 0.408430814743042 46
1607609484965 0.4079922139644623 47
1607609485086 0.40734654664993286 48
1607609485202 0.40626707673072815 49
1607609485324 0.4058946967124939 50
1607609485450 0.40585774183273315 51
1607609485568 0.4063100814819336 52
1607609485692 0.4069182574748993 53
1607609485816 0.4065924882888794 54
1607609485935 0.40399202704429626 55
1607609486053 0.401946485042572 56
1607609486168 0.40082651376724243 57
1607609486292 0.40025594830513 58
1607609486417 0.4001253843307495 59
1607609486538 0.4004238247871399 60
1607609486658 0.39948514103889465 61
1607609486792 0.3990360200405121 62
1607609486908 0.3987468481063843 63
1607609487022 0.3980240821838379 64
1607609487138 0.3974958062171936 65
1607609487261 0.396732360124588 66
1607609487377 0.3962348997592926 67
1607609487500 0.39567187428474426 68
1607609487630 0.3955017030239105 69
1607609487754 0.3954111933708191 70
1607609487879 0.395378053188324 71
1607609487998 0.39606326818466187 72
1607609488119 0.39501163363456726 73
1607609488235 0.392995685338974 74
1607609488349 0.39112037420272827 75
1607609488463 0.3895542025566101 76
1607609488584 0.38942641019821167 77
1607609488712 0.3898513913154602 78
1607609488835 0.3906768262386322 79
1607609488953 0.3916645050048828 80
1607609489079 0.3923773765563965 81
1607609489202 0.39089807868003845 82
1607609489323 0.38925161957740784 83
1607609489440 0.3870617151260376 84
1607609489568 0.3863552510738373 85
1607609489692 0.38591551780700684 86
1607609489821 0.38622984290122986 87
1607609489942 0.3868725597858429 88
1607609490059 0.3873104751110077 89
1607609490187 0.3883441984653473 90
1607609490308 0.38836947083473206 91
1607609490446 0.3863837420940399 92
1607609490572 0.3840314447879791 93
1607609490697 0.3823169767856598 94
1607609490826 0.3816889524459839 95
1607609490951 0.380999356508255 96
1607609491089 0.3807567358016968 97
1607609491219 0.3809661269187927 98
1607609491349 0.38227543234825134 99
1607609491469 0.38321349024772644 100
1607609491585 0.384051114320755 101
1607609491721 0.3830491006374359 102
1607609491846 0.3822438418865204 103
1607609491971 0.3812433183193207 104
1607609492093 0.3802354633808136 105
1607609492213 0.37996867299079895 106
1607609492356 0.37963610887527466 107
1607609492479 0.38007813692092896 108
1607609492612 0.3803330659866333 109
1607609492741 0.3805926740169525 110
1607609492859 0.3808494806289673 111
1607609492999 0.3805575370788574 112
1607609493143 0.38019847869873047 113
1607609493298 0.3794287145137787 114
1607609493459 0.3790030777454376 115
1607609493590 0.3796199560165405 116
1607609493746 0.379239946603775 117
1607609493897 0.3796728849411011 118
1607609494021 0.3792444169521332 119
1607609494149 0.37973126769065857 120
1607609494293 0.3793300688266754 121
1607609494437 0.3792394697666168 122
1607609494593 0.3790750801563263 123
1607609494747 0.3784560263156891 124
1607609494876 0.3785279095172882 125
1607609494997 0.3778272271156311 126
1607609495117 0.3765908181667328 127
1607609495240 0.3759920299053192 128
1607609495359 0.3758901059627533 129
1607609495481 0.3758604824542999 130
1607609495606 0.37579092383384705 131
1607609495724 0.37609463930130005 132
1607609495842 0.375665545463562 133
1607609495961 0.37592899799346924 134
1607609496077 0.37665417790412903 135
1607609496194 0.37602975964546204 136
1607609496311 0.3761715292930603 137
1607609496437 0.37547409534454346 138
1607609496557 0.37496674060821533 139
1607609496683 0.37526750564575195 140
1607609496951 0.37481769919395447 141
1607609497082 0.3742482662200928 142
1607609497200 0.3737298250198364 143
1607609497332 0.373617947101593 144
1607609497450 0.3738948702812195 145
1607609497568 0.37376460433006287 146
1607609497686 0.3730970323085785 147
1607609497808 0.37339550256729126 148
1607609497933 0.3732379972934723 149
1607609498048 0.3739168643951416 150
1607609498163 0.3734685480594635 151
1607609498284 0.3735535442829132 152
1607609498401 0.37306252121925354 153
1607609498521 0.37252792716026306 154
1607609498640 0.371580570936203 155
1607609498754 0.3712451756000519 156
1607609498877 0.37037548422813416 157
1607609498991 0.3700943887233734 158
1607609499112 0.37029266357421875 159
1607609499235 0.3705507516860962 160
1607609499357 0.37147653102874756 161
1607609499472 0.37236952781677246 162
1607609499591 0.37308183312416077 163
1607609499704 0.373189240694046 164
1607609499828 0.3724637031555176 165
1607609499945 0.37178176641464233 166
1607609500067 0.37099626660346985 167
1607609500183 0.3708624541759491 168
1607609500295 0.3698510527610779 169
1607609500409 0.3701061010360718 170
1607609500525 0.37012428045272827 171
1607609500650 0.37059465050697327 172
1607609500770 0.3710032105445862 173
1607609500906 0.3713255226612091 174
1607609501035 0.3709140121936798 175
1607609501150 0.370932400226593 176
1607609501270 0.37057697772979736 177
1607609501383 0.3702543079853058 178
1607609501527 0.3692963421344757 179
1607609501656 0.36899811029434204 180
1607609501772 0.36843591928482056 181
1607609501902 0.3686619997024536 182
1607609502034 0.3689002990722656 183
1607609502172 0.3692249357700348 184
1607609502299 0.36976879835128784 185
1607609502423 0.3705150783061981 186
1607609502547 0.3711227476596832 187
1607609502667 0.37104934453964233 188
1607609502807 0.3713614046573639 189
1607609502930 0.37052977085113525 190
1607609503052 0.3701549172401428 191
1607609503169 0.3694482743740082 192
1607609503287 0.3689021170139313 193
1607609503421 0.36880189180374146 194
1607609503544 0.3680649697780609 195
1607609503659 0.36833927035331726 196
1607609503774 0.36822405457496643 197
1607609503891 0.368348628282547 198
1607609504036 0.36880457401275635 199
1607609504165 0.36869364976882935 200
1607609504288 0.3690517246723175 201
1607609504407 0.3693704903125763 202
1607609504530 0.36863526701927185 203
1607609504675 0.36809688806533813 204
1607609504801 0.3676873445510864 205
1607609504916 0.3678518533706665 206
1607609505034 0.3678725063800812 207
1607609505172 0.3680775463581085 208
1607609505315 0.3683021068572998 209
1607609505444 0.36771345138549805 210
1607609505573 0.36735352873802185 211
1607609505727 0.36669009923934937 212
1607609505851 0.36685043573379517 213
1607609506005 0.3673139214515686 214
1607609506133 0.3672697842121124 215
1607609506258 0.3676578402519226 216
1607609506414 0.36769983172416687 217
1607609506568 0.3677705228328705 218
1607609506692 0.3678639233112335 219
1607609506812 0.3672373592853546 220
1607609506936 0.36621665954589844 221
1607609507056 0.3662685751914978 222
1607609507180 0.3654651641845703 223
1607609507301 0.3653353452682495 224
1607609507418 0.3648403286933899 225
1607609507536 0.3648753762245178 226
1607609507659 0.3648640513420105 227
1607609507774 0.3650811016559601 228
1607609507895 0.36527350544929504 229
1607609508014 0.36586451530456543 230
1607609508132 0.3664261996746063 231
1607609508246 0.36655521392822266 232
1607609508365 0.36646249890327454 233
1607609508485 0.3659498691558838 234
1607609508600 0.36598455905914307 235
1607609508721 0.366167277097702 236
1607609508840 0.36564022302627563 237
1607609508958 0.36609986424446106 238
1607609509080 0.36553987860679626 239
1607609509202 0.36613261699676514 240
1607609509318 0.36655697226524353 241
1607609509436 0.36728718876838684 242
1607609509550 0.36697402596473694 243
1607609509669 0.3659922480583191 244
1607609509792 0.3660017251968384 245
1607609509913 0.36513078212738037 246
1607609510031 0.36496609449386597 247
1607609510152 0.364827424287796 248
1607609510269 0.3643569350242615 249
1607609510387 0.36436817049980164 250
1607609510505 0.3639165163040161 251
1607609510627 0.3640749454498291 252
1607609510746 0.3641684353351593 253
1607609510867 0.3639717698097229 254
1607609510983 0.36438509821891785 255
1607609511100 0.3644641637802124 256
1607609511218 0.36456099152565 257
1607609511338 0.3644375503063202 258
1607609511456 0.36447420716285706 259
1607609511574 0.36408597230911255 260
1607609511688 0.3633619546890259 261
1607609511827 0.3631167411804199 262
1607609511959 0.36298850178718567 263
1607609512085 0.36322832107543945 264
1607609512206 0.36319124698638916 265
1607609512345 0.3634239435195923 266
1607609512469 0.36416736245155334 267
1607609512589 0.36448419094085693 268
1607609512711 0.3648216426372528 269
1607609512834 0.364603191614151 270
1607609512973 0.36430129408836365 271
1607609513101 0.36518943309783936 272
1607609513220 0.3651721775531769 273
1607609513340 0.3652011454105377 274
1607609513461 0.3643267750740051 275
1607609513596 0.36452460289001465 276
1607609513723 0.3637593686580658 277
1607609513844 0.36319875717163086 278
1607609513967 0.3623295724391937 279
1607609514084 0.3624570965766907 280
1607609514228 0.3623601496219635 281
1607609514379 0.3623013496398926 282
1607609514504 0.3622225821018219 283
1607609514626 0.36317262053489685 284
1607609514766 0.36296555399894714 285
1607609514891 0.3637875020503998 286
1607609515010 0.3629162907600403 287
1607609515136 0.36276718974113464 288
1607609515254 0.3627409338951111 289
1607609515401 0.3626745045185089 290
1607609515528 0.36219072341918945 291
1607609515659 0.3630908727645874 292
1607609515787 0.3632011413574219 293
1607609515907 0.36382371187210083 294
1607609516043 0.3645171821117401 295
1607609516170 0.36434781551361084 296
1607609516289 0.3645428419113159 297
1607609516403 0.36336657404899597 298
1607609516532 0.36355727910995483 299
1607609516683 0.36245548725128174 300
1607609516809 0.36235204339027405 301
1607609516934 0.3618282079696655 302
1607609517061 0.36187806725502014 303
1607609517206 0.3617669939994812 304
1607609517357 0.3616434931755066 305
1607609517511 0.36200788617134094 306
1607609517666 0.36225950717926025 307
1607609517819 0.36285531520843506 308
1607609517983 0.36288002133369446 309
1607609518107 0.3631010949611664 310
1607609518231 0.3626903295516968 311
1607609518356 0.3627956211566925 312
1607609518510 0.36237144470214844 313
1607609518644 0.36187219619750977 314
1607609518759 0.36140555143356323 315
1607609518876 0.36131367087364197 316
1607609519004 0.3614408075809479 317
1607609519127 0.3621380031108856 318
1607609519248 0.36191526055336 319
1607609519368 0.36238962411880493 320
1607609519491 0.3618822693824768 321
1607609519613 0.3625522553920746 322
1607609519736 0.36155158281326294 323
1607609519853 0.36141759157180786 324
1607609519979 0.3604051470756531 325
1607609520105 0.36016157269477844 326
1607609520237 0.360033243894577 327
1607609520363 0.3602261543273926 328
1607609520489 0.3603232800960541 329
1607609520618 0.36088114976882935 330
1607609520745 0.36147093772888184 331
1607609520866 0.36249062418937683 332
1607609520984 0.36287641525268555 333
1607609521111 0.36263319849967957 334
1607609521236 0.36301180720329285 335
1607609521361 0.36262014508247375 336
1607609521479 0.36133548617362976 337
1607609521607 0.36072590947151184 338
1607609521727 0.36007124185562134 339
1607609521848 0.3597612977027893 340
1607609521967 0.35965025424957275 341
1607609522093 0.35928767919540405 342
1607609522212 0.35934245586395264 343
1607609522338 0.3594565987586975 344
1607609522458 0.3595205843448639 345
1607609522582 0.36013686656951904 346
1607609522699 0.36017176508903503 347
1607609522815 0.36048832535743713 348
1607609522956 0.36063700914382935 349
1607609523079 0.3605295717716217 350
1607609523201 0.36089569330215454 351
1607609523318 0.36030933260917664 352
1607609523439 0.36032015085220337 353
1607609523583 0.3600299656391144 354
1607609523709 0.36041420698165894 355
1607609523837 0.3610055148601532 356
1607609523956 0.36120691895484924 357
1607609524080 0.36185988783836365 358
1607609524219 0.361888587474823 359
1607609524349 0.36205270886421204 360
1607609524465 0.36124756932258606 361
1607609524590 0.36072295904159546 362
1607609524708 0.3595702052116394 363
1607609524847 0.359292209148407 364
1607609524975 0.3589911460876465 365
1607609525093 0.35940566658973694 366
1607609525214 0.3597208559513092 367
1607609525335 0.3605993986129761 368
1607609525480 0.36157673597335815 369
1607609525599 0.36170682311058044 370
1607609525728 0.36189892888069153 371
1607609525849 0.3616054654121399 372
1607609525967 0.3602609634399414 373
1607609526113 0.3598114550113678 374
1607609526239 0.35939204692840576 375
1607609526361 0.35892626643180847 376
1607609526479 0.3588222861289978 377
1607609526593 0.3589836657047272 378
1607609526727 0.35956263542175293 379
1607609526862 0.3599807918071747 380
1607609526986 0.36037135124206543 381
1607609527107 0.36062324047088623 382
1607609527227 0.36119315028190613 383
1607609527373 0.3605600595474243 384
1607609527505 0.3605167269706726 385
1607609527628 0.3597663640975952 386
1607609527750 0.3594242036342621 387
1607609527877 0.35884031653404236 388
1607609528033 0.35848864912986755 389
1607609528180 0.3584420382976532 390
1607609528305 0.3584376275539398 391
1607609528440 0.35857874155044556 392
1607609528589 0.3590959906578064 393
1607609528745 0.35895806550979614 394
1607609528897 0.3594423830509186 395
1607609529058 0.3601060211658478 396
1607609529189 0.36021122336387634 397
1607609529338 0.3598521053791046 398
1607609529463 0.3597117066383362 399
1607609529582 0.35992932319641113 400
1607609529701 0.35983535647392273 401
1607609529819 0.35917818546295166 402
1607609529937 0.35875633358955383 403
1607609530057 0.35858139395713806 404
1607609530172 0.3587683141231537 405
1607609530289 0.35843968391418457 406
1607609530417 0.3586801588535309 407
1607609530541 0.3587439954280853 408
1607609530663 0.3587664067745209 409
1607609530788 0.3590761423110962 410
1607609530911 0.3591049611568451 411
1607609531031 0.3594938814640045 412
1607609531148 0.3592933714389801 413
1607609531263 0.3593064844608307 414
1607609531385 0.35936301946640015 415
1607609531524 0.3592180609703064 416
1607609531653 0.35938122868537903 417
1607609531773 0.3588900566101074 418
1607609531905 0.35896533727645874 419
1607609532037 0.3585028648376465 420
1607609532157 0.3584873378276825 421
1607609532278 0.3579050600528717 422
1607609532398 0.3573680818080902 423
1607609532514 0.356901615858078 424
1607609532646 0.3570278286933899 425
1607609532774 0.3566892445087433 426
1607609532898 0.3572566509246826 427
1607609533024 0.35742631554603577 428
1607609533150 0.3583276867866516 429
1607609533269 0.35867345333099365 430
1607609533389 0.3594048321247101 431
1607609533508 0.3597770035266876 432
1607609533631 0.35993579030036926 433
1607609533759 0.35931915044784546 434
1607609533889 0.3597675561904907 435
1607609534035 0.35894209146499634 436
1607609534159 0.35910192131996155 437
1607609534286 0.35916364192962646 438
1607609534414 0.35926342010498047 439
1607609534536 0.3594050407409668 440
1607609534682 0.3592827618122101 441
1607609534814 0.3593381643295288 442
1607609534954 0.35805678367614746 443
1607609535079 0.35798507928848267 444
1607609535200 0.3571105897426605 445
1607609535345 0.3570984899997711 446
1607609535477 0.35689130425453186 447
1607609535600 0.3568984866142273 448
1607609535728 0.3567603528499603 449
1607609535845 0.3567960560321808 450
1607609535983 0.3564884066581726 451
1607609536122 0.3563689887523651 452
1607609536247 0.3567574918270111 453
1607609536369 0.35639771819114685 454
1607609536497 0.3569028675556183 455
1607609536636 0.356675922870636 456
1607609536765 0.35694682598114014 457
1607609536880 0.3572750389575958 458
1607609536995 0.3581126034259796 459
1607609537114 0.3581385314464569 460
1607609537263 0.3585766851902008 461
1607609537391 0.35820573568344116 462
1607609537514 0.3592517673969269 463
1607609537644 0.3592405915260315 464
1607609537780 0.3593956232070923 465
1607609537911 0.35878562927246094 466
1607609538036 0.3588995933532715 467
1607609538157 0.3582662045955658 468
1607609538272 0.35836049914360046 469
1607609538418 0.3576449751853943 470
1607609538556 0.35740941762924194 471
1607609538678 0.3570491075515747 472
1607609538806 0.35706377029418945 473
1607609538924 0.35678309202194214 474
1607609539060 0.3570180833339691 475
1607609539207 0.356538861989975 476
1607609539330 0.35658344626426697 477
1607609539458 0.3566631078720093 478
1607609539617 0.35623013973236084 479
1607609539775 0.3565865755081177 480
1607609539930 0.355723112821579 481
1607609540083 0.35609525442123413 482
1607609540210 0.3558143675327301 483
1607609540337 0.3563617765903473 484
1607609540460 0.3567962944507599 485
1607609540585 0.3569169044494629 486
1607609540703 0.35729774832725525 487
1607609540839 0.35778966546058655 488
1607609540965 0.3576032221317291 489
1607609541090 0.3576981723308563 490
1607609541208 0.35692498087882996 491
1607609541329 0.3568369448184967 492
1607609541454 0.3559550940990448 493
1607609541578 0.3560803532600403 494
1607609541697 0.3557489812374115 495
1607609541824 0.35591402649879456 496
1607609541949 0.3561832308769226 497
1607609542068 0.35665610432624817 498
1607609542187 0.3570430874824524 499
1607609542308 0.3577255308628082 500
1607609542424 0.3572683036327362 501
1607609542547 0.3575723171234131 502
1607609542670 0.3566649854183197 503
1607609542786 0.3567412793636322 504
1607609542912 0.3565296530723572 505
1607609543045 0.35611242055892944 506
1607609543172 0.35593393445014954 507
1607609543300 0.3556828796863556 508
1607609543431 0.35556426644325256 509
1607609543560 0.3553588092327118 510
1607609543689 0.35519400238990784 511
1607609543807 0.3550189733505249 512
1607609543925 0.35518795251846313 513
1607609544038 0.35571518540382385 514
1607609544162 0.3561246991157532 515
1607609544289 0.3580552041530609 516
1607609544414 0.35842955112457275 517
1607609544531 0.3597896993160248 518
1607609544648 0.3591795563697815 519
1607609544767 0.3592309057712555 520
1607609544886 0.3589819073677063 521
1607609545002 0.3579053580760956 522
1607609545120 0.3573108911514282 523
1607609545252 0.3567601442337036 524
1607609545382 0.3561031222343445 525
1607609545500 0.35592561960220337 526
1607609545622 0.35601305961608887 527
1607609545757 0.35574018955230713 528
1607609545882 0.35546234250068665 529
1607609545997 0.35529470443725586 530
1607609546114 0.3552660048007965 531
1607609546228 0.35506072640419006 532
1607609546366 0.3548533618450165 533
1607609546497 0.3547618091106415 534
1607609546616 0.3549078404903412 535
1607609546737 0.3550295829772949 536
1607609546859 0.3550908863544464 537
1607609546994 0.3557913303375244 538
1607609547119 0.35583940148353577 539
1607609547235 0.3569716811180115 540
1607609547353 0.3566593527793884 541
1607609547489 0.35718536376953125 542
1607609547621 0.3571106493473053 543
1607609547744 0.3575604557991028 544
1607609547865 0.3574082553386688 545
1607609547984 0.3573984205722809 546
1607609548121 0.3569178581237793 547
1607609548249 0.3573616147041321 548
1607609548372 0.3562639057636261 549
1607609548491 0.35632631182670593 550
1607609548617 0.3555920124053955 551
1607609548756 0.35564732551574707 552
1607609548879 0.35529112815856934 553
1607609549000 0.35521772503852844 554
1607609549143 0.35533660650253296 555
1607609549276 0.3554019629955292 556
1607609549397 0.3549942076206207 557
1607609549512 0.35507693886756897 558
1607609549635 0.3549382984638214 559
1607609549783 0.3550080358982086 560
1607609549906 0.35460329055786133 561
1607609550027 0.35475751757621765 562
1607609550147 0.3546847701072693 563
1607609550268 0.3549060821533203 564
1607609550410 0.3547405004501343 565
1607609550555 0.3555046617984772 566
1607609550709 0.35519158840179443 567
1607609550837 0.3559805750846863 568
1607609551000 0.35521215200424194 569
1607609551160 0.3555247485637665 570
1607609551308 0.3548283874988556 571
1607609551462 0.3551812171936035 572
1607609551622 0.35486143827438354 573
1607609551749 0.3547348976135254 574
1607609551865 0.355220228433609 575
1607609551978 0.3548860549926758 576
1607609552095 0.3554419279098511 577
1607609552220 0.3553089499473572 578
1607609552511 0.3556158244609833 579
1607609552626 0.3557538092136383 580
1607609552744 0.35571470856666565 581
1607609552866 0.35618725419044495 582
1607609552983 0.35574913024902344 583
1607609553098 0.356232225894928 584
1607609553212 0.35634681582450867 585
1607609553328 0.35626286268234253 586
1607609553454 0.35681289434432983 587
1607609553577 0.3565380871295929 588
1607609553702 0.3568185865879059 589
1607609553822 0.3564260005950928 590
1607609553942 0.3559998869895935 591
1607609554063 0.3556765913963318 592
1607609554182 0.35487496852874756 593
1607609554314 0.354790598154068 594
1607609554438 0.354356586933136 595
1607609554555 0.3546333909034729 596
1607609554673 0.35459136962890625 597
1607609554795 0.3546106517314911 598
1607609554912 0.3548120856285095 599
1607609555033 0.35480526089668274 600
1607609555156 0.35525399446487427 601
1607609555278 0.35520145297050476 602
1607609555407 0.3552496135234833 603
1607609555531 0.3546408712863922 604
1607609555652 0.3547647297382355 605
1607609555773 0.35452374815940857 606
1607609555892 0.3549692928791046 607
1607609556026 0.35459306836128235 608
1607609556168 0.3546338677406311 609
1607609556311 0.354287326335907 610
1607609556447 0.3541713356971741 611
1607609556574 0.35387682914733887 612
1607609556700 0.35406461358070374 613
1607609556843 0.3536221981048584 614
1607609556971 0.35420727729797363 615
1607609557093 0.3536129295825958 616
1607609557219 0.3541455566883087 617
1607609557334 0.35483264923095703 618
1607609557464 0.3558287024497986 619
1607609557594 0.3565824329853058 620
1607609557715 0.3571026921272278 621
1607609557843 0.35713937878608704 622
1607609557971 0.3574526607990265 623
1607609558114 0.35647284984588623 624
1607609558243 0.3552052974700928 625
1607609558366 0.3543609082698822 626
1607609558483 0.35370782017707825 627
1607609558603 0.3532556891441345 628
1607609558741 0.35305583477020264 629
1607609558864 0.3530246615409851 630
1607609558983 0.3530747592449188 631
1607609559116 0.3534158170223236 632
1607609559236 0.3536618649959564 633
1607609559364 0.3538905084133148 634
1607609559489 0.3540143370628357 635
1607609559603 0.3541208803653717 636
1607609559721 0.3541634678840637 637
1607609559844 0.3543787896633148 638
1607609559988 0.3546161651611328 639
1607609560119 0.35490110516548157 640
1607609560242 0.35561391711235046 641
1607609560360 0.3560198247432709 642
1607609560480 0.3563583791255951 643
1607609560617 0.35614922642707825 644
1607609560743 0.3555028736591339 645
1607609560871 0.35477012395858765 646
1607609560999 0.3542286157608032 647
1607609561119 0.3536754846572876 648
1607609561263 0.3530878722667694 649
1607609561414 0.35281017422676086 650
1607609561568 0.35263603925704956 651
1607609561698 0.3530913293361664 652
1607609561846 0.35368937253952026 653
1607609561975 0.3538975417613983 654
1607609562103 0.35470229387283325 655
1607609562262 0.35486283898353577 656
1607609562412 0.35568517446517944 657
1607609562566 0.35594865679740906 658
1607609562699 0.3557985723018646 659
1607609562821 0.35544079542160034 660
1607609562940 0.35505643486976624 661
1607609563058 0.3547353446483612 662
1607609563179 0.35378339886665344 663
1607609563298 0.3540627360343933 664
1607609563421 0.35324811935424805 665
1607609563556 0.3532264232635498 666
1607609563676 0.35236161947250366 667
1607609563797 0.35227110981941223 668
1607609563912 0.3523891866207123 669
1607609564029 0.3525237739086151 670
1607609564148 0.3526706397533417 671
1607609564267 0.3530956208705902 672
1607609564385 0.3533146381378174 673
1607609564510 0.3538425862789154 674
1607609564632 0.35452303290367126 675
1607609564751 0.35495784878730774 676
1607609564871 0.3548522889614105 677
1607609564990 0.3547981381416321 678
1607609565106 0.3547327518463135 679
1607609565226 0.35423681139945984 680
1607609565347 0.35369372367858887 681
1607609565467 0.35345444083213806 682
1607609565593 0.35282424092292786 683
1607609565714 0.353060245513916 684
1607609565838 0.35248875617980957 685
1607609565965 0.3528187870979309 686
1607609566092 0.35339033603668213 687
1607609566219 0.3535080850124359 688
1607609566337 0.35395345091819763 689
1607609566453 0.3535888195037842 690
1607609566583 0.35366588830947876 691
1607609566727 0.3538358211517334 692
1607609566859 0.3540596663951874 693
1607609566986 0.3543579876422882 694
1607609567144 0.3547590970993042 695
1607609567268 0.3547709286212921 696
1607609567387 0.3550299406051636 697
1607609567504 0.35479459166526794 698
1607609567628 0.3548029065132141 699
1607609567775 0.3541502356529236 700
1607609567906 0.3536968231201172 701
1607609568033 0.35399311780929565 702
1607609568152 0.35327428579330444 703
1607609568290 0.3537677228450775 704
1607609568419 0.3532182574272156 705
1607609568538 0.3538091480731964 706
1607609568661 0.3532462418079376 707
1607609568780 0.35301342606544495 708
1607609568918 0.35277196764945984 709
1607609569047 0.3529547452926636 710
1607609569165 0.3528241813182831 711
1607609569289 0.35290980339050293 712
1607609569408 0.35260921716690063 713
1607609569546 0.3531615436077118 714
1607609569673 0.3531869053840637 715
1607609569794 0.3535568118095398 716
1607609569912 0.35359808802604675 717
1607609570028 0.35399678349494934 718
1607609570175 0.3537238836288452 719
1607609570300 0.353925883769989 720
1607609570420 0.35388797521591187 721
1607609570538 0.3540491461753845 722
1607609570655 0.3531944751739502 723
1607609570802 0.3530925214290619 724
1607609570926 0.35267317295074463 725
1607609571052 0.35290098190307617 726
1607609571172 0.3526195287704468 727
1607609571299 0.35243988037109375 728
1607609571441 0.3523932993412018 729
1607609571571 0.352289080619812 730
1607609571693 0.35232529044151306 731
1607609571810 0.35241788625717163 732
1607609571936 0.35239455103874207 733
1607609572074 0.35269010066986084 734
1607609572202 0.35219404101371765 735
1607609572329 0.3525543510913849 736
1607609572456 0.35260090231895447 737
1607609572578 0.3529842495918274 738
1607609572721 0.3538086712360382 739
1607609572847 0.353572815656662 740
1607609572975 0.3542415499687195 741
1607609573099 0.3540487289428711 742
1607609573221 0.3543666899204254 743
1607609573346 0.3541017472743988 744
1607609573475 0.35359492897987366 745
1607609573605 0.35310283303260803 746
1607609573732 0.35270610451698303 747
1607609573867 0.35246172547340393 748
1607609573992 0.3525390028953552 749
1607609574114 0.3523958921432495 750
1607609574235 0.35242074728012085 751
1607609574353 0.35254624485969543 752
1607609574471 0.3527207672595978 753
1607609574588 0.35318997502326965 754
1607609574713 0.3534335196018219 755
1607609574836 0.35329023003578186 756
1607609574960 0.35334300994873047 757
1607609575083 0.3529025912284851 758
1607609575205 0.3530378043651581 759
1607609575329 0.35284096002578735 760
1607609575455 0.35246145725250244 761
1607609575580 0.3522474467754364 762
1607609575704 0.35212865471839905 763
1607609575835 0.3517642915248871 764
1607609575957 0.35184693336486816 765
1607609576080 0.35174041986465454 766
1607609576198 0.3515221178531647 767
1607609576317 0.35159194469451904 768
1607609576441 0.3514397144317627 769
1607609576571 0.351877361536026 770
1607609576701 0.352708637714386 771
1607609576822 0.3531002402305603 772
1607609576944 0.35384833812713623 773
1607609577068 0.3540540635585785 774
1607609577188 0.3547348082065582 775
1607609577311 0.35524559020996094 776
1607609577434 0.3551481366157532 777
1607609577560 0.3543131649494171 778
1607609577677 0.3535522520542145 779
1607609577801 0.3530719578266144 780
1607609577944 0.3526797294616699 781
1607609578097 0.35205620527267456 782
1607609578252 0.3516480028629303 783
1607609578408 0.3512573838233948 784
1607609578535 0.35135382413864136 785
1607609578685 0.35136717557907104 786
1607609578817 0.351473331451416 787
1607609578966 0.3518355190753937 788
1607609579098 0.35158100724220276 789
1607609579252 0.3520343005657196 790
1607609579405 0.3517564833164215 791
1607609579537 0.3518020808696747 792
1607609579693 0.35143449902534485 793
1607609579832 0.3514583706855774 794
1607609579969 0.3515384793281555 795
1607609580103 0.351529598236084 796
1607609580242 0.3520429730415344 797
1607609580369 0.35229066014289856 798
1607609580500 0.3534996509552002 799
1607609580632 0.35360580682754517 800
1607609580762 0.35432401299476624 801
1607609580891 0.35361334681510925 802
1607609581012 0.35388192534446716 803
1607609581135 0.35337141156196594 804
1607609581258 0.35329756140708923 805
1607609581375 0.35232773423194885 806
1607609581506 0.35174858570098877 807
1607609581621 0.3511808216571808 808
1607609581753 0.3509000539779663 809
1607609581882 0.35080134868621826 810
1607609582060 0.3507321774959564 811
1607609582224 0.35138171911239624 812
1607609582359 0.3514431416988373 813
1607609582504 0.3521380126476288 814
1607609582634 0.35259246826171875 815
1607609582776 0.35332638025283813 816
1607609582918 0.3533012866973877 817
1607609583056 0.35345616936683655 818
1607609583188 0.35329484939575195 819
1607609583322 0.35317501425743103 820
1607609583460 0.35231494903564453 821
1607609583600 0.351778507232666 822
1607609583728 0.3512837290763855 823
1607609583854 0.3506476879119873 824
1607609583986 0.35066530108451843 825
1607609584112 0.3500371277332306 826
1607609584237 0.3506303131580353 827
1607609584356 0.3507194519042969 828
1607609584481 0.3513517379760742 829
1607609584605 0.3518991768360138 830
1607609584734 0.352701336145401 831
1607609584854 0.35339078307151794 832
1607609584979 0.3546285629272461 833
1607609585103 0.35453370213508606 834
1607609585222 0.3548518419265747 835
1607609585345 0.3544261157512665 836
1607609585478 0.3546012043952942 837
1607609585605 0.3541833162307739 838
1607609585734 0.353001207113266 839
1607609585862 0.35294097661972046 840
1607609585983 0.35233667492866516 841
1607609586109 0.3519844710826874 842
1607609586259 0.35181498527526855 843
1607609586399 0.3512178361415863 844
1607609586543 0.35124653577804565 845
1607609586691 0.35093265771865845 846
1607609586830 0.3514476716518402 847
1607609586972 0.3514660894870758 848
1607609587117 0.3519819974899292 849
1607609587255 0.351858526468277 850
1607609587380 0.3523283004760742 851
1607609587511 0.3527306318283081 852
1607609587641 0.3523109555244446 853
1607609587767 0.3520250916481018 854
1607609587889 0.3515826165676117 855
1607609588015 0.3510100543498993 856
1607609588136 0.3510464131832123 857
1607609588260 0.3506784737110138 858
1607609588379 0.350770503282547 859
1607609588496 0.3507869243621826 860
1607609588618 0.35053738951683044 861
1607609588743 0.35101574659347534 862
1607609588872 0.3516734838485718 863
1607609588997 0.3518945872783661 864
1607609589118 0.35267147421836853 865
1607609589240 0.3531567454338074 866
1607609589368 0.3535674214363098 867
1607609589495 0.35344788432121277 868
1607609589617 0.3535427749156952 869
1607609589748 0.353643536567688 870
1607609589866 0.35329651832580566 871
1607609589990 0.35242632031440735 872
1607609590133 0.35208332538604736 873
1607609590268 0.3515249788761139 874
1607609590402 0.350832998752594 875
1607609590535 0.35037845373153687 876
1607609590661 0.3498391807079315 877
1607609590780 0.3496323227882385 878
1607609590907 0.3493421971797943 879
1607609591037 0.34937503933906555 880
1607609591172 0.3495141267776489 881
1607609591309 0.34936508536338806 882
1607609591455 0.3497782051563263 883
1607609591597 0.35007813572883606 884
1607609591745 0.350328266620636 885
1607609591896 0.35082539916038513 886
1607609592050 0.3508111238479614 887
1607609592204 0.3514772355556488 888
1607609592333 0.3518601357936859 889
1607609592459 0.3520684242248535 890
1607609592578 0.35243916511535645 891
1607609592696 0.352610319852829 892
1607609592819 0.35339558124542236 893
1607609592941 0.352914959192276 894
1607609593063 0.35293203592300415 895
1607609593179 0.35326650738716125 896
1607609593293 0.35271155834198 897
1607609593410 0.3522169291973114 898
1607609593531 0.3513268232345581 899
1607609593653 0.35118773579597473 900
1607609593773 0.35049164295196533 901
1607609593900 0.3503101170063019 902
1607609594029 0.3501546084880829 903
1607609594156 0.3500243127346039 904
1607609594287 0.35031917691230774 905
1607609594424 0.3501288890838623 906
1607609594557 0.3505261540412903 907
1607609594691 0.3508058190345764 908
1607609594816 0.3504127562046051 909
1607609594958 0.3506561815738678 910
1607609595080 0.34992170333862305 911
1607609595211 0.35034745931625366 912
1607609595336 0.3499259948730469 913
1607609595451 0.3504869341850281 914
1607609595566 0.3502733111381531 915
1607609595687 0.35053688287734985 916
1607609595815 0.3508385717868805 917
1607609595940 0.3514545261859894 918
1607609596065 0.3520182967185974 919
1607609596191 0.35184207558631897 920
1607609596313 0.3521960377693176 921
1607609596446 0.35192352533340454 922
1607609596593 0.3522932231426239 923
1607609596724 0.35190442204475403 924
1607609596871 0.35139667987823486 925
1607609597030 0.35109567642211914 926
1607609597186 0.3506999909877777 927
1607609597341 0.35021570324897766 928
1607609597472 0.3500208854675293 929
1607609597613 0.34970006346702576 930
1607609597743 0.3497522473335266 931
1607609597867 0.3500264286994934 932
1607609597982 0.3501340448856354 933
1607609598101 0.3507446050643921 934
1607609598227 0.3511941730976105 935
1607609598347 0.3517540991306305 936
1607609598463 0.352037250995636 937
1607609598580 0.3520527482032776 938
1607609598703 0.35188645124435425 939
1607609598825 0.3520388901233673 940
1607609598943 0.3514035642147064 941
1607609599074 0.35093995928764343 942
1607609599207 0.3502727448940277 943
1607609599361 0.35007569193840027 944
1607609599503 0.34971338510513306 945
1607609599623 0.3496781885623932 946
1607609599742 0.3494357764720917 947
1607609599860 0.35002419352531433 948
1607609599981 0.3500969409942627 949
1607609600103 0.3509067893028259 950
1607609600224 0.35155415534973145 951
1607609600348 0.3520616888999939 952
1607609600475 0.35247480869293213 953
1607609600601 0.35267531871795654 954
1607609600728 0.3530494272708893 955
1607609600848 0.3532998263835907 956
1607609600976 0.3525313436985016 957
1607609601094 0.35215991735458374 958
1607609601211 0.351561963558197 959
1607609601334 0.3516574800014496 960
1607609601453 0.3511635661125183 961
1607609601579 0.3508833944797516 962
1607609601700 0.35051217675209045 963
1607609601823 0.35044822096824646 964
1607609601943 0.35012951493263245 965
1607609602067 0.34977999329566956 966
1607609602185 0.3495091199874878 967
1607609602304 0.3491698205471039 968
1607609602441 0.34935274720191956 969
1607609602594 0.34932032227516174 970
1607609602749 0.34954798221588135 971
1607609602905 0.3498460650444031 972
1607609603039 0.35048896074295044 973
1607609603163 0.35066407918930054 974
1607609603289 0.3513292670249939 975
1607609603424 0.3514723479747772 976
1607609603566 0.3519603908061981 977
1607609603711 0.35179269313812256 978
1607609603837 0.35163068771362305 979
1607609603960 0.3509579300880432 980
1607609604079 0.3508569896221161 981
1607609604204 0.34997403621673584 982
1607609604326 0.34957754611968994 983
1607609604446 0.3488827347755432 984
1607609604560 0.3487726151943207 985
1607609604680 0.34851211309432983 986
1607609604804 0.34883198142051697 987
1607609604926 0.34879231452941895 988
1607609605050 0.34962722659111023 989
1607609605167 0.35031670331954956 990
1607609605287 0.35083991289138794 991
1607609605404 0.3521535396575928 992
1607609605521 0.3518976867198944 993
1607609605639 0.35276129841804504 994
1607609605757 0.3513903021812439 995
1607609605876 0.35161635279655457 996
1607609605996 0.35047727823257446 997
1607609606122 0.35055112838745117 998
1607609606241 0.35030704736709595 999
