1607667026398 0.4739919602870941 0
1607667026535 0.46464046835899353 1
1607667026670 0.45681387186050415 2
1607667026804 0.4524569511413574 3
1607667026937 0.4463596045970917 4
1607667027068 0.44238606095314026 5
1607667027201 0.44022461771965027 6
1607667027329 0.43900173902511597 7
1607667027460 0.4383850693702698 8
1607667027590 0.4380776286125183 9
1607667027724 0.43729889392852783 10
1607667027866 0.435478150844574 11
1607667027997 0.43450772762298584 12
1607667028122 0.4340129494667053 13
1607667028249 0.433766633272171 14
1607667028382 0.4336024224758148 15
1607667028514 0.43189308047294617 16
1607667028659 0.43092483282089233 17
1607667028817 0.4303815960884094 18
1607667028964 0.43012043833732605 19
1607667029101 0.429880291223526 20
1607667029237 0.42899811267852783 21
1607667029370 0.42803385853767395 22
1607667029497 0.4274338185787201 23
1607667029627 0.4266337454319 24
1607667029762 0.42583152651786804 25
1607667029894 0.42458081245422363 26
1607667030028 0.42312607169151306 27
1607667030158 0.4216586947441101 28
1607667030288 0.4209027886390686 29
1607667030423 0.42060980200767517 30
1607667030557 0.42040544748306274 31
1607667030688 0.4203544557094574 32
1607667030820 0.4197710454463959 33
1607667030951 0.418284147977829 34
1607667031080 0.4172504246234894 35
1607667031213 0.4157913625240326 36
1607667031340 0.41545212268829346 37
1607667031469 0.4153233468532562 38
1607667031599 0.4157584607601166 39
1607667031727 0.4154069125652313 40
1607667031857 0.41434749960899353 41
1607667031987 0.4122949242591858 42
1607667032117 0.4113917946815491 43
1607667032248 0.41034504771232605 44
1607667032387 0.40993237495422363 45
1607667032514 0.4089232385158539 46
1607667032643 0.4080182909965515 47
1607667032778 0.40681135654449463 48
1607667032906 0.40672925114631653 49
1607667033033 0.40629521012306213 50
1607667033161 0.40614762902259827 51
1607667033288 0.40569913387298584 52
1607667033419 0.4043261706829071 53
1607667033558 0.4038313925266266 54
1607667033713 0.4033322334289551 55
1607667033844 0.4024750292301178 56
1607667033979 0.40143266320228577 57
1607667034108 0.40084347128868103 58
1607667034239 0.4001399874687195 59
1607667034371 0.40065139532089233 60
1607667034501 0.40096932649612427 61
1607667034635 0.40042969584465027 62
1607667034767 0.39895832538604736 63
1607667034899 0.3970612585544586 64
1607667035050 0.39582356810569763 65
1607667035190 0.3950401544570923 66
1607667035324 0.39526331424713135 67
1607667035456 0.3954607844352722 68
1607667035590 0.3960438370704651 69
1607667035724 0.3962436616420746 70
1607667035858 0.39604583382606506 71
1607667035999 0.39506852626800537 72
1607667036259 0.3947468101978302 73
1607667036395 0.3947989046573639 74
1607667036523 0.39392325282096863 75
1607667036653 0.3931061923503876 76
1607667036779 0.39269134402275085 77
1607667036914 0.3913547098636627 78
1607667037045 0.3908090889453888 79
1607667037177 0.38989564776420593 80
1607667037323 0.38879647850990295 81
1607667037462 0.38798826932907104 82
1607667037590 0.3869294226169586 83
1607667037722 0.3865903615951538 84
1607667037858 0.3864747881889343 85
1607667037989 0.38677552342414856 86
1607667038123 0.38763654232025146 87
1607667038256 0.38833099603652954 88
1607667038409 0.3885246813297272 89
1607667038543 0.38798123598098755 90
1607667038675 0.3867496848106384 91
1607667038808 0.38563820719718933 92
1607667038955 0.3847983479499817 93
1607667039106 0.38442978262901306 94
1607667039261 0.3848678171634674 95
1607667039413 0.3851475715637207 96
1607667039573 0.38467592000961304 97
1607667039733 0.38337311148643494 98
1607667039886 0.38188856840133667 99
1607667040039 0.3818279802799225 100
1607667040195 0.3811876177787781 101
1607667040359 0.3815098702907562 102
1607667040511 0.38135379552841187 103
1607667040651 0.38145506381988525 104
1607667040793 0.38128218054771423 105
1607667040925 0.38201695680618286 106
1607667041063 0.3822444677352905 107
1607667041195 0.3824332654476166 108
1607667041326 0.3825370669364929 109
1607667041462 0.38157010078430176 110
1607667041593 0.3815324902534485 111
1607667041727 0.3799262046813965 112
1607667041854 0.379427433013916 113
1607667041998 0.379427433013916 114
1607667042130 0.37922942638397217 115
1607667042260 0.3791789710521698 116
1607667042393 0.3787640929222107 117
1607667042522 0.37809082865715027 118
1607667042659 0.37817472219467163 119
1607667042814 0.37758734822273254 120
1607667042952 0.37742748856544495 121
1607667043083 0.3770337700843811 122
1607667043218 0.37676215171813965 123
1607667043352 0.37729474902153015 124
1607667043483 0.377317875623703 125
1607667043615 0.37732818722724915 126
1607667043746 0.3783029615879059 127
1607667043879 0.3789955973625183 128
1607667044015 0.3792646825313568 129
1607667044147 0.37970882654190063 130
1607667044281 0.3782121539115906 131
1607667044417 0.37678077816963196 132
1607667044553 0.37579572200775146 133
1607667044682 0.37411803007125854 134
1607667044816 0.3737306594848633 135
1607667044949 0.3732233941555023 136
1607667045084 0.37342754006385803 137
1607667045214 0.3737243115901947 138
1607667045347 0.37482547760009766 139
1607667045478 0.3747809827327728 140
1607667045641 0.37510740756988525 141
1607667045777 0.3740525543689728 142
1607667045906 0.3738885223865509 143
1607667046036 0.3734695017337799 144
1607667046166 0.3730504810810089 145
1607667046335 0.37328648567199707 146
1607667046476 0.37395796179771423 147
1607667046610 0.3735514283180237 148
1607667046739 0.3746652603149414 149
1607667046884 0.3742145895957947 150
1607667047042 0.3736988306045532 151
1607667047181 0.3734779953956604 152
1607667047315 0.37274307012557983 153
1607667047452 0.3726233243942261 154
1607667047608 0.3719874918460846 155
1607667047746 0.3718739151954651 156
1607667047875 0.37174534797668457 157
1607667048002 0.37156015634536743 158
1607667048164 0.3715664744377136 159
1607667048300 0.37179598212242126 160
1607667048438 0.3712400496006012 161
1607667048563 0.3716171085834503 162
1607667048707 0.3715599775314331 163
1607667048877 0.3722001612186432 164
1607667049020 0.3720611035823822 165
1607667049161 0.37176015973091125 166
1607667049294 0.37198948860168457 167
1607667049437 0.3717326819896698 168
1607667049630 0.37108832597732544 169
1607667049780 0.37101924419403076 170
1607667049914 0.3703790605068207 171
1607667050046 0.37014973163604736 172
1607667050185 0.3696466386318207 173
1607667050339 0.3690907061100006 174
1607667050483 0.3689458668231964 175
1607667050610 0.3688149154186249 176
1607667050747 0.36942580342292786 177
1607667050879 0.3697473704814911 178
1607667051033 0.3705455958843231 179
1607667051195 0.3708273768424988 180
1607667051344 0.37157896161079407 181
1607667051522 0.3713890612125397 182
1607667051675 0.36886754631996155 183
1607667051833 0.3682023882865906 184
1607667051986 0.368564635515213 185
1607667052140 0.3683011531829834 186
1607667052289 0.36922362446784973 187
1607667052447 0.36902740597724915 188
1607667052583 0.3692992329597473 189
1607667052714 0.3691433370113373 190
1607667052844 0.3687937557697296 191
1607667052976 0.3685161769390106 192
1607667053109 0.3678949773311615 193
1607667053247 0.36792680621147156 194
1607667053385 0.3678550124168396 195
1607667053517 0.3682425618171692 196
1607667053654 0.36808866262435913 197
1607667053783 0.3686065971851349 198
1607667053916 0.3681792616844177 199
1607667054045 0.3678613305091858 200
1607667054181 0.36772263050079346 201
1607667054317 0.3672381341457367 202
1607667054448 0.36706578731536865 203
1607667054590 0.36636465787887573 204
1607667054728 0.36619845032691956 205
1607667054858 0.36607205867767334 206
1607667054994 0.36624693870544434 207
1607667055126 0.3660930395126343 208
1607667055259 0.3671330511569977 209
1607667055390 0.367415189743042 210
1607667055522 0.3678654730319977 211
1607667055651 0.3693876564502716 212
1607667055794 0.36812227964401245 213
1607667055930 0.3680971562862396 214
1607667056065 0.3673372268676758 215
1607667056199 0.3675415813922882 216
1607667056332 0.3672509789466858 217
1607667056463 0.3669540286064148 218
1607667056602 0.3671668767929077 219
1607667056731 0.367135226726532 220
1607667056860 0.3672298192977905 221
1607667056997 0.3675142824649811 222
1607667057130 0.3676150143146515 223
1607667057266 0.3677857220172882 224
1607667057398 0.36782750487327576 225
1607667057525 0.3670426309108734 226
1607667057656 0.3665080666542053 227
1607667057810 0.366455078125 228
1607667057948 0.36599230766296387 229
1607667058077 0.3656005859375 230
1607667058216 0.36530816555023193 231
1607667058351 0.36520904302597046 232
1607667058501 0.36446595191955566 233
1607667058642 0.36452311277389526 234
1607667058773 0.3643733859062195 235
1607667058902 0.36483868956565857 236
1607667059035 0.36526820063591003 237
1607667059186 0.3654363751411438 238
1607667059324 0.3661859929561615 239
1607667059462 0.3672426640987396 240
1607667059592 0.36725494265556335 241
1607667059724 0.3672046661376953 242
1607667059872 0.36618977785110474 243
1607667060011 0.3661608397960663 244
1607667060148 0.3656383752822876 245
1607667060279 0.365495502948761 246
1607667060412 0.36534377932548523 247
1607667060562 0.36508697271347046 248
1607667060709 0.3648723363876343 249
1607667060844 0.3645820617675781 250
1607667060976 0.3648238480091095 251
1607667061109 0.3654450476169586 252
1607667061261 0.36528047919273376 253
1607667061406 0.36507686972618103 254
1607667061539 0.36417117714881897 255
1607667061671 0.36424335837364197 256
1607667061803 0.36365342140197754 257
1607667061959 0.3632306158542633 258
1607667062098 0.3626410663127899 259
1607667062227 0.36256131529808044 260
1607667062362 0.3627799451351166 261
1607667062490 0.36330223083496094 262
1607667062639 0.3633061945438385 263
1607667062773 0.36415472626686096 264
1607667062903 0.3644641637802124 265
1607667063030 0.364451140165329 266
1607667063166 0.36442869901657104 267
1607667063316 0.3640238046646118 268
1607667063468 0.3644475042819977 269
1607667063628 0.36431244015693665 270
1607667063784 0.3644683063030243 271
1607667063939 0.36484935879707336 272
1607667064085 0.3653416037559509 273
1607667064223 0.36526620388031006 274
1607667064378 0.36467447876930237 275
1607667064539 0.36456090211868286 276
1607667064686 0.3637230396270752 277
1607667064825 0.3629758059978485 278
1607667064963 0.3619697690010071 279
1607667065095 0.3619213104248047 280
1607667065229 0.3616286814212799 281
1607667065361 0.36185184121131897 282
1607667065492 0.3614518344402313 283
1607667065618 0.3621846139431 284
1607667065756 0.3620012402534485 285
1607667065909 0.36255696415901184 286
1607667066058 0.3630329370498657 287
1607667066192 0.36349987983703613 288
1607667066324 0.36392343044281006 289
1607667066454 0.3637293875217438 290
1607667066599 0.3641822338104248 291
1607667066730 0.36324310302734375 292
1607667066867 0.3638264834880829 293
1607667067007 0.3628159463405609 294
1607667067148 0.3633948266506195 295
1607667067301 0.3635653555393219 296
1607667067441 0.363142192363739 297
1607667067573 0.363822340965271 298
1607667067712 0.3638094961643219 299
1607667067855 0.36328738927841187 300
1607667067984 0.3630412817001343 301
1607667068129 0.3621527850627899 302
1607667068293 0.36224988102912903 303
1607667068431 0.36165815591812134 304
1607667068571 0.3616963326931 305
1607667068714 0.36124348640441895 306
1607667068843 0.3616563677787781 307
1607667068975 0.3619171380996704 308
1607667069102 0.36248552799224854 309
1607667069233 0.3627678453922272 310
1607667069365 0.36316099762916565 311
1607667069511 0.36349210143089294 312
1607667069648 0.36307039856910706 313
1607667069805 0.36301612854003906 314
1607667069945 0.3615465760231018 315
1607667070077 0.3613679111003876 316
1607667070214 0.3605237305164337 317
1607667070347 0.3609617352485657 318
1607667070512 0.36084797978401184 319
1607667070644 0.36121419072151184 320
1607667070786 0.36203956604003906 321
1607667070926 0.3624560534954071 322
1607667071060 0.3635973632335663 323
1607667071211 0.3633633553981781 324
1607667071353 0.3632076382637024 325
1607667071511 0.36233198642730713 326
1607667071654 0.3617173135280609 327
1607667071784 0.36155959963798523 328
1607667071947 0.3606099784374237 329
1607667072098 0.3605828583240509 330
1607667072230 0.3600859045982361 331
1607667072368 0.3601365387439728 332
1607667072508 0.3600102961063385 333
1607667072661 0.3600439429283142 334
1607667072821 0.3602186441421509 335
1607667072960 0.36068394780158997 336
1607667073098 0.36072808504104614 337
1607667073221 0.3610438406467438 338
1607667073381 0.36106064915657043 339
1607667073516 0.36111345887184143 340
1607667073654 0.36137840151786804 341
1607667073787 0.36135560274124146 342
1607667073926 0.36088576912879944 343
1607667074083 0.36111363768577576 344
1607667074219 0.36026278138160706 345
1607667074350 0.3605220913887024 346
1607667074492 0.3595534861087799 347
1607667074646 0.3596462607383728 348
1607667074810 0.3595283627510071 349
1607667074956 0.35938945412635803 350
1607667075141 0.35949888825416565 351
1607667075297 0.3597768247127533 352
1607667075467 0.35999566316604614 353
1607667075622 0.36037886142730713 354
1607667075777 0.36074525117874146 355
1607667075990 0.36097854375839233 356
1607667076137 0.36182329058647156 357
1607667076294 0.36130261421203613 358
1607667076445 0.3614272177219391 359
1607667076603 0.3610396683216095 360
1607667076748 0.36061450839042664 361
1607667076883 0.36062300205230713 362
1607667077022 0.36007776856422424 363
1607667077186 0.3599994480609894 364
1607667077313 0.35843387246131897 365
1607667077451 0.3579915463924408 366
1607667077582 0.3580423593521118 367
1607667077724 0.3579580783843994 368
1607667077859 0.3582969903945923 369
1607667077991 0.3588675558567047 370
1607667078125 0.35929903388023376 371
1607667078254 0.3596799075603485 372
1607667078387 0.3608528673648834 373
1607667078518 0.3609888553619385 374
1607667078659 0.36270543932914734 375
1607667078790 0.36181604862213135 376
1607667078938 0.3615451455116272 377
1607667079079 0.3598860800266266 378
1607667079215 0.3592466115951538 379
1607667079347 0.35797274112701416 380
1607667079481 0.3580613434314728 381
1607667079616 0.35716870427131653 382
1607667079753 0.3575540781021118 383
1607667079894 0.35737937688827515 384
1607667080032 0.3580801486968994 385
1607667080176 0.3591330349445343 386
1607667080321 0.3595515191555023 387
1607667080457 0.3599475622177124 388
1607667080595 0.359968364238739 389
1607667080725 0.36013293266296387 390
1607667080853 0.3595556616783142 391
1607667080985 0.3591814935207367 392
1607667081119 0.35831379890441895 393
1607667081252 0.3585246801376343 394
1607667081386 0.35827818512916565 395
1607667081522 0.3579351007938385 396
1607667081657 0.3584740161895752 397
1607667081791 0.3586781919002533 398
1607667081922 0.35890117287635803 399
1607667082070 0.3595328629016876 400
1607667082208 0.3594486117362976 401
1607667082344 0.36012858152389526 402
1607667082475 0.36017468571662903 403
1607667082615 0.36034542322158813 404
1607667082774 0.36021482944488525 405
1607667082913 0.3599960207939148 406
1607667083048 0.35886138677597046 407
1607667083182 0.35856878757476807 408
1607667083317 0.35759639739990234 409
1607667083469 0.35730162262916565 410
1607667083612 0.35656285285949707 411
1607667083749 0.35669127106666565 412
1607667083885 0.35636699199676514 413
1607667084013 0.3566744327545166 414
1607667084166 0.35685330629348755 415
1607667084307 0.3571585714817047 416
1607667084437 0.3581920862197876 417
1607667084570 0.35902559757232666 418
1607667084698 0.36035609245300293 419
1607667084853 0.3612946569919586 420
1607667084993 0.36177897453308105 421
1607667085145 0.3607327938079834 422
1607667085278 0.35989710688591003 423
1607667085416 0.359375 424
1607667085578 0.3580636978149414 425
1607667085719 0.3574763238430023 426
1607667085854 0.35698404908180237 427
1607667086000 0.3570426404476166 428
1607667086157 0.3575546145439148 429
1607667086318 0.3578108847141266 430
1607667086463 0.358590304851532 431
1607667086595 0.35827818512916565 432
1607667086732 0.3584913909435272 433
1607667086869 0.3583962619304657 434
1607667087017 0.3583163321018219 435
1607667087164 0.3575795590877533 436
1607667087323 0.3570070266723633 437
1607667087472 0.35675039887428284 438
1607667087639 0.35660281777381897 439
1607667087797 0.3565903604030609 440
1607667087957 0.35642197728157043 441
1607667088105 0.3568764328956604 442
1607667088259 0.3572556674480438 443
1607667088420 0.3571878671646118 444
1607667088577 0.35791251063346863 445
1607667088726 0.35770562291145325 446
1607667088871 0.35801973938941956 447
1607667088999 0.3574090301990509 448
1607667089145 0.35749131441116333 449
1607667089284 0.3572092056274414 450
1607667089417 0.35768699645996094 451
1607667089548 0.3571355938911438 452
1607667089678 0.3578302264213562 453
1607667089808 0.35772496461868286 454
1607667089942 0.3576889932155609 455
1607667090089 0.35789984464645386 456
1607667090223 0.35731643438339233 457
1607667090354 0.35744935274124146 458
1607667090485 0.35691025853157043 459
1607667090615 0.3568578064441681 460
1607667090746 0.35626211762428284 461
1607667090876 0.35588523745536804 462
1607667091018 0.356201171875 463
1607667091147 0.35600948333740234 464
1607667091283 0.35626429319381714 465
1607667091429 0.3561588525772095 466
1607667091563 0.3566243350505829 467
1607667091699 0.35661348700523376 468
1607667091831 0.35765570402145386 469
1607667091965 0.3578808605670929 470
1607667092098 0.35841524600982666 471
1607667092243 0.3588029742240906 472
1607667092387 0.35870370268821716 473
1607667092525 0.3594133257865906 474
1607667092681 0.3592173159122467 475
1607667092817 0.3588659167289734 476
1607667092949 0.35797977447509766 477
1607667093079 0.3577944040298462 478
1607667093210 0.35729148983955383 479
1607667093348 0.35669776797294617 480
1607667093484 0.35628941655158997 481
1607667093621 0.3563633859157562 482
1607667093756 0.3558894097805023 483
1607667093889 0.3565339148044586 484
1607667094022 0.3565315902233124 485
1607667094172 0.35674622654914856 486
1607667094317 0.3573399484157562 487
1607667094454 0.3573840856552124 488
1607667094586 0.35765334963798523 489
1607667094723 0.35794633626937866 490
1607667094877 0.3573839068412781 491
1607667095030 0.3583022356033325 492
1607667095160 0.3576911389827728 493
1607667095288 0.3576917052268982 494
1607667095416 0.3570807874202728 495
1607667095569 0.3569865822792053 496
1607667095710 0.3564304709434509 497
1607667095841 0.35634657740592957 498
1607667095971 0.3559105396270752 499
1607667096100 0.35566025972366333 500
1607667096251 0.35548341274261475 501
1607667096387 0.35561811923980713 502
1607667096521 0.35602232813835144 503
1607667096654 0.35626211762428284 504
1607667096781 0.35679489374160767 505
1607667096933 0.35667046904563904 506
1607667097071 0.35741591453552246 507
1607667097206 0.3569292426109314 508
1607667097345 0.3569887578487396 509
1607667097481 0.3559989929199219 510
1607667097640 0.35607728362083435 511
1607667097777 0.35560330748558044 512
1607667097920 0.3553615212440491 513
1607667098078 0.35516148805618286 514
1607667098226 0.3551425039768219 515
1607667098382 0.35585829615592957 516
1607667098520 0.35590222477912903 517
1607667098661 0.3568498492240906 518
1607667098797 0.35698840022087097 519
1607667098935 0.35758861899375916 520
1607667099087 0.35712510347366333 521
1607667099234 0.35704970359802246 522
1607667099391 0.35646647214889526 523
1607667099543 0.35614022612571716 524
1607667099680 0.35507938265800476 525
1607667099813 0.35467520356178284 526
1607667099947 0.3542522192001343 527
1607667100112 0.3541510999202728 528
1607667100452 0.3539237976074219 529
1607667100611 0.35414278507232666 530
1607667100753 0.3543657660484314 531
1607667100895 0.35512804985046387 532
1607667101033 0.35532987117767334 533
1607667101165 0.3564203679561615 534
1607667101296 0.3567359447479248 535
1607667101426 0.3568413555622101 536
1607667101561 0.3563655614852905 537
1607667101705 0.3558436334133148 538
1607667101854 0.3557213842868805 539
1607667101993 0.3554036319255829 540
1607667102130 0.35528790950775146 541
1607667102266 0.3553573489189148 542
1607667102397 0.3559846878051758 543
1607667102534 0.35676974058151245 544
1607667102677 0.35685819387435913 545
1607667102808 0.35677769780158997 546
1607667102940 0.3545721173286438 547
1607667103070 0.3547005355358124 548
1607667103199 0.3544921875 549
1607667103329 0.3549446761608124 550
1607667103459 0.3551994860172272 551
1607667103600 0.3553067147731781 552
1607667103747 0.3561910390853882 553
1607667103893 0.35632559657096863 554
1607667104029 0.3567466139793396 555
1607667104174 0.35642868280410767 556
1607667104317 0.35620787739753723 557
1607667104455 0.35589826107025146 558
1607667104594 0.35570910573005676 559
1607667104730 0.35520145297050476 560
1607667104871 0.35461661219596863 561
1607667105012 0.3542943298816681 562
1607667105157 0.3538903295993805 563
1607667105296 0.3541322946548462 564
1607667105438 0.35403555631637573 565
1607667105582 0.3544880151748657 566
1607667105717 0.3551197052001953 567
1607667105852 0.3559235632419586 568
1607667105994 0.3565004765987396 569
1607667106146 0.3569719195365906 570
1607667106279 0.357037216424942 571
1607667106433 0.3569572865962982 572
1607667106580 0.35623517632484436 573
1607667106718 0.3552795946598053 574
1607667106852 0.35440176725387573 575
1607667106988 0.35370299220085144 576
1607667107137 0.3531072735786438 577
1607667107281 0.35271576046943665 578
1607667107414 0.3524547815322876 579
1607667107543 0.3525242209434509 580
1607667107684 0.3527452349662781 581
1607667107844 0.3531452417373657 582
1607667107982 0.35374295711517334 583
1607667108113 0.3546272814273834 584
1607667108246 0.3551446795463562 585
1607667108377 0.35585665702819824 586
1607667108530 0.3553868234157562 587
1607667108675 0.35629647970199585 588
1607667108808 0.3559069335460663 589
1607667108943 0.355885773897171 590
1607667109075 0.3554817736148834 591
1607667109226 0.35558703541755676 592
1607667109363 0.35529640316963196 593
1607667109497 0.3555891811847687 594
1607667109626 0.3550625741481781 595
1607667109758 0.3555786907672882 596
1607667109910 0.3551826477050781 597
1607667110050 0.355608195066452 598
1607667110182 0.35525643825531006 599
1607667110313 0.35537219047546387 600
1607667110445 0.35506510734558105 601
1607667110595 0.3545301556587219 602
1607667110738 0.3542715609073639 603
1607667110875 0.35379359126091003 604
1607667111021 0.3535662591457367 605
1607667111165 0.35337692499160767 606
1607667111332 0.35361889004707336 607
1607667111493 0.3537346422672272 608
1607667111679 0.3541029989719391 609
1607667111840 0.354439914226532 610
1607667112001 0.35504159331321716 611
1607667112160 0.35651981830596924 612
1607667112301 0.3558393120765686 613
1607667112447 0.35642722249031067 614
1607667112606 0.35471534729003906 615
1607667112758 0.3551325500011444 616
1607667112910 0.3535999059677124 617
1607667113049 0.35329481959342957 618
1607667113193 0.3525139391422272 619
1607667113341 0.3528294861316681 620
1607667113485 0.3532024025917053 621
1607667113627 0.35329028964042664 622
1607667113763 0.35430753231048584 623
1607667113903 0.3548564016819 624
1607667114040 0.35541051626205444 625
1607667114183 0.3553153872489929 626
1607667114324 0.35556188225746155 627
1607667114455 0.3556208312511444 628
1607667114591 0.3557785451412201 629
1607667114725 0.35532405972480774 630
1607667114856 0.35508590936660767 631
1607667114988 0.3550504446029663 632
1607667115129 0.35452619194984436 633
1607667115264 0.3543030321598053 634
1607667115397 0.35366320610046387 635
1607667115534 0.3532295227050781 636
1607667115670 0.3528275191783905 637
1607667115802 0.3527560830116272 638
1607667115940 0.3524969220161438 639
1607667116078 0.3529161214828491 640
1607667116208 0.35285481810569763 641
1607667116345 0.35359808802604675 642
1607667116482 0.35437265038490295 643
1607667116616 0.3555345833301544 644
1607667116751 0.3555344045162201 645
1607667116882 0.35631564259529114 646
1607667117015 0.35510507225990295 647
1607667117153 0.35553041100502014 648
1607667117281 0.3542167544364929 649
1607667117413 0.3538590371608734 650
1607667117552 0.35293078422546387 651
1607667117686 0.35281285643577576 652
1607667117822 0.35269713401794434 653
1607667117960 0.35284867882728577 654
1607667118095 0.353322297334671 655
1607667118227 0.3534969985485077 656
1607667118384 0.3541579842567444 657
1607667118526 0.3543431758880615 658
1607667118662 0.3544294238090515 659
1607667118800 0.35433900356292725 660
1607667118934 0.35462114214897156 661
1607667119097 0.3544335961341858 662
1607667119241 0.3544715642929077 663
1607667119377 0.35368436574935913 664
1607667119509 0.3538738787174225 665
1607667119647 0.35384222865104675 666
1607667119797 0.3535221219062805 667
1607667119939 0.35352665185928345 668
1607667120082 0.35321271419525146 669
1607667120221 0.35322555899620056 670
1607667120355 0.3532107174396515 671
1607667120517 0.3531602621078491 672
1607667120658 0.3535413146018982 673
1607667120795 0.3534000515937805 674
1607667120933 0.3538677394390106 675
1607667121074 0.35358741879463196 676
1607667121233 0.35430556535720825 677
1607667121383 0.3540169298648834 678
1607667121528 0.35430338978767395 679
1607667121668 0.3536168932914734 680
1607667121807 0.3535139858722687 681
1607667121967 0.3527940511703491 682
1607667122122 0.35290563106536865 683
1607667122265 0.3524383306503296 684
1607667122402 0.352467805147171 685
1607667122541 0.351979523897171 686
1607667122715 0.3520806133747101 687
1607667122862 0.35171422362327576 688
1607667123005 0.3521648943424225 689
1607667123145 0.35233306884765625 690
1607667123277 0.3528152108192444 691
1607667123437 0.3532257378101349 692
1607667123585 0.35358959436416626 693
1607667123747 0.3541688323020935 694
1607667123907 0.354631632566452 695
1607667124063 0.35434117913246155 696
1607667124219 0.3541117012500763 697
1607667124444 0.3540804088115692 698
1607667124598 0.3538697063922882 699
1607667124766 0.35397082567214966 700
1607667124922 0.3530551791191101 701
1607667125063 0.3529582619667053 702
1607667125193 0.3528974950313568 703
1607667125325 0.3527519106864929 704
1607667125468 0.353429913520813 705
1607667125607 0.35303404927253723 706
1607667125744 0.35327184200286865 707
1607667125884 0.3531436324119568 708
1607667126027 0.35298973321914673 709
1607667126164 0.3532320559024811 710
1607667126297 0.3528130352497101 711
1607667126439 0.3530130684375763 712
1607667126572 0.35304686427116394 713
1607667126722 0.35344237089157104 714
1607667126860 0.35360461473464966 715
1607667126993 0.35385507345199585 716
1607667127140 0.3534993529319763 717
1607667127287 0.35386139154434204 718
1607667127425 0.353760302066803 719
1607667127568 0.35381510853767395 720
1607667127703 0.35364240407943726 721
1607667127845 0.3539266884326935 722
1607667127979 0.3532971739768982 723
1607667128116 0.35381942987442017 724
1607667128255 0.3539498448371887 725
1607667128398 0.35401493310928345 726
1607667128536 0.3544656038284302 727
1607667128682 0.35317057371139526 728
1607667128816 0.352276474237442 729
1607667128954 0.35178783535957336 730
1607667129089 0.3519943654537201 731
1607667129237 0.35205313563346863 732
1607667129376 0.3523564040660858 733
1607667129514 0.35270780324935913 734
1607667129652 0.353270024061203 735
1607667129790 0.3535875976085663 736
1607667129924 0.354002445936203 737
1607667130056 0.3537539839744568 738
1607667130191 0.3534635305404663 739
1607667130324 0.35361310839653015 740
1607667130467 0.3533836007118225 741
1607667130625 0.3534087538719177 742
1607667130762 0.35276058316230774 743
1607667130896 0.3525964021682739 744
1607667131028 0.35209327936172485 745
1607667131162 0.3521880507469177 746
1607667131318 0.35177120566368103 747
1607667131462 0.35188910365104675 748
1607667131596 0.3519270718097687 749
1607667131740 0.35225948691368103 750
1607667131873 0.3532826900482178 751
1607667132026 0.3535371422767639 752
1607667132166 0.3538552522659302 753
1607667132301 0.3539033532142639 754
1607667132438 0.3538805842399597 755
1607667132603 0.3534318804740906 756
1607667132755 0.35284268856048584 757
1607667132891 0.3519880175590515 758
1607667133032 0.35160917043685913 759
1607667133186 0.3511420488357544 760
1607667133328 0.3509123623371124 761
1607667133466 0.3509378731250763 762
1607667133614 0.3511839807033539 763
1607667133777 0.35152506828308105 764
1607667133923 0.35217756032943726 765
1607667134062 0.35297760367393494 766
1607667134194 0.3534613847732544 767
1607667134351 0.3547142744064331 768
1607667134499 0.3550632894039154 769
1607667134657 0.3558465242385864 770
1607667134809 0.3554379940032959 771
1607667134963 0.35463395714759827 772
1607667135123 0.35357728600502014 773
1607667135271 0.3527710735797882 774
1607667135423 0.3516176640987396 775
1607667135560 0.35082826018333435 776
1607667135724 0.3500768542289734 777
1607667135879 0.349784255027771 778
1607667136031 0.3495822548866272 779
1607667136192 0.34955909848213196 780
1607667136340 0.34976744651794434 781
1607667136488 0.3503211736679077 782
1607667136657 0.35120731592178345 783
1607667136831 0.35226815938949585 784
1607667136976 0.35347023606300354 785
1607667137126 0.35422563552856445 786
1607667137288 0.3546384871006012 787
1607667137427 0.3540066182613373 788
1607667137574 0.3536849021911621 789
1607667137727 0.3529352843761444 790
1607667137875 0.3525081276893616 791
1607667138021 0.35160717368125916 792
1607667138171 0.3515104055404663 793
1607667138312 0.3516388237476349 794
1607667138462 0.35173356533050537 795
1607667138606 0.35210612416267395 796
1607667138743 0.3524996340274811 797
1607667138879 0.3530239164829254 798
1607667139028 0.3528595268726349 799
1607667139172 0.35354384779930115 800
1607667139315 0.3530132472515106 801
1607667139461 0.3529985845088959 802
1607667139613 0.3523375988006592 803
1607667139758 0.3518471419811249 804
1607667139913 0.3517588973045349 805
1607667140056 0.35165563225746155 806
1607667140202 0.35153356194496155 807
1607667140336 0.3518936336040497 808
1607667140469 0.35186612606048584 809
1607667140611 0.3524640202522278 810
1607667140751 0.3528786897659302 811
1607667140885 0.3526470363140106 812
1607667141029 0.35297346115112305 813
1607667141162 0.3525839149951935 814
1607667141297 0.35251861810684204 815
1607667141439 0.3521355986595154 816
1607667141579 0.35165128111839294 817
1607667141715 0.3515169322490692 818
1607667141849 0.35110822319984436 819
1607667141982 0.3511463701725006 820
1607667142117 0.3505736291408539 821
1607667142263 0.3507801592350006 822
1607667142411 0.35037580132484436 823
1607667142560 0.350950688123703 824
1607667142730 0.3505631387233734 825
1607667142893 0.3512684404850006 826
1607667143042 0.3512599468231201 827
1607667143190 0.35211044549942017 828
1607667143325 0.35261988639831543 829
1607667143460 0.3533398509025574 830
1607667143623 0.3539373576641083 831
1607667143769 0.35381999611854553 832
1607667143903 0.35406556725502014 833
1607667144048 0.35410627722740173 834
1607667144212 0.3530257046222687 835
1607667144356 0.35282009840011597 836
1607667144496 0.35180917382240295 837
1607667144627 0.3517822325229645 838
1607667144777 0.35083043575286865 839
1607667144925 0.3508559465408325 840
1607667145063 0.3504432439804077 841
1607667145198 0.3506517708301544 842
1607667145332 0.3506958782672882 843
1607667145483 0.35079896450042725 844
1607667145629 0.3509170711040497 845
1607667145758 0.35099682211875916 846
1607667145890 0.3519444465637207 847
1607667146044 0.3517167568206787 848
1607667146190 0.3520495295524597 849
1607667146321 0.3517758846282959 850
1607667146454 0.3520958125591278 851
1607667146609 0.3520663380622864 852
1607667146748 0.35203269124031067 853
1607667146881 0.35186198353767395 854
1607667147013 0.35225802659988403 855
1607667147164 0.35226598381996155 856
1607667147297 0.352643221616745 857
1607667147436 0.3523585796356201 858
1607667147569 0.35265371203422546 859
1607667147722 0.352417528629303 860
1607667147869 0.3522999882698059 861
1607667148028 0.3518093526363373 862
1607667148200 0.351615846157074 863
1607667148358 0.35145580768585205 864
1607667148531 0.3512348234653473 865
1607667148686 0.350586473941803 866
1607667148839 0.35072121024131775 867
1607667149006 0.35023924708366394 868
1607667149155 0.3506286144256592 869
1607667149294 0.3505150377750397 870
1607667149425 0.3504875600337982 871
1607667149561 0.3506266176700592 872
1607667149691 0.35055699944496155 873
1607667149829 0.3510771095752716 874
1607667149961 0.3512769341468811 875
1607667150102 0.35134854912757874 876
1607667150244 0.3516012132167816 877
1607667150379 0.3517126142978668 878
1607667150509 0.3522263765335083 879
1607667150642 0.35207030177116394 880
1607667150776 0.35217809677124023 881
1607667150911 0.35177356004714966 882
1607667151043 0.3521127998828888 883
1607667151173 0.3511042296886444 884
1607667151309 0.3515697419643402 885
1607667151440 0.3509065806865692 886
1607667151578 0.35113388299942017 887
1607667151723 0.350883424282074 888
1607667151854 0.35086026787757874 889
1607667151993 0.3508792817592621 890
1607667152127 0.350761353969574 891
1607667152262 0.3510834276676178 892
1607667152390 0.35101181268692017 893
1607667152527 0.35147079825401306 894
1607667152661 0.3515612483024597 895
1607667152794 0.35220956802368164 896
1607667152932 0.35229384899139404 897
1607667153065 0.3518831431865692 898
1607667153200 0.3518308699131012 899
1607667153346 0.351438969373703 900
1607667153483 0.35127711296081543 901
1607667153612 0.35076767206192017 902
1607667153755 0.3503676652908325 903
1607667153897 0.3505615293979645 904
1607667154030 0.3503844738006592 905
1607667154163 0.3508792817592621 906
1607667154296 0.35159286856651306 907
1607667154430 0.3518558442592621 908
1607667154563 0.3525168299674988 909
1607667154697 0.3515315651893616 910
1607667154848 0.3502853810787201 911
1607667154990 0.3503361940383911 912
1607667155128 0.34988969564437866 913
1607667155268 0.3503130376338959 914
1607667155401 0.3499254882335663 915
1607667155548 0.35011520981788635 916
1607667155684 0.3499339818954468 917
1607667155831 0.349974125623703 918
1607667155971 0.34966886043548584 919
1607667156103 0.3495258390903473 920
1607667156257 0.3495636284351349 921
1607667156398 0.34937426447868347 922
1607667156543 0.3495109975337982 923
1607667156685 0.3496564030647278 924
1607667156823 0.35035082697868347 925
1607667156958 0.35111507773399353 926
1607667157096 0.35170862078666687 927
1607667157256 0.353062242269516 928
1607667157392 0.35339030623435974 929
1607667157532 0.3538326323032379 930
1607667157676 0.35293999314308167 931
1607667157831 0.3528074324131012 932
1607667157973 0.35127079486846924 933
1607667158102 0.3504772484302521 934
1607667158237 0.3496120870113373 935
1607667158372 0.34933215379714966 936
1607667158526 0.34918275475502014 937
1607667158665 0.3489406108856201 938
1607667158802 0.34926071763038635 939
1607667158933 0.3494710326194763 940
1607667159065 0.3503132164478302 941
1607667159220 0.35082030296325684 942
1607667159355 0.3517594337463379 943
1607667159487 0.3525526225566864 944
1607667159622 0.3533864915370941 945
1607667159771 0.35293132066726685 946
1607667159917 0.3531065583229065 947
1607667160079 0.35183486342430115 948
1607667160228 0.3520222008228302 949
1607667160374 0.3510201573371887 950
1607667160516 0.3505150377750397 951
1607667160668 0.3499215245246887 952
1607667160815 0.34966689348220825 953
1607667160971 0.34991517663002014 954
1607667161119 0.3500732481479645 955
1607667161264 0.3498372435569763 956
1607667161428 0.35058486461639404 957
1607667161589 0.35049405694007874 958
1607667161735 0.3513825535774231 959
1607667161903 0.350881427526474 960
1607667162055 0.35106879472732544 961
1607667162214 0.3506816029548645 962
1607667162363 0.35048773884773254 963
1607667162500 0.3500332832336426 964
1607667162635 0.34970685839653015 965
1607667162776 0.3494607210159302 966
1607667162905 0.34942489862442017 967
1607667163045 0.349485844373703 968
1607667163181 0.35000181198120117 969
1607667163317 0.3503067195415497 970
1607667163447 0.35090693831443787 971
1607667163584 0.3507845103740692 972
1607667163722 0.35158276557922363 973
1607667163854 0.3514874577522278 974
1607667163992 0.3516773283481598 975
1607667164130 0.35122233629226685 976
1607667164268 0.35182473063468933 977
1607667164405 0.35140135884284973 978
1607667164539 0.3520180583000183 979
1607667164675 0.35169199109077454 980
1607667164811 0.3518538475036621 981
1607667164960 0.35214662551879883 982
1607667165125 0.35201388597488403 983
1607667165277 0.35256528854370117 984
1607667165649 0.3523719608783722 985
1607667165815 0.3521820604801178 986
1607667165954 0.35164567828178406 987
1607667166084 0.351041316986084 988
1607667166217 0.3501068651676178 989
1607667166354 0.34967121481895447 990
1607667166493 0.3494080901145935 991
1607667166623 0.3491133153438568 992
1607667166771 0.34926286339759827 993
1607667166924 0.3488333821296692 994
1607667167065 0.3494628965854645 995
1607667167203 0.34947338700294495 996
1607667167337 0.3497679829597473 997
1607667167473 0.34987956285476685 998
1607667167607 0.35038700699806213 999
