1607667026398 0.47393736243247986 0
1607667026535 0.46462905406951904 1
1607667026670 0.4568033516407013 2
1607667026804 0.4524625241756439 3
1607667026937 0.44634172320365906 4
1607667027068 0.44236576557159424 5
1607667027201 0.4402354955673218 6
1607667027329 0.43899115920066833 7
1607667027460 0.43840914964675903 8
1607667027590 0.4380674362182617 9
1607667027724 0.4372944235801697 10
1607667027866 0.4354448914527893 11
1607667027997 0.4345232844352722 12
1607667028122 0.43400299549102783 13
1607667028249 0.43374693393707275 14
1607667028382 0.43359997868537903 15
1607667028514 0.43187442421913147 16
1607667028659 0.4309050738811493 17
1607667028817 0.4303719997406006 18
1607667028964 0.430128812789917 19
1607667029101 0.4298897385597229 20
1607667029237 0.42895033955574036 21
1607667029370 0.4279988706111908 22
1607667029497 0.4274234473705292 23
1607667029627 0.42663711309432983 24
1607667029762 0.42582446336746216 25
1607667029894 0.42457979917526245 26
1607667030028 0.4231216013431549 27
1607667030158 0.4216843843460083 28
1607667030288 0.4208930432796478 29
1607667030423 0.42054978013038635 30
1607667030557 0.4204128682613373 31
1607667030688 0.42035508155822754 32
1607667030820 0.41974595189094543 33
1607667030951 0.4183017313480377 34
1607667031080 0.41722896695137024 35
1607667031213 0.41579219698905945 36
1607667031340 0.4154449701309204 37
1607667031469 0.41528913378715515 38
1607667031599 0.41574087738990784 39
1607667031727 0.4153969883918762 40
1607667031857 0.41435542702674866 41
1607667031987 0.41232022643089294 42
1607667032117 0.41137614846229553 43
1607667032248 0.4103148579597473 44
1607667032387 0.40991729497909546 45
1607667032514 0.4088900089263916 46
1607667032643 0.4080142676830292 47
1607667032778 0.4068130552768707 48
1607667032906 0.4067184031009674 49
1607667033033 0.4062999486923218 50
1607667033161 0.4061566889286041 51
1607667033288 0.4056980609893799 52
1607667033419 0.404296338558197 53
1607667033558 0.40383079648017883 54
1607667033713 0.4033348262310028 55
1607667033844 0.40245577692985535 56
1607667033979 0.4014245569705963 57
1607667034108 0.4008219838142395 58
1607667034239 0.4001185894012451 59
1607667034371 0.40065547823905945 60
1607667034501 0.4009755253791809 61
1607667034635 0.40040820837020874 62
1607667034767 0.3989490568637848 63
1607667034899 0.39706316590309143 64
1607667035050 0.3958229720592499 65
1607667035190 0.3950352668762207 66
1607667035324 0.39524978399276733 67
1607667035456 0.39543578028678894 68
1607667035590 0.39599722623825073 69
1607667035724 0.3962329924106598 70
1607667035858 0.3960714638233185 71
1607667035999 0.39505091309547424 72
1607667036259 0.3947681486606598 73
1607667036395 0.3947579860687256 74
1607667036523 0.39391764998435974 75
1607667036653 0.39308038353919983 76
1607667036779 0.3926509916782379 77
1607667036914 0.39136555790901184 78
1607667037045 0.39075013995170593 79
1607667037177 0.3899310529232025 80
1607667037323 0.38877803087234497 81
1607667037462 0.3879665732383728 82
1607667037590 0.38696086406707764 83
1607667037722 0.3865903615951538 84
1607667037858 0.3865240812301636 85
1607667037989 0.38675031065940857 86
1607667038123 0.3876020014286041 87
1607667038256 0.38830164074897766 88
1607667038409 0.38853850960731506 89
1607667038543 0.38795578479766846 90
1607667038675 0.38676148653030396 91
1607667038808 0.3856165111064911 92
1607667038955 0.3848033845424652 93
1607667039106 0.38447585701942444 94
1607667039261 0.3848678171634674 95
1607667039413 0.3851514458656311 96
1607667039573 0.38466569781303406 97
1607667039733 0.38339608907699585 98
1607667039886 0.38190075755119324 99
1607667040039 0.3818055987358093 100
1607667040195 0.38114601373672485 101
1607667040359 0.38151460886001587 102
1607667040511 0.3813556730747223 103
1607667040651 0.3814219832420349 104
1607667040793 0.3812844157218933 105
1607667040925 0.3820232152938843 106
1607667041063 0.38223573565483093 107
1607667041195 0.38242068886756897 108
1607667041326 0.3825530409812927 109
1607667041462 0.38158470392227173 110
1607667041593 0.3815183639526367 111
1607667041727 0.37994900345802307 112
1607667041854 0.37942424416542053 113
1607667041998 0.3794088065624237 114
1607667042130 0.3792370557785034 115
1607667042260 0.3791533410549164 116
1607667042393 0.378752201795578 117
1607667042522 0.3780784606933594 118
1607667042659 0.37815746665000916 119
1607667042814 0.3775675892829895 120
1607667042952 0.3774169981479645 121
1607667043083 0.3769880533218384 122
1607667043218 0.3767281174659729 123
1607667043352 0.37724748253822327 124
1607667043483 0.3773389458656311 125
1607667043615 0.37733063101768494 126
1607667043746 0.3783389925956726 127
1607667043879 0.3789850175380707 128
1607667044015 0.37926626205444336 129
1607667044147 0.3796594738960266 130
1607667044281 0.3782065808773041 131
1607667044417 0.3767926096916199 132
1607667044553 0.37577301263809204 133
1607667044682 0.374137282371521 134
1607667044816 0.3737581670284271 135
1607667044949 0.37323713302612305 136
1607667045084 0.3733876645565033 137
1607667045214 0.3737071752548218 138
1607667045347 0.3748110830783844 139
1607667045478 0.3748026192188263 140
1607667045641 0.3750896453857422 141
1607667045777 0.37405914068222046 142
1607667045906 0.3739166855812073 143
1607667046036 0.3734443187713623 144
1607667046166 0.3730309307575226 145
1607667046335 0.37329527735710144 146
1607667046476 0.37393033504486084 147
1607667046610 0.3735239803791046 148
1607667046739 0.37468087673187256 149
1607667046884 0.3741965591907501 150
1607667047042 0.3736480474472046 151
1607667047181 0.37347733974456787 152
1607667047315 0.37273967266082764 153
1607667047452 0.37258973717689514 154
1607667047608 0.3719761073589325 155
1607667047746 0.3718593716621399 156
1607667047875 0.37173333764076233 157
1607667048002 0.3715766966342926 158
1607667048164 0.3715845048427582 159
1607667048300 0.3717721402645111 160
1607667048438 0.37121686339378357 161
1607667048563 0.3716220557689667 162
1607667048707 0.3715742826461792 163
1607667048877 0.3721998333930969 164
1607667049020 0.37205183506011963 165
1607667049161 0.3717452585697174 166
1607667049294 0.37200063467025757 167
1607667049437 0.3717542290687561 168
1607667049630 0.37107938528060913 169
1607667049780 0.37101826071739197 170
1607667049914 0.3703875243663788 171
1607667050046 0.3701198399066925 172
1607667050185 0.36966028809547424 173
1607667050339 0.3690999746322632 174
1607667050483 0.36897343397140503 175
1607667050610 0.3688094913959503 176
1607667050747 0.36947697401046753 177
1607667050879 0.36975711584091187 178
1607667051033 0.3705591559410095 179
1607667051195 0.3708111047744751 180
1607667051344 0.3715471625328064 181
1607667051522 0.371401309967041 182
1607667051675 0.3688659965991974 183
1607667051833 0.3682072162628174 184
1607667051986 0.3685535192489624 185
1607667052140 0.3682785928249359 186
1607667052289 0.3692445755004883 187
1607667052447 0.36902207136154175 188
1607667052583 0.369289368391037 189
1607667052714 0.36919301748275757 190
1607667052844 0.3687923848628998 191
1607667052976 0.3685070872306824 192
1607667053109 0.36790016293525696 193
1607667053247 0.36791911721229553 194
1607667053385 0.3678647577762604 195
1607667053517 0.36823925375938416 196
1607667053654 0.36808958649635315 197
1607667053783 0.36861005425453186 198
1607667053916 0.36820167303085327 199
1607667054045 0.36784863471984863 200
1607667054181 0.367730975151062 201
1607667054317 0.36723533272743225 202
1607667054448 0.36705994606018066 203
1607667054590 0.3663616180419922 204
1607667054728 0.36620908975601196 205
1607667054858 0.36607223749160767 206
1607667054994 0.36627596616744995 207
1607667055126 0.3660700023174286 208
1607667055259 0.3671465516090393 209
1607667055390 0.3674033284187317 210
1607667055522 0.36784395575523376 211
1607667055651 0.3693835139274597 212
1607667055794 0.36810025572776794 213
1607667055930 0.36812591552734375 214
1607667056065 0.3673170208930969 215
1607667056199 0.36754220724105835 216
1607667056332 0.3672529458999634 217
1607667056463 0.36693480610847473 218
1607667056602 0.3671453297138214 219
1607667056731 0.3671354651451111 220
1607667056860 0.3672122061252594 221
1607667056997 0.36750584840774536 222
1607667057130 0.36759212613105774 223
1607667057266 0.3677375316619873 224
1607667057398 0.3677949011325836 225
1607667057525 0.36705347895622253 226
1607667057656 0.3664921820163727 227
1607667057810 0.36644867062568665 228
1607667057948 0.3659728765487671 229
1607667058077 0.36559930443763733 230
1607667058216 0.3653238117694855 231
1607667058351 0.3651368021965027 232
1607667058501 0.36446449160575867 233
1607667058642 0.36449161171913147 234
1607667058773 0.364377498626709 235
1607667058902 0.36484190821647644 236
1607667059035 0.36524611711502075 237
1607667059186 0.36545655131340027 238
1607667059324 0.3662096858024597 239
1607667059462 0.3671894073486328 240
1607667059592 0.3672671616077423 241
1607667059724 0.3671793043613434 242
1607667059872 0.36618122458457947 243
1607667060011 0.3661508560180664 244
1607667060148 0.3656443655490875 245
1607667060279 0.36547693610191345 246
1607667060412 0.3653169572353363 247
1607667060562 0.3650921881198883 248
1607667060709 0.36485472321510315 249
1607667060844 0.3645727038383484 250
1607667060976 0.3648242950439453 251
1607667061109 0.3654203712940216 252
1607667061261 0.36526721715927124 253
1607667061406 0.36507442593574524 254
1607667061539 0.3641923666000366 255
1607667061671 0.36421850323677063 256
1607667061803 0.3636547029018402 257
1607667061959 0.3632155954837799 258
1607667062098 0.3626421391963959 259
1607667062227 0.3625161051750183 260
1607667062362 0.36278775334358215 261
1607667062490 0.3632868528366089 262
1607667062639 0.363323450088501 263
1607667062773 0.36415237188339233 264
1607667062903 0.36445102095603943 265
1607667063030 0.3644739091396332 266
1607667063166 0.3644387423992157 267
1607667063316 0.36398017406463623 268
1607667063468 0.36445310711860657 269
1607667063628 0.3643154203891754 270
1607667063784 0.3644602596759796 271
1607667063939 0.364848792552948 272
1607667064085 0.36534714698791504 273
1607667064223 0.365304559469223 274
1607667064378 0.3646673858165741 275
1607667064539 0.36457183957099915 276
1607667064686 0.36374661326408386 277
1607667064825 0.3629509508609772 278
1607667064963 0.3619597256183624 279
1607667065095 0.36190950870513916 280
1607667065229 0.361631840467453 281
1607667065361 0.36184021830558777 282
1607667065492 0.36148279905319214 283
1607667065618 0.36221015453338623 284
1607667065756 0.3619992733001709 285
1607667065909 0.3625800907611847 286
1607667066058 0.3630405366420746 287
1607667066192 0.3634827733039856 288
1607667066324 0.3638972342014313 289
1607667066454 0.36372220516204834 290
1607667066599 0.3641600012779236 291
1607667066730 0.3632330894470215 292
1607667066867 0.3638312816619873 293
1607667067007 0.3628312945365906 294
1607667067148 0.36337560415267944 295
1607667067301 0.36356666684150696 296
1607667067441 0.36315950751304626 297
1607667067573 0.3638124465942383 298
1607667067712 0.3637806177139282 299
1607667067855 0.3632974624633789 300
1607667067984 0.36302927136421204 301
1607667068129 0.3621430993080139 302
1607667068293 0.36224377155303955 303
1607667068431 0.3616720139980316 304
1607667068571 0.36167001724243164 305
1607667068714 0.3612239956855774 306
1607667068843 0.3616268038749695 307
1607667068975 0.36188045144081116 308
1607667069102 0.3624892234802246 309
1607667069233 0.3627609312534332 310
1607667069365 0.36314958333969116 311
1607667069511 0.36351561546325684 312
1607667069648 0.3630320131778717 313
1607667069805 0.3630283772945404 314
1607667069945 0.3614982068538666 315
1607667070077 0.36137068271636963 316
1607667070214 0.360508531332016 317
1607667070347 0.36097341775894165 318
1607667070512 0.36084893345832825 319
1607667070644 0.3612077236175537 320
1607667070786 0.3620671033859253 321
1607667070926 0.3624314069747925 322
1607667071060 0.36358094215393066 323
1607667071211 0.36335983872413635 324
1607667071353 0.3632020652294159 325
1607667071511 0.3623064458370209 326
1607667071654 0.36172959208488464 327
1607667071784 0.3615416884422302 328
1607667071947 0.3606026768684387 329
1607667072098 0.3605947494506836 330
1607667072230 0.36006465554237366 331
1607667072368 0.36013996601104736 332
1607667072508 0.36001622676849365 333
1607667072661 0.360011488199234 334
1607667072821 0.36022046208381653 335
1607667072960 0.36067673563957214 336
1607667073098 0.360738068819046 337
1607667073221 0.36102908849716187 338
1607667073381 0.36107751727104187 339
1607667073516 0.3611496388912201 340
1607667073654 0.36135366559028625 341
1607667073787 0.3613353967666626 342
1607667073926 0.3608548641204834 343
1607667074083 0.36109036207199097 344
1607667074219 0.3602616488933563 345
1607667074350 0.36052656173706055 346
1607667074492 0.3595549166202545 347
1607667074646 0.35963690280914307 348
1607667074810 0.35947859287261963 349
1607667074956 0.35934770107269287 350
1607667075141 0.3595133423805237 351
1607667075297 0.35974743962287903 352
1607667075467 0.35998478531837463 353
1607667075622 0.3603486716747284 354
1607667075777 0.3607710003852844 355
1607667075990 0.3609778881072998 356
1607667076137 0.36178115010261536 357
1607667076294 0.36130326986312866 358
1607667076445 0.36143171787261963 359
1607667076603 0.3610366880893707 360
1607667076748 0.3606186807155609 361
1607667076883 0.3606172204017639 362
1607667077022 0.36004456877708435 363
1607667077186 0.3600040376186371 364
1607667077313 0.3584368824958801 365
1607667077451 0.35798072814941406 366
1607667077582 0.3580259084701538 367
1607667077724 0.35795462131500244 368
1607667077859 0.3582778871059418 369
1607667077991 0.35887983441352844 370
1607667078125 0.35928237438201904 371
1607667078254 0.3596414625644684 372
1607667078387 0.36088067293167114 373
1607667078518 0.3609941899776459 374
1607667078659 0.3626766502857208 375
1607667078790 0.3618364930152893 376
1607667078938 0.3614986538887024 377
1607667079079 0.3598628044128418 378
1607667079215 0.35923653841018677 379
1607667079347 0.3579724431037903 380
1607667079481 0.35803040862083435 381
1607667079616 0.3571719229221344 382
1607667079753 0.35750991106033325 383
1607667079894 0.35737210512161255 384
1607667080032 0.35807353258132935 385
1607667080176 0.359092116355896 386
1607667080321 0.35954713821411133 387
1607667080457 0.3599686324596405 388
1607667080595 0.3599559962749481 389
1607667080725 0.3600987493991852 390
1607667080853 0.35954904556274414 391
1607667080985 0.35916775465011597 392
1607667081119 0.3583402931690216 393
1607667081252 0.3584969937801361 394
1607667081386 0.35827815532684326 395
1607667081522 0.35790178179740906 396
1607667081657 0.3584543764591217 397
1607667081791 0.35866135358810425 398
1607667081922 0.3588525056838989 399
1607667082070 0.3595286011695862 400
1607667082208 0.3594381511211395 401
1607667082344 0.3601204454898834 402
1607667082475 0.360184907913208 403
1607667082615 0.36033064126968384 404
1607667082774 0.36020830273628235 405
1607667082913 0.3599907457828522 406
1607667083048 0.35887956619262695 407
1607667083182 0.3585720658302307 408
1607667083317 0.35765203833580017 409
1607667083469 0.3572933077812195 410
1607667083612 0.3565325438976288 411
1607667083749 0.3566931486129761 412
1607667083885 0.3563634157180786 413
1607667084013 0.3566969335079193 414
1607667084166 0.35686200857162476 415
1607667084307 0.3571469187736511 416
1607667084437 0.35816338658332825 417
1607667084570 0.3590364456176758 418
1607667084698 0.36034107208251953 419
1607667084853 0.3612734079360962 420
1607667084993 0.361770898103714 421
1607667085145 0.36075258255004883 422
1607667085278 0.35986340045928955 423
1607667085416 0.3593757450580597 424
1607667085578 0.35806068778038025 425
1607667085719 0.35749703645706177 426
1607667085854 0.35693833231925964 427
1607667086000 0.3570813536643982 428
1607667086157 0.3575551211833954 429
1607667086318 0.3577934801578522 430
1607667086463 0.35861092805862427 431
1607667086595 0.35828667879104614 432
1607667086732 0.3585047423839569 433
1607667086869 0.358367919921875 434
1607667087017 0.35830825567245483 435
1607667087164 0.357552170753479 436
1607667087323 0.35699695348739624 437
1607667087472 0.35675379633903503 438
1607667087639 0.35661858320236206 439
1607667087797 0.35656341910362244 440
1607667087957 0.35646188259124756 441
1607667088105 0.3568514287471771 442
1607667088259 0.35724303126335144 443
1607667088420 0.3571789860725403 444
1607667088577 0.35788828134536743 445
1607667088726 0.35770559310913086 446
1607667088871 0.3580079674720764 447
1607667088999 0.3574054539203644 448
1607667089145 0.35751956701278687 449
1607667089284 0.35722237825393677 450
1607667089417 0.3576771914958954 451
1607667089548 0.3571231961250305 452
1607667089678 0.3578478991985321 453
1607667089808 0.3577314019203186 454
1607667089942 0.35765257477760315 455
1607667090089 0.3578769266605377 456
1607667090223 0.357310950756073 457
1607667090354 0.35745805501937866 458
1607667090485 0.3569160997867584 459
1607667090615 0.35685795545578003 460
1607667090746 0.35628971457481384 461
1607667090876 0.35585203766822815 462
1607667091018 0.3561994433403015 463
1607667091147 0.3559856414794922 464
1607667091283 0.35629308223724365 465
1607667091429 0.35615256428718567 466
1607667091563 0.35662370920181274 467
1607667091699 0.35658398270606995 468
1607667091831 0.3576468825340271 469
1607667091965 0.3578838109970093 470
1607667092098 0.35841965675354004 471
1607667092243 0.35882124304771423 472
1607667092387 0.35869795083999634 473
1607667092525 0.35944628715515137 474
1607667092681 0.35923469066619873 475
1607667092817 0.3588545620441437 476
1607667092949 0.35796958208084106 477
1607667093079 0.3577887713909149 478
1607667093210 0.3572791516780853 479
1607667093348 0.35669445991516113 480
1607667093484 0.35626623034477234 481
1607667093621 0.35635906457901 482
1607667093756 0.35589417815208435 483
1607667093889 0.35653361678123474 484
1607667094022 0.35654816031455994 485
1607667094172 0.3567746579647064 486
1607667094317 0.3573213815689087 487
1607667094454 0.35738199949264526 488
1607667094586 0.3576641082763672 489
1607667094723 0.3579404950141907 490
1607667094877 0.3573804497718811 491
1607667095030 0.3583013117313385 492
1607667095160 0.3576644957065582 493
1607667095288 0.35768193006515503 494
1607667095416 0.35701823234558105 495
1607667095569 0.356977254152298 496
1607667095710 0.35641175508499146 497
1607667095841 0.35631582140922546 498
1607667095971 0.35588538646698 499
1607667096100 0.3556835353374481 500
1607667096251 0.35547909140586853 501
1607667096387 0.3555837869644165 502
1607667096521 0.35603052377700806 503
1607667096654 0.3562331199645996 504
1607667096781 0.35680773854255676 505
1607667096933 0.3566840589046478 506
1607667097071 0.35739821195602417 507
1607667097206 0.35687893629074097 508
1607667097345 0.3569883406162262 509
1607667097481 0.35599517822265625 510
1607667097640 0.3560854196548462 511
1607667097777 0.3556073307991028 512
1607667097920 0.355368971824646 513
1607667098078 0.355172336101532 514
1607667098226 0.3551984429359436 515
1607667098382 0.3558602035045624 516
1607667098520 0.3558835983276367 517
1607667098661 0.3568653166294098 518
1607667098797 0.357030987739563 519
1607667098935 0.3575763702392578 520
1607667099087 0.35712990164756775 521
1607667099234 0.35706961154937744 522
1607667099391 0.35649964213371277 523
1607667099543 0.35613328218460083 524
1607667099680 0.3550938069820404 525
1607667099813 0.3546428680419922 526
1607667099947 0.35425466299057007 527
1607667100112 0.3541538715362549 528
1607667100452 0.35390791296958923 529
1607667100611 0.354137122631073 530
1607667100753 0.35433992743492126 531
1607667100895 0.35510265827178955 532
1607667101033 0.3552982807159424 533
1607667101165 0.35642486810684204 534
1607667101296 0.356733500957489 535
1607667101426 0.35681819915771484 536
1607667101561 0.3563605844974518 537
1607667101705 0.3558267652988434 538
1607667101854 0.35569697618484497 539
1607667101993 0.3554134964942932 540
1607667102130 0.35528016090393066 541
1607667102266 0.3553595244884491 542
1607667102397 0.3559916317462921 543
1607667102534 0.35673215985298157 544
1607667102677 0.35688111186027527 545
1607667102808 0.35678985714912415 546
1607667102940 0.3545997738838196 547
1607667103070 0.3547110855579376 548
1607667103199 0.35448095202445984 549
1607667103329 0.3549538254737854 550
1607667103459 0.3552010655403137 551
1607667103600 0.3552808165550232 552
1607667103747 0.3562169373035431 553
1607667103893 0.35632437467575073 554
1607667104029 0.35674986243247986 555
1607667104174 0.35640567541122437 556
1607667104317 0.3561825752258301 557
1607667104455 0.35590797662734985 558
1607667104594 0.35570836067199707 559
1607667104730 0.3552008867263794 560
1607667104871 0.35461488366127014 561
1607667105012 0.3542909622192383 562
1607667105157 0.3539043366909027 563
1607667105296 0.35412007570266724 564
1607667105438 0.35402876138687134 565
1607667105582 0.3545166552066803 566
1607667105717 0.3551068902015686 567
1607667105852 0.35589829087257385 568
1607667105994 0.35649538040161133 569
1607667106146 0.35693448781967163 570
1607667106279 0.3569847643375397 571
1607667106433 0.35693249106407166 572
1607667106580 0.3562472462654114 573
1607667106718 0.35527631640434265 574
1607667106852 0.35441434383392334 575
1607667106988 0.3536752760410309 576
1607667107137 0.35310983657836914 577
1607667107281 0.3527109920978546 578
1607667107414 0.35245028138160706 579
1607667107543 0.35250169038772583 580
1607667107684 0.35273292660713196 581
1607667107844 0.3531189560890198 582
1607667107982 0.3537514805793762 583
1607667108113 0.35462138056755066 584
1607667108246 0.35510942339897156 585
1607667108377 0.35584646463394165 586
1607667108530 0.3553655743598938 587
1607667108675 0.3562985062599182 588
1607667108808 0.35592561960220337 589
1607667108943 0.35591426491737366 590
1607667109075 0.3554898798465729 591
1607667109226 0.35562244057655334 592
1607667109363 0.3552599549293518 593
1607667109497 0.35557007789611816 594
1607667109626 0.3550730347633362 595
1607667109758 0.35560089349746704 596
1607667109910 0.3551628589630127 597
1607667110050 0.35559338331222534 598
1607667110182 0.35525745153427124 599
1607667110313 0.3553296625614166 600
1607667110445 0.35503336787223816 601
1607667110595 0.35454627871513367 602
1607667110738 0.35427185893058777 603
1607667110875 0.35382288694381714 604
1607667111021 0.35356301069259644 605
1607667111165 0.35342732071876526 606
1607667111332 0.35363006591796875 607
1607667111493 0.3537299633026123 608
1607667111679 0.35411322116851807 609
1607667111840 0.35444551706314087 610
1607667112001 0.35503697395324707 611
1607667112160 0.3564941883087158 612
1607667112301 0.35581016540527344 613
1607667112447 0.3564368784427643 614
1607667112606 0.3547372817993164 615
1607667112758 0.35512810945510864 616
1607667112910 0.3536209464073181 617
1607667113049 0.35329878330230713 618
1607667113193 0.35253533720970154 619
1607667113341 0.3528434932231903 620
1607667113485 0.3532255291938782 621
1607667113627 0.35329487919807434 622
1607667113763 0.35431548953056335 623
1607667113903 0.35485807061195374 624
1607667114040 0.3554219603538513 625
1607667114183 0.3553318679332733 626
1607667114324 0.35554900765419006 627
1607667114455 0.3556368947029114 628
1607667114591 0.3557422161102295 629
1607667114725 0.35533297061920166 630
1607667114856 0.35508763790130615 631
1607667114988 0.35503852367401123 632
1607667115129 0.35451385378837585 633
1607667115264 0.3543223738670349 634
1607667115397 0.35364362597465515 635
1607667115534 0.3532276749610901 636
1607667115670 0.3527875244617462 637
1607667115802 0.35274770855903625 638
1607667115940 0.35246148705482483 639
1607667116078 0.3529452085494995 640
1607667116208 0.3528524935245514 641
1607667116345 0.35357198119163513 642
1607667116482 0.3543665409088135 643
1607667116616 0.3555290997028351 644
1607667116751 0.35553422570228577 645
1607667116882 0.35630112886428833 646
1607667117015 0.3551078140735626 647
1607667117153 0.3555368185043335 648
1607667117281 0.35421454906463623 649
1607667117413 0.35385948419570923 650
1607667117552 0.3528798520565033 651
1607667117686 0.35280653834342957 652
1607667117822 0.35273459553718567 653
1607667117960 0.35280168056488037 654
1607667118095 0.3533112704753876 655
1607667118227 0.3535073399543762 656
1607667118384 0.35414475202560425 657
1607667118526 0.3543057441711426 658
1607667118662 0.3544386327266693 659
1607667118800 0.35433638095855713 660
1607667118934 0.3546276092529297 661
1607667119097 0.3544153869152069 662
1607667119241 0.35443031787872314 663
1607667119377 0.3537139892578125 664
1607667119509 0.35385945439338684 665
1607667119647 0.3538331091403961 666
1607667119797 0.35351037979125977 667
1607667119939 0.35353410243988037 668
1607667120082 0.3532137870788574 669
1607667120221 0.35321736335754395 670
1607667120355 0.35318875312805176 671
1607667120517 0.353140264749527 672
1607667120658 0.35352444648742676 673
1607667120795 0.35337331891059875 674
1607667120933 0.3538474440574646 675
1607667121074 0.35359230637550354 676
1607667121233 0.3542667329311371 677
1607667121383 0.35403063893318176 678
1607667121528 0.35429614782333374 679
1607667121668 0.35365810990333557 680
1607667121807 0.3535202443599701 681
1607667121967 0.35282695293426514 682
1607667122122 0.3528817296028137 683
1607667122265 0.352425754070282 684
1607667122402 0.3524334728717804 685
1607667122541 0.35194113850593567 686
1607667122715 0.3520653247833252 687
1607667122862 0.35172978043556213 688
1607667123005 0.3521586060523987 689
1607667123145 0.3523564040660858 690
1607667123277 0.3528319299221039 691
1607667123437 0.3532247245311737 692
1607667123585 0.3535609543323517 693
1607667123747 0.3541397452354431 694
1607667123907 0.35459455847740173 695
1607667124063 0.35434189438819885 696
1607667124219 0.35413089394569397 697
1607667124444 0.3540889620780945 698
1607667124598 0.35385870933532715 699
1607667124766 0.3539665937423706 700
1607667124922 0.3530687987804413 701
1607667125063 0.35298430919647217 702
1607667125193 0.3529098331928253 703
1607667125325 0.3527505695819855 704
1607667125468 0.3534211814403534 705
1607667125607 0.35296908020973206 706
1607667125744 0.35326409339904785 707
1607667125884 0.3531312048435211 708
1607667126027 0.3529435694217682 709
1607667126164 0.35322678089141846 710
1607667126297 0.352818101644516 711
1607667126439 0.3530089557170868 712
1607667126572 0.35305604338645935 713
1607667126722 0.35345014929771423 714
1607667126860 0.3535618185997009 715
1607667126993 0.35389137268066406 716
1607667127140 0.3535136282444 717
1607667127287 0.3538694679737091 718
1607667127425 0.3537865877151489 719
1607667127568 0.35381534695625305 720
1607667127703 0.3536263108253479 721
1607667127845 0.3539299964904785 722
1607667127979 0.3533010482788086 723
1607667128116 0.3537968695163727 724
1607667128255 0.353937029838562 725
1607667128398 0.3540143370628357 726
1607667128536 0.35445094108581543 727
1607667128682 0.3531142473220825 728
1607667128816 0.3522598445415497 729
1607667128954 0.35179340839385986 730
1607667129089 0.35199013352394104 731
1607667129237 0.35207051038742065 732
1607667129376 0.35232916474342346 733
1607667129514 0.3527091145515442 734
1607667129652 0.35331615805625916 735
1607667129790 0.3535638153553009 736
1607667129924 0.3539978563785553 737
1607667130056 0.3537737727165222 738
1607667130191 0.35346314311027527 739
1607667130324 0.35358861088752747 740
1607667130467 0.35337039828300476 741
1607667130625 0.35338592529296875 742
1607667130762 0.35277676582336426 743
1607667130896 0.35257887840270996 744
1607667131028 0.3520943224430084 745
1607667131162 0.3521956503391266 746
1607667131318 0.3517463207244873 747
1607667131462 0.351889967918396 748
1607667131596 0.35197415947914124 749
1607667131740 0.3522780239582062 750
1607667131873 0.3532674014568329 751
1607667132026 0.35354721546173096 752
1607667132166 0.3538079559803009 753
1607667132301 0.3538987636566162 754
1607667132438 0.353875070810318 755
1607667132603 0.35343456268310547 756
1607667132755 0.35285502672195435 757
1607667132891 0.3519650399684906 758
1607667133032 0.35161322355270386 759
1607667133186 0.35115018486976624 760
1607667133328 0.35091498494148254 761
1607667133466 0.3509100377559662 762
1607667133614 0.3511914014816284 763
1607667133777 0.35151857137680054 764
1607667133923 0.3521842360496521 765
1607667134062 0.35296863317489624 766
1607667134194 0.3534383773803711 767
1607667134351 0.35470160841941833 768
1607667134499 0.3550555408000946 769
1607667134657 0.35584789514541626 770
1607667134809 0.35541656613349915 771
1607667134963 0.35461854934692383 772
1607667135123 0.35359469056129456 773
1607667135271 0.3527834415435791 774
1607667135423 0.35162442922592163 775
1607667135560 0.3508409559726715 776
1607667135724 0.3500933051109314 777
1607667135879 0.3497619926929474 778
1607667136031 0.34955188632011414 779
1607667136192 0.34956294298171997 780
1607667136340 0.349786639213562 781
1607667136488 0.35033318400382996 782
1607667136657 0.351148784160614 783
1607667136831 0.35224854946136475 784
1607667136976 0.35343804955482483 785
1607667137126 0.35424941778182983 786
1607667137288 0.3546179533004761 787
1607667137427 0.3540113866329193 788
1607667137574 0.3536502718925476 789
1607667137727 0.3529336154460907 790
1607667137875 0.35251957178115845 791
1607667138021 0.351588636636734 792
1607667138171 0.35152775049209595 793
1607667138312 0.35166311264038086 794
1607667138462 0.3517122268676758 795
1607667138606 0.35208582878112793 796
1607667138743 0.352516770362854 797
1607667138879 0.3529973328113556 798
1607667139028 0.3529118001461029 799
1607667139172 0.3535383641719818 800
1607667139315 0.3530484735965729 801
1607667139461 0.3529699146747589 802
1607667139613 0.3523251712322235 803
1607667139758 0.35182687640190125 804
1607667139913 0.3517444431781769 805
1607667140056 0.35160860419273376 806
1607667140202 0.3515489101409912 807
1607667140336 0.35187339782714844 808
1607667140469 0.3518761396408081 809
1607667140611 0.35249343514442444 810
1607667140751 0.352892130613327 811
1607667140885 0.3526274859905243 812
1607667141029 0.3529585599899292 813
1607667141162 0.3525586426258087 814
1607667141297 0.3525218963623047 815
1607667141439 0.35212260484695435 816
1607667141579 0.35165295004844666 817
1607667141715 0.3515028655529022 818
1607667141849 0.35106468200683594 819
1607667141982 0.3511236011981964 820
1607667142117 0.35055088996887207 821
1607667142263 0.3507901132106781 822
1607667142411 0.3503783643245697 823
1607667142560 0.3509350121021271 824
1607667142730 0.3505813181400299 825
1607667142893 0.35125577449798584 826
1607667143042 0.351244181394577 827
1607667143190 0.3521290421485901 828
1607667143325 0.35260581970214844 829
1607667143460 0.35330963134765625 830
1607667143623 0.3539111614227295 831
1607667143769 0.35381054878234863 832
1607667143903 0.3540518879890442 833
1607667144048 0.3541080057621002 834
1607667144212 0.3530350625514984 835
1607667144356 0.3528272807598114 836
1607667144496 0.35183143615722656 837
1607667144627 0.35177645087242126 838
1607667144777 0.35081642866134644 839
1607667144925 0.350852906703949 840
1607667145063 0.35046523809432983 841
1607667145198 0.35065025091171265 842
1607667145332 0.35069766640663147 843
1607667145483 0.35080426931381226 844
1607667145629 0.35095033049583435 845
1607667145758 0.35096848011016846 846
1607667145890 0.35193774104118347 847
1607667146044 0.3517172038555145 848
1607667146190 0.3520351052284241 849
1607667146321 0.35177627205848694 850
1607667146454 0.35208842158317566 851
1607667146609 0.3520682454109192 852
1607667146748 0.35205668210983276 853
1607667146881 0.35184240341186523 854
1607667147013 0.3522684872150421 855
1607667147164 0.35226553678512573 856
1607667147297 0.3526434004306793 857
1607667147436 0.35233253240585327 858
1607667147569 0.3526555895805359 859
1607667147722 0.352446585893631 860
1607667147869 0.3522796332836151 861
1607667148028 0.3518393933773041 862
1607667148200 0.351572185754776 863
1607667148358 0.3514566719532013 864
1607667148531 0.3512127995491028 865
1607667148686 0.35056716203689575 866
1607667148839 0.3507123589515686 867
1607667149006 0.35024505853652954 868
1607667149155 0.35064685344696045 869
1607667149294 0.3505244255065918 870
1607667149425 0.3504718542098999 871
1607667149561 0.35067489743232727 872
1607667149691 0.3505551218986511 873
1607667149829 0.3510942757129669 874
1607667149961 0.3512590825557709 875
1607667150102 0.3513374924659729 876
1607667150244 0.35162830352783203 877
1607667150379 0.3517270088195801 878
1607667150509 0.3522496521472931 879
1607667150642 0.3520544767379761 880
1607667150776 0.3521818518638611 881
1607667150911 0.3517422080039978 882
1607667151043 0.35207289457321167 883
1607667151173 0.3510960042476654 884
1607667151309 0.35157039761543274 885
1607667151440 0.35089489817619324 886
1607667151578 0.351123571395874 887
1607667151723 0.3509030342102051 888
1607667151854 0.35086461901664734 889
1607667151993 0.3508574366569519 890
1607667152127 0.3507261872291565 891
1607667152262 0.3510853350162506 892
1607667152390 0.35101863741874695 893
1607667152527 0.3514799177646637 894
1607667152661 0.35156384110450745 895
1607667152794 0.3522258698940277 896
1607667152932 0.35227760672569275 897
1607667153065 0.35189083218574524 898
1607667153200 0.3518371284008026 899
1607667153346 0.35142606496810913 900
1607667153483 0.35126766562461853 901
1607667153612 0.35077816247940063 902
1607667153755 0.35040587186813354 903
1607667153897 0.3505409061908722 904
1607667154030 0.3504299521446228 905
1607667154163 0.35086604952812195 906
1607667154296 0.35160282254219055 907
1607667154430 0.35182780027389526 908
1607667154563 0.3524857461452484 909
1607667154697 0.3515372574329376 910
1607667154848 0.3503161072731018 911
1607667154990 0.3503192663192749 912
1607667155128 0.3498988747596741 913
1607667155268 0.3503301739692688 914
1607667155401 0.349931001663208 915
1607667155548 0.3501107394695282 916
1607667155684 0.3499378263950348 917
1607667155831 0.34997978806495667 918
1607667155971 0.3496902883052826 919
1607667156103 0.3494955003261566 920
1607667156257 0.3495450019836426 921
1607667156398 0.34935808181762695 922
1607667156543 0.3494977653026581 923
1607667156685 0.34965240955352783 924
1607667156823 0.35036757588386536 925
1607667156958 0.35110366344451904 926
1607667157096 0.3517168462276459 927
1607667157256 0.35309579968452454 928
1607667157392 0.3533739745616913 929
1607667157532 0.35384756326675415 930
1607667157676 0.3529248833656311 931
1607667157831 0.3528140187263489 932
1607667157973 0.35127395391464233 933
1607667158102 0.35046622157096863 934
1607667158237 0.34966719150543213 935
1607667158372 0.3493213653564453 936
1607667158526 0.3491281569004059 937
1607667158665 0.3489532768726349 938
1607667158802 0.349240243434906 939
1607667158933 0.3494921624660492 940
1607667159065 0.3503418266773224 941
1607667159220 0.3508625626564026 942
1607667159355 0.3517359793186188 943
1607667159487 0.35254406929016113 944
1607667159622 0.3533690273761749 945
1607667159771 0.35292646288871765 946
1607667159917 0.3530910015106201 947
1607667160079 0.35185301303863525 948
1607667160228 0.35201337933540344 949
1607667160374 0.3510153293609619 950
1607667160516 0.3505047559738159 951
1607667160668 0.34992527961730957 952
1607667160815 0.34966325759887695 953
1607667160971 0.3499014377593994 954
1607667161119 0.3500640094280243 955
1607667161264 0.3498604893684387 956
1607667161428 0.35058021545410156 957
1607667161589 0.3505089282989502 958
1607667161735 0.35137325525283813 959
1607667161903 0.35089385509490967 960
1607667162055 0.35106128454208374 961
1607667162214 0.35070478916168213 962
1607667162363 0.3504745662212372 963
1607667162500 0.35002395510673523 964
1607667162635 0.34967681765556335 965
1607667162776 0.34945327043533325 966
1607667162905 0.3493971824645996 967
1607667163045 0.3495001494884491 968
1607667163181 0.3500085175037384 969
1607667163317 0.3503130078315735 970
1607667163447 0.35090315341949463 971
1607667163584 0.35077086091041565 972
1607667163722 0.3515510857105255 973
1607667163854 0.35146650671958923 974
1607667163992 0.3516908288002014 975
1607667164130 0.35121944546699524 976
1607667164268 0.3518078923225403 977
1607667164405 0.35140424966812134 978
1607667164539 0.35201942920684814 979
1607667164675 0.35168933868408203 980
1607667164811 0.3518202304840088 981
1607667164960 0.35213038325309753 982
1607667165125 0.3520078659057617 983
1607667165277 0.35256972908973694 984
1607667165649 0.3523140549659729 985
1607667165815 0.35218092799186707 986
1607667165954 0.35164880752563477 987
1607667166084 0.35104450583457947 988
1607667166217 0.3501088619232178 989
1607667166354 0.3496474027633667 990
1607667166493 0.3494105935096741 991
1607667166623 0.3491330146789551 992
1607667166771 0.3492606580257416 993
1607667166924 0.34881889820098877 994
1607667167065 0.3494775593280792 995
1607667167203 0.349447101354599 996
1607667167337 0.34976544976234436 997
1607667167473 0.34987279772758484 998
1607667167607 0.35039326548576355 999
