1607612062894 0.47417503595352173 0
1607612063020 0.4682312607765198 1
1607612063169 0.45734646916389465 2
1607612063314 0.4508911669254303 3
1607612063436 0.44551920890808105 4
1607612063553 0.4415265619754791 5
1607612063672 0.4393514394760132 6
1607612063789 0.4386707544326782 7
1607612063904 0.43800076842308044 8
1607612064021 0.4366362392902374 9
1607612064151 0.4357934892177582 10
1607612064271 0.43570244312286377 11
1607612064394 0.4352864921092987 12
1607612064514 0.434857577085495 13
1607612064639 0.4343128204345703 14
1607612064774 0.4340105652809143 15
1607612064900 0.43268266320228577 16
1607612065026 0.43158552050590515 17
1607612065147 0.4303688406944275 18
1607612065269 0.4290691316127777 19
1607612065400 0.42760172486305237 20
1607612065543 0.42668023705482483 21
1607612065674 0.42616134881973267 22
1607612065802 0.42527076601982117 23
1607612065918 0.4240052103996277 24
1607612066038 0.42326077818870544 25
1607612066155 0.42297205328941345 26
1607612066276 0.4226447343826294 27
1607612066397 0.4224146902561188 28
1607612066530 0.42189326882362366 29
1607612066655 0.42091917991638184 30
1607612066781 0.41931894421577454 31
1607612066901 0.41802042722702026 32
1607612067023 0.41694819927215576 33
1607612067145 0.41595780849456787 34
1607612067263 0.41557833552360535 35
1607612067382 0.4151337444782257 36
1607612067497 0.41462963819503784 37
1607612067612 0.41404587030410767 38
1607612067728 0.41388702392578125 39
1607612067840 0.4138759970664978 40
1607612067963 0.4132058918476105 41
1607612068083 0.41134798526763916 42
1607612068201 0.40890616178512573 43
1607612068317 0.40740966796875 44
1607612068443 0.40675806999206543 45
1607612068561 0.40657520294189453 46
1607612068683 0.4066769778728485 47
1607612068800 0.40668579936027527 48
1607612068921 0.4056586027145386 49
1607612069046 0.4041511118412018 50
1607612069175 0.4029848575592041 51
1607612069293 0.4028853476047516 52
1607612069409 0.4038372039794922 53
1607612069530 0.40431341528892517 54
1607612069657 0.4036328196525574 55
1607612069783 0.40223613381385803 56
1607612069903 0.4001518785953522 57
1607612070032 0.4002922773361206 58
1607612070172 0.40013161301612854 59
1607612070313 0.4004787802696228 60
1607612070430 0.40089449286460876 61
1607612070549 0.3987734317779541 62
1607612070666 0.3972422480583191 63
1607612070783 0.3965018689632416 64
1607612070906 0.39513060450553894 65
1607612071043 0.3946714401245117 66
1607612071164 0.39473116397857666 67
1607612071288 0.39418941736221313 68
1607612071412 0.39325863122940063 69
1607612071541 0.3924840986728668 70
1607612071662 0.3921404480934143 71
1607612071788 0.3916478157043457 72
1607612071909 0.3914097845554352 73
1607612072025 0.39096251130104065 74
1607612072141 0.3916182518005371 75
1607612072270 0.39287611842155457 76
1607612072395 0.39155295491218567 77
1607612072515 0.39036476612091064 78
1607612072636 0.3889399468898773 79
1607612072755 0.38885384798049927 80
1607612072886 0.38847291469573975 81
1607612073011 0.3879210650920868 82
1607612073125 0.3876894414424896 83
1607612073244 0.3876749575138092 84
1607612073362 0.38742485642433167 85
1607612073483 0.3866995871067047 86
1607612073607 0.3859231173992157 87
1607612073725 0.385772168636322 88
1607612073845 0.38628995418548584 89
1607612073972 0.3862752616405487 90
1607612074100 0.38681861758232117 91
1607612074220 0.38612091541290283 92
1607612074347 0.38580289483070374 93
1607612074475 0.38478749990463257 94
1607612074599 0.3839755058288574 95
1607612074718 0.38372716307640076 96
1607612074849 0.3844890594482422 97
1607612074965 0.38357990980148315 98
1607612075086 0.3833855092525482 99
1607612075206 0.38386890292167664 100
1607612075325 0.3830481767654419 101
1607612075444 0.3826691210269928 102
1607612075569 0.38231098651885986 103
1607612075711 0.381052702665329 104
1607612075834 0.3815646171569824 105
1607612075950 0.3807215392589569 106
1607612076069 0.38103803992271423 107
1607612076209 0.38089707493782043 108
1607612076343 0.38024428486824036 109
1607612076480 0.37972840666770935 110
1607612076622 0.3798576295375824 111
1607612076752 0.37932679057121277 112
1607612076918 0.37882673740386963 113
1607612077044 0.37881216406822205 114
1607612077196 0.3790108561515808 115
1607612077337 0.3788788914680481 116
1607612077476 0.3786042630672455 117
1607612077616 0.3779052793979645 118
1607612077757 0.3773882985115051 119
1607612077881 0.3767806589603424 120
1607612078015 0.37559500336647034 121
1607612078154 0.3751504719257355 122
1607612078284 0.37459123134613037 123
1607612078410 0.37457677721977234 124
1607612078540 0.37487176060676575 125
1607612078663 0.37514781951904297 126
1607612078791 0.37559857964515686 127
1607612078912 0.37618130445480347 128
1607612079031 0.3763701319694519 129
1607612079154 0.3761322498321533 130
1607612079276 0.37601423263549805 131
1607612079401 0.3764152526855469 132
1607612079523 0.3750111162662506 133
1607612079648 0.3743140995502472 134
1607612079767 0.3735245168209076 135
1607612079887 0.3735370934009552 136
1607612080010 0.3737531006336212 137
1607612080135 0.3745388090610504 138
1607612080257 0.3740798532962799 139
1607612080380 0.3740193545818329 140
1607612080645 0.3737291693687439 141
1607612080774 0.3727101981639862 142
1607612080894 0.3722632825374603 143
1607612081019 0.3719410300254822 144
1607612081151 0.37131375074386597 145
1607612081285 0.3704257905483246 146
1607612081410 0.37126821279525757 147
1607612081532 0.37229201197624207 148
1607612081663 0.37350133061408997 149
1607612081787 0.3750292956829071 150
1607612081926 0.3751680552959442 151
1607612082049 0.37424060702323914 152
1607612082178 0.372804194688797 153
1607612082307 0.37186506390571594 154
1607612082432 0.3704553246498108 155
1607612082557 0.3699716627597809 156
1607612082684 0.3698573112487793 157
1607612082817 0.3704944849014282 158
1607612082940 0.37099748849868774 159
1607612083057 0.3722028136253357 160
1607612083175 0.37221696972846985 161
1607612083290 0.37194231152534485 162
1607612083409 0.3720923662185669 163
1607612083524 0.37085193395614624 164
1607612083657 0.3706075847148895 165
1607612083774 0.36962276697158813 166
1607612083896 0.36986738443374634 167
1607612084018 0.36981672048568726 168
1607612084143 0.3699776232242584 169
1607612084268 0.36959534883499146 170
1607612084390 0.3694162666797638 171
1607612084511 0.3692474067211151 172
1607612084635 0.3689197599887848 173
1607612084782 0.3691205382347107 174
1607612084924 0.3690027892589569 175
1607612085047 0.36837032437324524 176
1607612085174 0.36844855546951294 177
1607612085306 0.368661493062973 178
1607612085445 0.36895471811294556 179
1607612085569 0.3691384196281433 180
1607612085697 0.368345707654953 181
1607612085819 0.36874574422836304 182
1607612085938 0.3682999312877655 183
1607612086061 0.3684927225112915 184
1607612086197 0.36894136667251587 185
1607612086334 0.3686861991882324 186
1607612086457 0.368537575006485 187
1607612086606 0.36848098039627075 188
1607612086753 0.3690508008003235 189
1607612086884 0.369253933429718 190
1607612087031 0.3688853085041046 191
1607612087156 0.36873167753219604 192
1607612087322 0.36783599853515625 193
1607612087455 0.36781367659568787 194
1607612087579 0.36734136939048767 195
1607612087696 0.36688441038131714 196
1607612087839 0.3666875660419464 197
1607612087969 0.3665349781513214 198
1607612088089 0.36672544479370117 199
1607612088218 0.36732569336891174 200
1607612088366 0.3678478002548218 201
1607612088495 0.36789315938949585 202
1607612088627 0.3669913113117218 203
1607612088748 0.3671085238456726 204
1607612088875 0.3666721284389496 205
1607612089023 0.36650943756103516 206
1607612089164 0.36605072021484375 207
1607612089313 0.3661811351776123 208
1607612089445 0.3663840889930725 209
1607612089569 0.36707672476768494 210
1607612089694 0.3671436607837677 211
1607612089827 0.3671848773956299 212
1607612089979 0.3671828508377075 213
1607612090117 0.3669329285621643 214
1607612090264 0.3667794466018677 215
1607612090398 0.3659977316856384 216
1607612090521 0.36596089601516724 217
1607612090650 0.36574849486351013 218
1607612090784 0.365797221660614 219
1607612090907 0.3652728497982025 220
1607612091032 0.36479830741882324 221
1607612091157 0.3647259771823883 222
1607612091283 0.364367812871933 223
1607612091407 0.36493438482284546 224
1607612091532 0.36494141817092896 225
1607612091650 0.36514535546302795 226
1607612091774 0.365200936794281 227
1607612091905 0.3652574121952057 228
1607612092024 0.3660713732242584 229
1607612092149 0.3661414682865143 230
1607612092272 0.365518718957901 231
1607612092397 0.3650628626346588 232
1607612092520 0.3651602864265442 233
1607612092644 0.3643939197063446 234
1607612092767 0.36396655440330505 235
1607612092887 0.36371126770973206 236
1607612093009 0.36358314752578735 237
1607612093131 0.3645552396774292 238
1607612093253 0.365261048078537 239
1607612093386 0.3653222620487213 240
1607612093512 0.36649423837661743 241
1607612093636 0.36653387546539307 242
1607612093755 0.36602655053138733 243
1607612093878 0.36521223187446594 244
1607612094007 0.3651740849018097 245
1607612094138 0.36487799882888794 246
1607612094283 0.3644261658191681 247
1607612094415 0.3640320599079132 248
1607612094547 0.36437833309173584 249
1607612094690 0.36479562520980835 250
1607612094822 0.36465898156166077 251
1607612094945 0.36394640803337097 252
1607612095068 0.36395522952079773 253
1607612095204 0.36349767446517944 254
1607612095329 0.3630914092063904 255
1607612095448 0.36268383264541626 256
1607612095572 0.3626054525375366 257
1607612095688 0.3624347746372223 258
1607612095811 0.3627278208732605 259
1607612095928 0.3628777265548706 260
1607612096048 0.3632109761238098 261
1607612096172 0.36303356289863586 262
1607612096311 0.3630727231502533 263
1607612096445 0.3632350265979767 264
1607612096565 0.3632987141609192 265
1607612096684 0.36292946338653564 266
1607612096810 0.3630101978778839 267
1607612096931 0.3629743456840515 268
1607612097056 0.3630160093307495 269
1607612097180 0.3632248640060425 270
1607612097307 0.36271852254867554 271
1607612097447 0.3627099394798279 272
1607612097566 0.36213332414627075 273
1607612097687 0.36214756965637207 274
1607612097835 0.3617090880870819 275
1607612097957 0.36216968297958374 276
1607612098078 0.36266857385635376 277
1607612098200 0.36287468671798706 278
1607612098324 0.36325013637542725 279
1607612098474 0.36318716406822205 280
1607612098619 0.36352530121803284 281
1607612098738 0.36329618096351624 282
1607612098875 0.36314165592193604 283
1607612099021 0.362454891204834 284
1607612099155 0.3620253801345825 285
1607612099280 0.3611375093460083 286
1607612099407 0.3609008193016052 287
1607612099530 0.36030641198158264 288
1607612099646 0.36040642857551575 289
1607612099794 0.3604317307472229 290
1607612099922 0.36054033041000366 291
1607612100052 0.3609483540058136 292
1607612100171 0.3613491952419281 293
1607612100313 0.36207079887390137 294
1607612100441 0.36293479800224304 295
1607612100563 0.362888902425766 296
1607612100678 0.36306366324424744 297
1607612100809 0.3623972237110138 298
1607612100938 0.3623546063899994 299
1607612101063 0.36185088753700256 300
1607612101184 0.3614840507507324 301
1607612101305 0.3610582649707794 302
1607612101452 0.3607062101364136 303
1607612101595 0.3610840439796448 304
1607612101733 0.3614780604839325 305
1607612101860 0.3621600568294525 306
1607612101984 0.3625302016735077 307
1607612102118 0.36214679479599 308
1607612102257 0.3623879551887512 309
1607612102401 0.3621021509170532 310
1607612102544 0.36192578077316284 311
1607612102697 0.3609940707683563 312
1607612102838 0.36012786626815796 313
1607612102968 0.3601558804512024 314
1607612103099 0.35958924889564514 315
1607612103218 0.3598484694957733 316
1607612103346 0.36008137464523315 317
1607612103476 0.36052918434143066 318
1607612103604 0.3609212636947632 319
1607612103729 0.36116892099380493 320
1607612103856 0.36155804991722107 321
1607612103982 0.3618641793727875 322
1607612104105 0.36112189292907715 323
1607612104247 0.3601655960083008 324
1607612104385 0.3595205247402191 325
1607612104545 0.35920560359954834 326
1607612104691 0.35882431268692017 327
1607612104828 0.35833853483200073 328
1607612104952 0.3581886887550354 329
1607612105075 0.3583192825317383 330
1607612105193 0.35864830017089844 331
1607612105317 0.3589124381542206 332
1607612105441 0.35969990491867065 333
1607612105560 0.36035066843032837 334
1607612105691 0.3613218665122986 335
1607612105820 0.3616732358932495 336
1607612105943 0.3613576591014862 337
1607612106063 0.3610585331916809 338
1607612106183 0.36055877804756165 339
1607612106305 0.3599734306335449 340
1607612106423 0.35973668098449707 341
1607612106541 0.35933470726013184 342
1607612106656 0.3593188524246216 343
1607612106783 0.35965511202812195 344
1607612106901 0.35974931716918945 345
1607612107029 0.3602326512336731 346
1607612107149 0.36031216382980347 347
1607612107272 0.36028823256492615 348
1607612107393 0.3599347770214081 349
1607612107513 0.35957562923431396 350
1607612107634 0.3598417043685913 351
1607612107757 0.3598394989967346 352
1607612107889 0.3591499924659729 353
1607612108018 0.3590807616710663 354
1607612108149 0.35917121171951294 355
1607612108279 0.35974350571632385 356
1607612108405 0.35971859097480774 357
1607612108526 0.3596048951148987 358
1607612108671 0.35917752981185913 359
1607612108792 0.3592337369918823 360
1607612108910 0.358769953250885 361
1607612109033 0.35821104049682617 362
1607612109155 0.35813936591148376 363
1607612109287 0.3575699031352997 364
1607612109419 0.3576798141002655 365
1607612109549 0.3578011393547058 366
1607612109675 0.3582662045955658 367
1607612109795 0.358467161655426 368
1607612109922 0.3591533303260803 369
1607612110049 0.3594065010547638 370
1607612110173 0.35985860228538513 371
1607612110293 0.3596535623073578 372
1607612110412 0.35969847440719604 373
1607612110548 0.3605671525001526 374
1607612110674 0.3604695796966553 375
1607612110794 0.36033642292022705 376
1607612110917 0.3598051369190216 377
1607612111056 0.3602515459060669 378
1607612111185 0.3603430986404419 379
1607612111309 0.3600308895111084 380
1607612111428 0.35941341519355774 381
1607612111548 0.35929587483406067 382
1607612111703 0.3586713969707489 383
1607612111827 0.3584122061729431 384
1607612111944 0.3579384982585907 385
1607612112069 0.3573463261127472 386
1607612112193 0.3573779761791229 387
1607612112333 0.3571498990058899 388
1607612112468 0.3574460744857788 389
1607612112589 0.3579096496105194 390
1607612112713 0.3581865131855011 391
1607612112834 0.3586420714855194 392
1607612112974 0.35892999172210693 393
1607612113100 0.35878193378448486 394
1607612113218 0.35807281732559204 395
1607612113342 0.35730278491973877 396
1607612113485 0.35660773515701294 397
1607612113642 0.3559853434562683 398
1607612113785 0.35550418496131897 399
1607612113942 0.35537993907928467 400
1607612114095 0.355418860912323 401
1607612114233 0.3558977544307709 402
1607612114375 0.35638412833213806 403
1607612114517 0.35745903849601746 404
1607612114657 0.35852861404418945 405
1607612114800 0.35890939831733704 406
1607612114953 0.3597487807273865 407
1607612115081 0.3593119978904724 408
1607612115209 0.35942262411117554 409
1607612115330 0.3590227961540222 410
1607612115458 0.35837557911872864 411
1607612115580 0.3578231930732727 412
1607612115704 0.35844194889068604 413
1607612115827 0.35823747515678406 414
1607612115946 0.35889679193496704 415
1607612116070 0.35861334204673767 416
1607612116189 0.35888269543647766 417
1607612116307 0.3582427501678467 418
1607612116432 0.35761967301368713 419
1607612116560 0.3575673997402191 420
1607612116687 0.3566993772983551 421
1607612116821 0.3566898703575134 422
1607612116942 0.356391966342926 423
1607612117070 0.3568713963031769 424
1607612117194 0.3563421964645386 425
1607612117314 0.35711225867271423 426
1607612117437 0.3571018576622009 427
1607612117556 0.3578580617904663 428
1607612117678 0.35766011476516724 429
1607612117799 0.35758519172668457 430
1607612117925 0.3571036159992218 431
1607612118048 0.3566839098930359 432
1607612118163 0.3567184507846832 433
1607612118292 0.3563210964202881 434
1607612118415 0.35600173473358154 435
1607612118546 0.35589659214019775 436
1607612118664 0.3563178479671478 437
1607612118803 0.3567741811275482 438
1607612118928 0.3575701117515564 439
1607612119047 0.3578856587409973 440
1607612119166 0.3586409389972687 441
1607612119301 0.35848096013069153 442
1607612119433 0.3587310016155243 443
1607612119558 0.3579857349395752 444
1607612119680 0.3572345972061157 445
1607612119807 0.3565124273300171 446
1607612119938 0.35535648465156555 447
1607612120063 0.3551401197910309 448
1607612120186 0.35446083545684814 449
1607612120303 0.3546093702316284 450
1607612120439 0.3544509708881378 451
1607612120573 0.3548597991466522 452
1607612120709 0.3551415801048279 453
1607612120829 0.35579779744148254 454
1607612120955 0.35610488057136536 455
1607612121093 0.3568972647190094 456
1607612121215 0.3573487401008606 457
1607612121331 0.3581879138946533 458
1607612121469 0.35766929388046265 459
1607612121593 0.3579489290714264 460
1607612121731 0.3571292757987976 461
1607612121858 0.3573355972766876 462
1607612121997 0.3570517897605896 463
1607612122138 0.35669517517089844 464
1607612122275 0.3568309247493744 465
1607612122398 0.35696882009506226 466
1607612122528 0.35766512155532837 467
1607612122663 0.3574526309967041 468
1607612122816 0.3572145104408264 469
1607612122955 0.3569026589393616 470
1607612123088 0.35659727454185486 471
1607612123226 0.35604479908943176 472
1607612123350 0.3554791808128357 473
1607612123483 0.3550407290458679 474
1607612123611 0.35526975989341736 475
1607612123731 0.354655385017395 476
1607612123849 0.35433459281921387 477
1607612123971 0.35432371497154236 478
1607612124095 0.3542420566082001 479
1607612124223 0.35454291105270386 480
1607612124350 0.35472550988197327 481
1607612124477 0.35539278388023376 482
1607612124608 0.3553556203842163 483
1607612124735 0.3559677302837372 484
1607612124874 0.3558865785598755 485
1607612125025 0.35647329688072205 486
1607612125177 0.35613447427749634 487
1607612125338 0.35586196184158325 488
1607612125468 0.35552674531936646 489
1607612125594 0.35516634583473206 490
1607612125717 0.35507920384407043 491
1607612125837 0.354722261428833 492
1607612125965 0.3544510304927826 493
1607612126091 0.3541279435157776 494
1607612126212 0.3543599545955658 495
1607612126335 0.35415148735046387 496
1607612126469 0.3544277548789978 497
1607612126598 0.3550766408443451 498
1607612126730 0.35525062680244446 499
1607612126854 0.355806827545166 500
1607612126980 0.35588347911834717 501
1607612127107 0.3562299609184265 502
1607612127228 0.3568144142627716 503
1607612127352 0.35716018080711365 504
1607612127471 0.35725948214530945 505
1607612127607 0.3571321666240692 506
1607612127732 0.35728028416633606 507
1607612127857 0.3567226827144623 508
1607612127989 0.35673296451568604 509
1607612128112 0.3563694357872009 510
1607612128232 0.355694442987442 511
1607612128354 0.3552083373069763 512
1607612128478 0.3547362685203552 513
1607612128602 0.3549516797065735 514
1607612128739 0.35449063777923584 515
1607612128869 0.3549189567565918 516
1607612128996 0.35490328073501587 517
1607612129126 0.3553890287876129 518
1607612129247 0.3555401563644409 519
1607612129372 0.3557884693145752 520
1607612129505 0.356298565864563 521
1607612129624 0.35608887672424316 522
1607612129752 0.3557283580303192 523
1607612129875 0.35547181963920593 524
1607612129998 0.35492268204689026 525
1607612130140 0.35476258397102356 526
1607612130271 0.3538918197154999 527
1607612130391 0.3537110388278961 528
1607612130510 0.3530348837375641 529
1607612130633 0.3531075119972229 530
1607612130772 0.3530171811580658 531
1607612130896 0.35329288244247437 532
1607612131037 0.3535507619380951 533
1607612131167 0.35402557253837585 534
1607612131286 0.35438409447669983 535
1607612131433 0.35507625341415405 536
1607612131568 0.35537269711494446 537
1607612131698 0.35608336329460144 538
1607612131821 0.3562646210193634 539
1607612131938 0.35602760314941406 540
1607612132073 0.35604265332221985 541
1607612132210 0.35603067278862 542
1607612132343 0.35539114475250244 543
1607612132462 0.35497400164604187 544
1607612132588 0.35480836033821106 545
1607612132726 0.35485002398490906 546
1607612132856 0.3546447157859802 547
1607612132976 0.35409942269325256 548
1607612133096 0.3547344207763672 549
1607612133214 0.35481691360473633 550
1607612133355 0.35536396503448486 551
1607612133483 0.35473740100860596 552
1607612133604 0.3550609052181244 553
1607612133725 0.3544761836528778 554
1607612133842 0.35448282957077026 555
1607612133982 0.3541380763053894 556
1607612134107 0.3540783226490021 557
1607612134225 0.3543420732021332 558
1607612134347 0.3541739583015442 559
1607612134473 0.3541848361492157 560
1607612134617 0.35471904277801514 561
1607612134769 0.3545437753200531 562
1607612134897 0.35523685812950134 563
1607612135049 0.3552647829055786 564
1607612135192 0.3553180694580078 565
1607612135357 0.3551519215106964 566
1607612135508 0.35473883152008057 567
1607612135660 0.35455262660980225 568
1607612135810 0.35436952114105225 569
1607612135942 0.3544239103794098 570
1607612136073 0.3537651002407074 571
1607612136203 0.35420772433280945 572
1607612136322 0.3539186716079712 573
1607612136449 0.35509347915649414 574
1607612136573 0.3551522195339203 575
1607612136695 0.3551119565963745 576
1607612136814 0.3549826741218567 577
1607612136947 0.35493341088294983 578
1607612137247 0.3549327850341797 579
1607612137368 0.35466378927230835 580
1607612137488 0.35417044162750244 581
1607612137609 0.35404255986213684 582
1607612137735 0.3534025251865387 583
1607612137864 0.35328003764152527 584
1607612137997 0.35307586193084717 585
1607612138120 0.3527022898197174 586
1607612138247 0.35276296734809875 587
1607612138371 0.35258880257606506 588
1607612138495 0.3530266284942627 589
1607612138629 0.3533177971839905 590
1607612138756 0.3540525734424591 591
1607612138873 0.3539462983608246 592
1607612138992 0.354755699634552 593
1607612139114 0.3550341725349426 594
1607612139241 0.35518795251846313 595
1607612139364 0.35448455810546875 596
1607612139483 0.35429954528808594 597
1607612139614 0.3541218638420105 598
1607612139743 0.35422781109809875 599
1607612139863 0.35312697291374207 600
1607612139984 0.35354501008987427 601
1607612140102 0.3527415096759796 602
1607612140234 0.35325518250465393 603
1607612140364 0.3530274033546448 604
1607612140487 0.35328876972198486 605
1607612140610 0.3529795706272125 606
1607612140742 0.3531827926635742 607
1607612140864 0.3533535301685333 608
1607612141006 0.3536970019340515 609
1607612141133 0.3533598780632019 610
1607612141255 0.35309240221977234 611
1607612141375 0.3527108132839203 612
1607612141513 0.35252535343170166 613
1607612141638 0.35202720761299133 614
1607612141757 0.3520347774028778 615
1607612141875 0.35190871357917786 616
1607612141993 0.3522968888282776 617
1607612142131 0.35241591930389404 618
1607612142279 0.35297971963882446 619
1607612142421 0.35363835096359253 620
1607612142552 0.3549537658691406 621
1607612142695 0.3547520041465759 622
1607612142819 0.35498636960983276 623
1607612142942 0.354349285364151 624
1607612143072 0.35489147901535034 625
1607612143197 0.35428160429000854 626
1607612143343 0.35410794615745544 627
1607612143476 0.3538723289966583 628
1607612143611 0.3536653518676758 629
1607612143739 0.35321658849716187 630
1607612143867 0.3532009720802307 631
1607612144007 0.3529433608055115 632
1607612144135 0.3529798686504364 633
1607612144250 0.3530241847038269 634
1607612144372 0.3534702956676483 635
1607612144494 0.3539469540119171 636
1607612144629 0.35415762662887573 637
1607612144758 0.35420703887939453 638
1607612144880 0.35448190569877625 639
1607612145001 0.3542062044143677 640
1607612145124 0.3536909222602844 641
1607612145264 0.35304707288742065 642
1607612145394 0.35258054733276367 643
1607612145514 0.35218119621276855 644
1607612145634 0.3523259162902832 645
1607612145772 0.3521251082420349 646
1607612145924 0.3523339033126831 647
1607612146081 0.35169073939323425 648
1607612146238 0.3522648215293884 649
1607612146392 0.3519134819507599 650
1607612146551 0.35239264369010925 651
1607612146678 0.3516063988208771 652
1607612146806 0.3524231016635895 653
1607612146963 0.3518374264240265 654
1607612147094 0.3522964119911194 655
1607612147222 0.35171613097190857 656
1607612147336 0.35165148973464966 657
1607612147456 0.3514385521411896 658
1607612147584 0.35098996758461 659
1607612147702 0.351253479719162 660
1607612147822 0.351259708404541 661
1607612147949 0.35146576166152954 662
1607612148075 0.3517094850540161 663
1607612148207 0.3518618047237396 664
1607612148346 0.35232189297676086 665
1607612148468 0.3528185784816742 666
1607612148585 0.35301637649536133 667
1607612148707 0.35310909152030945 668
1607612148833 0.3534391522407532 669
1607612148960 0.35375261306762695 670
1607612149094 0.3537285625934601 671
1607612149229 0.35417115688323975 672
1607612149363 0.35401755571365356 673
1607612149508 0.353719562292099 674
1607612149636 0.3534589111804962 675
1607612149763 0.3528745174407959 676
1607612149898 0.35320618748664856 677
1607612150021 0.35309237241744995 678
1607612150144 0.35269707441329956 679
1607612150269 0.3522893488407135 680
1607612150388 0.35240447521209717 681
1607612150509 0.35240378975868225 682
1607612150640 0.3523511588573456 683
1607612150761 0.3524203300476074 684
1607612150884 0.35205790400505066 685
1607612151006 0.35215240716934204 686
1607612151147 0.3522011637687683 687
1607612151269 0.35224419832229614 688
1607612151390 0.35244056582450867 689
1607612151515 0.3525635004043579 690
1607612151632 0.35264742374420166 691
1607612151777 0.3532011806964874 692
1607612151916 0.35266220569610596 693
1607612152039 0.3536216616630554 694
1607612152159 0.3532768785953522 695
1607612152288 0.3537544906139374 696
1607612152425 0.35339170694351196 697
1607612152551 0.3536393940448761 698
1607612152670 0.3541288375854492 699
1607612152791 0.3537190854549408 700
1607612152928 0.35291582345962524 701
1607612153073 0.35272830724716187 702
1607612153212 0.35203954577445984 703
1607612153343 0.3520401418209076 704
1607612153478 0.35163360834121704 705
1607612153599 0.3519090712070465 706
1607612153739 0.3521650731563568 707
1607612153869 0.35232821106910706 708
1607612153992 0.35275453329086304 709
1607612154122 0.35340896248817444 710
1607612154246 0.3534223437309265 711
1607612154380 0.35294708609580994 712
1607612154510 0.35246554017066956 713
1607612154635 0.35217127203941345 714
1607612154763 0.3517991900444031 715
1607612154892 0.35117265582084656 716
1607612155051 0.3508302867412567 717
1607612155178 0.3510121703147888 718
1607612155307 0.3506189286708832 719
1607612155426 0.3514014184474945 720
1607612155569 0.3515268564224243 721
1607612155698 0.35236358642578125 722
1607612155819 0.35329174995422363 723
1607612155943 0.35361167788505554 724
1607612156059 0.35415446758270264 725
1607612156200 0.353524774312973 726
1607612156349 0.3536869287490845 727
1607612156509 0.3521728813648224 728
1607612156665 0.35196682810783386 729
1607612156821 0.3510424792766571 730
1607612156981 0.3509499728679657 731
1607612157133 0.3503270447254181 732
1607612157264 0.35081350803375244 733
1607612157409 0.35045745968818665 734
1607612157545 0.35113295912742615 735
1607612157665 0.3512920141220093 736
1607612157792 0.35141369700431824 737
1607612157919 0.35214871168136597 738
1607612158046 0.3527489900588989 739
1607612158169 0.3533411920070648 740
1607612158298 0.35333192348480225 741
1607612158421 0.35281768441200256 742
1607612158551 0.3526650071144104 743
1607612158690 0.35229215025901794 744
1607612158810 0.3521898090839386 745
1607612158950 0.3514597713947296 746
1607612159079 0.35082122683525085 747
1607612159209 0.3507692515850067 748
1607612159340 0.35060861706733704 749
1607612159469 0.3506777286529541 750
1607612159592 0.35129469633102417 751
1607612159718 0.3514985740184784 752
1607612159844 0.3521662652492523 753
1607612159975 0.3518313467502594 754
1607612160119 0.35247060656547546 755
1607612160251 0.35287079215049744 756
1607612160380 0.35257813334465027 757
1607612160510 0.3520366847515106 758
1607612160634 0.35176515579223633 759
1607612160760 0.3518638014793396 760
1607612160886 0.35155364871025085 761
1607612161006 0.3515890836715698 762
1607612161119 0.3514123260974884 763
1607612161245 0.35167592763900757 764
1607612161368 0.35147780179977417 765
1607612161487 0.3517075181007385 766
1607612161604 0.35127338767051697 767
1607612161727 0.3515006899833679 768
1607612161869 0.3510383665561676 769
1607612162008 0.3508256673812866 770
1607612162126 0.3503739535808563 771
1607612162246 0.350302517414093 772
1607612162376 0.35000884532928467 773
1607612162519 0.35027194023132324 774
1607612162677 0.350180983543396 775
1607612162804 0.3505478799343109 776
1607612162926 0.3507000803947449 777
1607612163048 0.3510647118091583 778
1607612163166 0.35124215483665466 779
1607612163292 0.35135170817375183 780
1607612163416 0.35115721821784973 781
1607612163546 0.3510124981403351 782
1607612163669 0.35124748945236206 783
1607612163808 0.35107192397117615 784
1607612163932 0.3510902523994446 785
1607612164054 0.35137268900871277 786
1607612164170 0.3514366149902344 787
1607612164293 0.3514615297317505 788
1607612164428 0.35132288932800293 789
1607612164556 0.3512601852416992 790
1607612164685 0.3514273762702942 791
1607612164809 0.3514712154865265 792
1607612164940 0.35184141993522644 793
1607612165085 0.35137495398521423 794
1607612165212 0.3511849343776703 795
1607612165342 0.3508716821670532 796
1607612165488 0.3514631986618042 797
1607612165629 0.3512859344482422 798
1607612165758 0.35101622343063354 799
1607612165895 0.3506072461605072 800
1607612166038 0.35100850462913513 801
1607612166174 0.3504057824611664 802
1607612166302 0.3507010042667389 803
1607612166434 0.3503621816635132 804
1607612166564 0.3504282534122467 805
1607612166709 0.3510991036891937 806
1607612166834 0.35088905692100525 807
1607612166959 0.3518012762069702 808
1607612167095 0.3525354862213135 809
1607612167240 0.35215747356414795 810
1607612167385 0.35203930735588074 811
1607612167535 0.35152876377105713 812
1607612167698 0.3515496253967285 813
1607612167835 0.35072940587997437 814
1607612167980 0.3504387438297272 815
1607612168111 0.3502362370491028 816
1607612168259 0.35046613216400146 817
1607612168408 0.3504180908203125 818
1607612168539 0.3502167761325836 819
1607612168661 0.35082414746284485 820
1607612168781 0.3507775366306305 821
1607612168905 0.3514323830604553 822
1607612169037 0.35100308060646057 823
1607612169161 0.3513728082180023 824
1607612169292 0.3512409031391144 825
1607612169419 0.3520154356956482 826
1607612169557 0.3515963554382324 827
1607612169692 0.35224536061286926 828
1607612169824 0.35197097063064575 829
1607612169977 0.3522416651248932 830
1607612170127 0.35190966725349426 831
1607612170258 0.35171082615852356 832
1607612170379 0.351148784160614 833
1607612170501 0.3505293130874634 834
1607612170621 0.3501252830028534 835
1607612170752 0.3501051068305969 836
1607612170880 0.3498859107494354 837
1607612171003 0.3504273593425751 838
1607612171137 0.35019534826278687 839
1607612171270 0.35076525807380676 840
1607612171394 0.3508074879646301 841
1607612171524 0.35147324204444885 842
1607612171670 0.35115355253219604 843
1607612171796 0.3513723611831665 844
1607612171929 0.35114169120788574 845
1607612172058 0.35116124153137207 846
1607612172196 0.35071873664855957 847
1607612172318 0.35083726048469543 848
1607612172440 0.35035333037376404 849
1607612172561 0.35058680176734924 850
1607612172699 0.350871205329895 851
1607612172823 0.3507988452911377 852
1607612172948 0.3511052429676056 853
1607612173081 0.3514736294746399 854
1607612173229 0.35151562094688416 855
1607612173362 0.3519149124622345 856
1607612173490 0.3514878749847412 857
1607612173615 0.3514702320098877 858
1607612173757 0.3509434461593628 859
1607612173883 0.3506993055343628 860
1607612174015 0.3501347601413727 861
1607612174135 0.34991776943206787 862
1607612174263 0.3495827317237854 863
1607612174401 0.349540650844574 864
1607612174528 0.3492937684059143 865
1607612174647 0.3499129116535187 866
1607612174768 0.34997475147247314 867
1607612174887 0.35077837109565735 868
1607612175022 0.3505925238132477 869
1607612175151 0.3509838283061981 870
1607612175268 0.3513304889202118 871
1607612175392 0.35181814432144165 872
1607612175521 0.35128310322761536 873
1607612175657 0.3516136407852173 874
1607612175786 0.35078108310699463 875
1607612175909 0.35122451186180115 876
1607612176026 0.3508857190608978 877
1607612176157 0.3506985008716583 878
1607612176281 0.3499124348163605 879
1607612176403 0.3498062789440155 880
1607612176526 0.3496123254299164 881
1607612176644 0.34933552145957947 882
1607612176793 0.3491624593734741 883
1607612176926 0.3494742512702942 884
1607612177048 0.34972110390663147 885
1607612177173 0.3502384424209595 886
1607612177316 0.35059332847595215 887
1607612177445 0.3508296012878418 888
1607612177568 0.3512956500053406 889
1607612177699 0.3510463237762451 890
1607612177822 0.35106348991394043 891
1607612177968 0.35021480917930603 892
1607612178106 0.3498108983039856 893
1607612178250 0.34917744994163513 894
1607612178409 0.3490901291370392 895
1607612178558 0.3483974039554596 896
1607612178709 0.3486591577529907 897
1607612178852 0.34860342741012573 898
1607612179008 0.34893256425857544 899
1607612179168 0.34943363070487976 900
1607612179297 0.3500351905822754 901
1607612179433 0.35033437609672546 902
1607612179565 0.35117122530937195 903
1607612179692 0.35131534934043884 904
1607612179814 0.35172560811042786 905
1607612179941 0.35213518142700195 906
1607612180062 0.3519833981990814 907
1607612180190 0.35184362530708313 908
1607612180320 0.35146844387054443 909
1607612180449 0.3512754440307617 910
1607612180571 0.3510810434818268 911
1607612180699 0.3507559597492218 912
1607612180818 0.35021713376045227 913
1607612180937 0.35009387135505676 914
1607612181058 0.3499896824359894 915
1607612181176 0.35000860691070557 916
1607612181304 0.34976473450660706 917
1607612181431 0.34943872690200806 918
1607612181555 0.3497103452682495 919
1607612181679 0.3495611846446991 920
1607612181802 0.3496860861778259 921
1607612181918 0.3492923974990845 922
1607612182040 0.34945952892303467 923
1607612182157 0.34933823347091675 924
1607612182283 0.3496302366256714 925
1607612182427 0.34933361411094666 926
1607612182585 0.34935393929481506 927
1607612182714 0.3494672477245331 928
1607612182840 0.3493027985095978 929
1607612182960 0.3492726683616638 930
1607612183080 0.34914302825927734 931
1607612183202 0.3492065966129303 932
1607612183341 0.34891796112060547 933
1607612183473 0.34886395931243896 934
1607612183626 0.3490007519721985 935
1607612183779 0.34884941577911377 936
1607612183914 0.3490400016307831 937
1607612184058 0.3489532470703125 938
1607612184201 0.3490237295627594 939
1607612184360 0.34907904267311096 940
1607612184502 0.3493495583534241 941
1607612184629 0.3493551015853882 942
1607612184762 0.34901970624923706 943
1607612184904 0.3490344285964966 944
1607612185042 0.3486361801624298 945
1607612185172 0.34890151023864746 946
1607612185300 0.34888121485710144 947
1607612185425 0.3492419421672821 948
1607612185569 0.3493025302886963 949
1607612185712 0.349446564912796 950
1607612185861 0.35034745931625366 951
1607612186003 0.3507060706615448 952
1607612186156 0.3511565923690796 953
1607612186300 0.3506711721420288 954
1607612186445 0.3513917922973633 955
1607612186598 0.35098057985305786 956
1607612186740 0.35137510299682617 957
1607612186879 0.3520606458187103 958
1607612187020 0.35161271691322327 959
1607612187176 0.3514736592769623 960
1607612187320 0.35064151883125305 961
1607612187460 0.35065609216690063 962
1607612187588 0.34980839490890503 963
1607612187712 0.3489340841770172 964
1607612187847 0.3483082950115204 965
1607612187984 0.34784018993377686 966
1607612188105 0.3479729890823364 967
1607612188230 0.3481062054634094 968
1607612188355 0.3484298288822174 969
1607612188475 0.34832510352134705 970
1607612188603 0.3489939272403717 971
1607612188741 0.34948039054870605 972
1607612188900 0.35026517510414124 973
1607612189041 0.3503248691558838 974
1607612189171 0.3506595492362976 975
1607612189304 0.3509010970592499 976
1607612189436 0.3505416214466095 977
1607612189562 0.3499690592288971 978
1607612189693 0.34933727979660034 979
1607612189827 0.3492545783519745 980
1607612189955 0.3489839732646942 981
1607612190078 0.34871160984039307 982
1607612190207 0.3489260971546173 983
1607612190330 0.3490149974822998 984
1607612190453 0.34969139099121094 985
1607612190575 0.34965819120407104 986
1607612190720 0.3503052294254303 987
1607612190868 0.3502005338668823 988
1607612191036 0.35053113102912903 989
1607612191180 0.3500506281852722 990
1607612191322 0.34999820590019226 991
1607612191449 0.34942689538002014 992
1607612191572 0.3492015600204468 993
1607612191694 0.34912365674972534 994
1607612191813 0.3488551378250122 995
1607612191945 0.3492388129234314 996
1607612192069 0.34915417432785034 997
1607612192199 0.3496318757534027 998
1607612192331 0.3504290282726288 999
