1607665742799 0.4739919602870941 0
1607665742945 0.46464046835899353 1
1607665743087 0.45681387186050415 2
1607665743218 0.4524569511413574 3
1607665743349 0.4463596045970917 4
1607665743488 0.44238606095314026 5
1607665743644 0.44022461771965027 6
1607665743790 0.4390711784362793 7
1607665743923 0.43847763538360596 8
1607665744058 0.43803131580352783 9
1607665744200 0.43725261092185974 10
1607665744336 0.4355475902557373 11
1607665744464 0.43482133746147156 12
1607665744591 0.43411821126937866 13
1607665744722 0.4336845278739929 14
1607665744851 0.4331477880477905 15
1607665744980 0.43149739503860474 16
1607665745116 0.4305291473865509 17
1607665745247 0.42999422550201416 18
1607665745376 0.4300951361656189 19
1607665745509 0.4293496906757355 20
1607665745637 0.4285561442375183 21
1607665745765 0.42790329456329346 22
1607665745896 0.42765480279922485 23
1607665746025 0.4272037744522095 24
1607665746156 0.426163911819458 25
1607665746285 0.42423754930496216 26
1607665746418 0.4234711229801178 27
1607665746545 0.42334672808647156 28
1607665746673 0.4224367141723633 29
1607665746803 0.42116716504096985 30
1607665746931 0.4196556806564331 31
1607665747060 0.4188888967037201 32
1607665747189 0.41856878995895386 33
1607665747318 0.4183449149131775 34
1607665747450 0.41781431436538696 35
1607665747584 0.4157298803329468 36
1607665747715 0.41439706087112427 37
1607665747844 0.41394421458244324 38
1607665747974 0.4138849079608917 39
1607665748105 0.41426360607147217 40
1607665748234 0.4141872823238373 41
1607665748365 0.41295138001441956 42
1607665748494 0.41055554151535034 43
1607665748623 0.40871745347976685 44
1607665748758 0.4074479043483734 45
1607665748887 0.4072623550891876 46
1607665749016 0.4074493646621704 47
1607665749141 0.4085941016674042 48
1607665749281 0.40881258249282837 49
1607665749417 0.40721064805984497 50
1607665749545 0.4053663909435272 51
1607665749681 0.4051891565322876 52
1607665749808 0.4046332538127899 53
1607665749943 0.40406033396720886 54
1607665750074 0.40315720438957214 55
1607665750206 0.4022895097732544 56
1607665750335 0.4014955759048462 57
1607665750462 0.40048718452453613 58
1607665750591 0.4004155695438385 59
1607665750716 0.39954355359077454 60
1607665750848 0.4000488221645355 61
1607665750974 0.40059173107147217 62
1607665751108 0.400269091129303 63
1607665751241 0.39873045682907104 64
1607665751369 0.39710286259651184 65
1607665751502 0.3963700830936432 66
1607665751632 0.3961089551448822 67
1607665751762 0.3957785367965698 68
1607665751892 0.3961297273635864 69
1607665752024 0.39577165246009827 70
1607665752147 0.3947884142398834 71
1607665752277 0.39245152473449707 72
1607665752531 0.3908371329307556 73
1607665752681 0.3899969160556793 74
1607665752845 0.3895064890384674 75
1607665752999 0.3898683488368988 76
1607665753153 0.39062607288360596 77
1607665753308 0.39124059677124023 78
1607665753474 0.391339510679245 79
1607665753608 0.3904843032360077 80
1607665753745 0.38976073265075684 81
1607665753876 0.3890780508518219 82
1607665754007 0.389088898897171 83
1607665754140 0.38869503140449524 84
1607665754272 0.3889351785182953 85
1607665754409 0.3882186710834503 86
1607665754538 0.38943177461624146 87
1607665754676 0.38687989115715027 88
1607665754813 0.3855978846549988 89
1607665754949 0.3842446208000183 90
1607665755079 0.38442546129226685 91
1607665755216 0.38441911339759827 92
1607665755347 0.38521069288253784 93
1607665755474 0.38526928424835205 94
1607665755615 0.3849305510520935 95
1607665755746 0.38393861055374146 96
1607665755884 0.3834971785545349 97
1607665756013 0.38316190242767334 98
1607665756153 0.3831052780151367 99
1607665756283 0.3832673132419586 100
1607665756412 0.38331758975982666 101
1607665756553 0.3831893801689148 102
1607665756689 0.3827660083770752 103
1607665756819 0.3816737234592438 104
1607665756955 0.3811092972755432 105
1607665757089 0.38054507970809937 106
1607665757226 0.38023799657821655 107
1607665757356 0.38005444407463074 108
1607665757485 0.3807685971260071 109
1607665757617 0.38106265664100647 110
1607665757747 0.3804944157600403 111
1607665757874 0.37971752882003784 112
1607665758004 0.3793344795703888 113
1607665758143 0.37849465012550354 114
1607665758277 0.378103107213974 115
1607665758406 0.37758299708366394 116
1607665758535 0.37751591205596924 117
1607665758668 0.37769243121147156 118
1607665758792 0.3780251741409302 119
1607665758926 0.3788228929042816 120
1607665759060 0.37943556904792786 121
1607665759191 0.3792816698551178 122
1607665759347 0.3798206150531769 123
1607665759489 0.37855955958366394 124
1607665759620 0.37779316306114197 125
1607665759756 0.3765682876110077 126
1607665759891 0.37551993131637573 127
1607665760043 0.37572845816612244 128
1607665760180 0.3753092586994171 129
1607665760321 0.37522315979003906 130
1607665760452 0.3750777542591095 131
1607665760585 0.3758566677570343 132
1607665760736 0.376534640789032 133
1607665760873 0.37639087438583374 134
1607665761002 0.37707608938217163 135
1607665761132 0.3758161664009094 136
1607665761263 0.3766252398490906 137
1607665761417 0.3747786581516266 138
1607665761556 0.3743261694908142 139
1607665761681 0.3737263083457947 140
1607665761811 0.3730841279029846 141
1607665761940 0.373046338558197 142
1607665762091 0.37284648418426514 143
1607665762225 0.37252622842788696 144
1607665762358 0.3723791837692261 145
1607665762486 0.372105211019516 146
1607665762618 0.37212005257606506 147
1607665762771 0.3723685145378113 148
1607665762908 0.3728043735027313 149
1607665763051 0.37318068742752075 150
1607665763183 0.37415996193885803 151
1607665763318 0.3730778098106384 152
1607665763468 0.37313657999038696 153
1607665763605 0.37283167243003845 154
1607665763734 0.3723260164260864 155
1607665763865 0.372541218996048 156
1607665763992 0.37243345379829407 157
1607665764140 0.37240415811538696 158
1607665764290 0.3722545802593231 159
1607665764425 0.37269043922424316 160
1607665764580 0.37298086285591125 161
1607665764736 0.37294524908065796 162
1607665764888 0.37223324179649353 163
1607665765046 0.3719938099384308 164
1607665765207 0.3713071346282959 165
1607665765364 0.37151801586151123 166
1607665765517 0.3713470995426178 167
1607665765673 0.370814710855484 168
1607665765810 0.37101271748542786 169
1607665765945 0.3710988163948059 170
1607665766077 0.3712843656539917 171
1607665766215 0.37209218740463257 172
1607665766350 0.37160444259643555 173
1607665766478 0.370500773191452 174
1607665766612 0.3700256943702698 175
1607665766740 0.3688463866710663 176
1607665766874 0.36870551109313965 177
1607665767004 0.3683076500892639 178
1607665767140 0.36772245168685913 179
1607665767276 0.36813098192214966 180
1607665767409 0.3681899309158325 181
1607665767537 0.3686230480670929 182
1607665767666 0.3676992952823639 183
1607665767803 0.36792445182800293 184
1607665767933 0.3689791262149811 185
1607665768079 0.3700801134109497 186
1607665768218 0.37121906876564026 187
1607665768348 0.3718755543231964 188
1607665768480 0.37172815203666687 189
1607665768612 0.37017253041267395 190
1607665768743 0.369802325963974 191
1607665768871 0.3687452971935272 192
1607665768999 0.36792877316474915 193
1607665769126 0.36705294251441956 194
1607665769262 0.36706995964050293 195
1607665769405 0.3666614294052124 196
1607665769539 0.3669498562812805 197
1607665769667 0.3673774003982544 198
1607665769794 0.3671138882637024 199
1607665769925 0.36740270256996155 200
1607665770051 0.36709508299827576 201
1607665770184 0.3671647012233734 202
1607665770311 0.3669435381889343 203
1607665770447 0.36714789271354675 204
1607665770577 0.36717087030410767 205
1607665770706 0.3680468797683716 206
1607665770833 0.36772027611732483 207
1607665770962 0.36780038475990295 208
1607665771089 0.36784034967422485 209
1607665771222 0.36742568016052246 210
1607665771350 0.3671666979789734 211
1607665771482 0.3669627010822296 212
1607665771631 0.3664657473564148 213
1607665771769 0.3668784499168396 214
1607665771900 0.3672151565551758 215
1607665772031 0.36730143427848816 216
1607665772167 0.367257297039032 217
1607665772319 0.3675813674926758 218
1607665772460 0.3671184182167053 219
1607665772590 0.3670760989189148 220
1607665772718 0.3671795427799225 221
1607665772881 0.36741915345191956 222
1607665773021 0.3674300014972687 223
1607665773151 0.36691606044769287 224
1607665773278 0.3667207360267639 225
1607665773409 0.3658783733844757 226
1607665773561 0.36529114842414856 227
1607665773698 0.3649987280368805 228
1607665773832 0.3649773895740509 229
1607665773968 0.3654998540878296 230
1607665774104 0.36591002345085144 231
1607665774260 0.3665755093097687 232
1607665774399 0.36756041646003723 233
1607665774533 0.3682403862476349 234
1607665774673 0.3678508400917053 235
1607665774809 0.367310106754303 236
1607665774965 0.36628472805023193 237
1607665775103 0.36588504910469055 238
1607665775235 0.36561089754104614 239
1607665775372 0.364676833152771 240
1607665775506 0.36414170265197754 241
1607665775643 0.36394640803337097 242
1607665775779 0.36459437012672424 243
1607665775913 0.3648788332939148 244
1607665776048 0.36488065123558044 245
1607665776176 0.36524108052253723 246
1607665776333 0.3651900589466095 247
1607665776483 0.36534199118614197 248
1607665776648 0.3647775650024414 249
1607665776804 0.36431658267974854 250
1607665776962 0.3635990023612976 251
1607665777113 0.3631882965564728 252
1607665777271 0.3632412850856781 253
1607665777432 0.3627273142337799 254
1607665777586 0.36338233947753906 255
1607665777733 0.36325573921203613 256
1607665777872 0.3636326193809509 257
1607665778011 0.3641758859157562 258
1607665778144 0.3644450008869171 259
1607665778277 0.3648052215576172 260
1607665778409 0.3648723363876343 261
1607665778546 0.36475875973701477 262
1607665778679 0.36477991938591003 263
1607665778816 0.36418184638023376 264
1607665778945 0.3641064465045929 265
1607665779081 0.3635167181491852 266
1607665779217 0.3638094961643219 267
1607665779352 0.3629758059978485 268
1607665779486 0.36308738589286804 269
1607665779615 0.36314651370048523 270
1607665779762 0.3632240891456604 271
1607665779898 0.3639064431190491 272
1607665780030 0.36409974098205566 273
1607665780159 0.3641064465045929 274
1607665780288 0.36377134919166565 275
1607665780427 0.364485502243042 276
1607665780554 0.3641565442085266 277
1607665780684 0.3639717102050781 278
1607665780816 0.3635105490684509 279
1607665780943 0.3631611764431 280
1607665781083 0.36318233609199524 281
1607665781216 0.3628937005996704 282
1607665781349 0.3629192113876343 283
1607665781477 0.3622495234012604 284
1607665781621 0.36227935552597046 285
1607665781755 0.3617737293243408 286
1607665781891 0.36220577359199524 287
1607665782021 0.3621591031551361 288
1607665782150 0.36260345578193665 289
1607665782284 0.36284324526786804 290
1607665782417 0.36362865567207336 291
1607665782546 0.3633631765842438 292
1607665782673 0.3639445900917053 293
1607665782810 0.3643333911895752 294
1607665782960 0.36430230736732483 295
1607665783091 0.36333784461021423 296
1607665783224 0.3633698523044586 297
1607665783356 0.36304107308387756 298
1607665783495 0.3638116717338562 299
1607665783638 0.3631884753704071 300
1607665783766 0.3632432818412781 301
1607665783923 0.3622603714466095 302
1607665784069 0.36222022771835327 303
1607665784204 0.36166882514953613 304
1607665784350 0.3611046075820923 305
1607665784484 0.3605680465698242 306
1607665784646 0.3600310981273651 307
1607665784781 0.3600943982601166 308
1607665784921 0.35989636182785034 309
1607665785075 0.36035752296447754 310
1607665785226 0.3610774874687195 311
1607665785396 0.3613594174385071 312
1607665785547 0.3622983694076538 313
1607665785684 0.3623298108577728 314
1607665785818 0.36265408992767334 315
1607665785971 0.36277616024017334 316
1607665786116 0.3626560568809509 317
1607665786262 0.36186036467552185 318
1607665786392 0.36138689517974854 319
1607665786522 0.3606879413127899 320
1607665786671 0.3610481917858124 321
1607665786813 0.3605656921863556 322
1607665786960 0.3605387508869171 323
1607665787110 0.360281765460968 324
1607665787264 0.36069244146347046 325
1607665787404 0.36100369691848755 326
1607665787537 0.3614650368690491 327
1607665787672 0.361921489238739 328
1607665787804 0.3627193570137024 329
1607665787967 0.3631213903427124 330
1607665788102 0.36265823245048523 331
1607665788232 0.36228370666503906 332
1607665788375 0.36174243688583374 333
1607665788507 0.36117857694625854 334
1607665788660 0.36093026399612427 335
1607665788816 0.36050906777381897 336
1607665788956 0.36061233282089233 337
1607665789100 0.3605343997478485 338
1607665789252 0.36051759123802185 339
1607665789394 0.360490083694458 340
1607665789556 0.3604229986667633 341
1607665789710 0.3600732386112213 342
1607665789849 0.36037471890449524 343
1607665789988 0.3601614832878113 344
1607665790139 0.3606799840927124 345
1607665790284 0.360770046710968 346
1607665790423 0.36150914430618286 347
1607665790562 0.3615238070487976 348
1607665790699 0.361955463886261 349
1607665790835 0.3617258071899414 350
1607665790967 0.36205440759658813 351
1607665791108 0.36151114106178284 352
1607665791240 0.3609490692615509 353
1607665791372 0.36011356115341187 354
1607665791508 0.35957247018814087 355
1607665791640 0.35941043496131897 356
1607665791775 0.3590357303619385 357
1607665791908 0.3588568866252899 358
1607665792044 0.3591916263103485 359
1607665792179 0.35888418555259705 360
1607665792316 0.35934534668922424 361
1607665792447 0.35999366641044617 362
1607665792580 0.3607284426689148 363
1607665792714 0.3609738349914551 364
1607665792843 0.3590022921562195 365
1607665792980 0.35849881172180176 366
1607665793118 0.35902541875839233 367
1607665793253 0.35870712995529175 368
1607665793397 0.3589496612548828 369
1607665793529 0.3585747480392456 370
1607665793659 0.3591180145740509 371
1607665793790 0.35913050174713135 372
1607665793921 0.3599453866481781 373
1607665794054 0.35994935035705566 374
1607665794189 0.3604251742362976 375
1607665794320 0.36017686128616333 376
1607665794458 0.3600524365901947 377
1607665794594 0.36009275913238525 378
1607665794731 0.3598102927207947 379
1607665794859 0.35963380336761475 380
1607665794991 0.35920625925064087 381
1607665795122 0.3588716983795166 382
1607665795256 0.35834962129592896 383
1607665795392 0.3584718704223633 384
1607665795527 0.35819804668426514 385
1607665795658 0.35824671387672424 386
1607665795789 0.3588317334651947 387
1607665795920 0.3589160144329071 388
1607665796053 0.3596569299697876 389
1607665796185 0.36029061675071716 390
1607665796335 0.36066731810569763 391
1607665796473 0.36087149381637573 392
1607665796613 0.3600631058216095 393
1607665796747 0.36005696654319763 394
1607665796879 0.35946306586265564 395
1607665797034 0.35855811834335327 396
1607665797170 0.35787397623062134 397
1607665797310 0.35716888308525085 398
1607665797448 0.3572046756744385 399
1607665797585 0.35688260197639465 400
1607665797732 0.3571057617664337 401
1607665797876 0.357248991727829 402
1607665798013 0.3577730655670166 403
1607665798153 0.3585456311702728 404
1607665798289 0.3589138388633728 405
1607665798441 0.3594928979873657 406
1607665798586 0.3596591055393219 407
1607665798730 0.35997486114501953 408
1607665798868 0.3597981631755829 409
1607665799020 0.35942110419273376 410
1607665799160 0.3596339821815491 411
1607665799295 0.35954970121383667 412
1607665799425 0.35930755734443665 413
1607665799558 0.35963380336761475 414
1607665799709 0.35997486114501953 415
1607665799847 0.35980433225631714 416
1607665799977 0.35993272066116333 417
1607665800108 0.35947608947753906 418
1607665800260 0.35947591066360474 419
1607665800409 0.35914748907089233 420
1607665800542 0.35893717408180237 421
1607665800673 0.35819607973098755 422
1607665800805 0.3584953844547272 423
1607665800956 0.35786548256874084 424
1607665801105 0.3582300841808319 425
1607665801272 0.3574782907962799 426
1607665801412 0.3577101528644562 427
1607665801564 0.3574909567832947 428
1607665801723 0.3576996624469757 429
1607665801870 0.3576425015926361 430
1607665802026 0.35851019620895386 431
1607665802186 0.35869503021240234 432
1607665802336 0.3587331771850586 433
1607665802494 0.35899198055267334 434
1607665802641 0.3583921194076538 435
1607665802777 0.35882142186164856 436
1607665802909 0.35755008459091187 437
1607665803043 0.357107937335968 438
1607665803174 0.3566218316555023 439
1607665803309 0.3563733398914337 440
1607665803442 0.3561903238296509 441
1607665803579 0.356339693069458 442
1607665803722 0.35668709874153137 443
1607665803855 0.3567439019680023 444
1607665803987 0.3573291003704071 445
1607665804126 0.3575710654258728 446
1607665804261 0.35816696286201477 447
1607665804387 0.3588089644908905 448
1607665804522 0.3587646484375 449
1607665804660 0.35886138677597046 450
1607665804786 0.3583964407444 451
1607665804919 0.3582194149494171 452
1607665805053 0.35797545313835144 453
1607665805189 0.3574468195438385 454
1607665805316 0.35726815462112427 455
1607665805455 0.35665762424468994 456
1607665805586 0.35661983489990234 457
1607665805720 0.35640716552734375 458
1607665805854 0.35620081424713135 459
1607665805984 0.35617151856422424 460
1607665806115 0.3560407757759094 461
1607665806246 0.3563210666179657 462
1607665806376 0.3561460077762604 463
1607665806507 0.35650625824928284 464
1607665806644 0.3567145764827728 465
1607665806782 0.3570408225059509 466
1607665806913 0.3578703701496124 467
1607665807045 0.35764268040657043 468
1607665807176 0.3579188287258148 469
1607665807309 0.35791629552841187 470
1607665807437 0.35793131589889526 471
1607665807570 0.357004851102829 472
1607665807703 0.3565525412559509 473
1607665807844 0.3561062216758728 474
1607665807975 0.356028288602829 475
1607665808108 0.3562262952327728 476
1607665808240 0.35612088441848755 477
1607665808374 0.3565294146537781 478
1607665808507 0.35727664828300476 479
1607665808637 0.35767868161201477 480
1607665808765 0.3587375283241272 481
1607665808893 0.35850584506988525 482
1607665809032 0.3585248589515686 483
1607665809186 0.35801124572753906 484
1607665809326 0.3576745092868805 485
1607665809461 0.3570807874202728 486
1607665809591 0.3563946783542633 487
1607665809723 0.3559841513633728 488
1607665809871 0.3554685711860657 489
1607665810011 0.35518428683280945 490
1607665810139 0.35515081882476807 491
1607665810280 0.35510849952697754 492
1607665810432 0.3554938733577728 493
1607665810570 0.35601380467414856 494
1607665810703 0.35629990696907043 495
1607665810838 0.3573126494884491 496
1607665810974 0.35728713870048523 497
1607665811121 0.35815683007240295 498
1607665811253 0.35764268040657043 499
1607665811382 0.3577166497707367 500
1607665811517 0.35661348700523376 501
1607665811666 0.3567715585231781 502
1607665811817 0.35675475001335144 503
1607665811948 0.35669976472854614 504
1607665812078 0.35692745447158813 505
1607665812214 0.35670411586761475 506
1607665812366 0.35650208592414856 507
1607665812518 0.3569021224975586 508
1607665812658 0.35653355717658997 509
1607665812803 0.3565254211425781 510
1607665812931 0.35620930790901184 511
1607665813093 0.3565275967121124 512
1607665813240 0.35629358887672424 513
1607665813385 0.35660120844841003 514
1607665813524 0.35617151856422424 515
1607665813670 0.35613173246383667 516
1607665813806 0.3559421896934509 517
1607665813947 0.35564741492271423 518
1607665814111 0.35556766390800476 519
1607665814259 0.3557570278644562 520
1607665814411 0.35584110021591187 521
1607665814572 0.3562897741794586 522
1607665814728 0.3559441864490509 523
1607665814874 0.3568771779537201 524
1607665815009 0.3565567135810852 525
1607665815141 0.35676124691963196 526
1607665815270 0.3559000790119171 527
1607665815410 0.35568341612815857 528
1607665815718 0.3551739752292633 529
1607665815853 0.3547782897949219 530
1607665815986 0.35454878211021423 531
1607665816123 0.3546014130115509 532
1607665816266 0.35490885376930237 533
1607665816397 0.35503941774368286 534
1607665816536 0.35548973083496094 535
1607665816678 0.3562161922454834 536
1607665816832 0.3566073477268219 537
1607665816965 0.3573971092700958 538
1607665817102 0.3567252457141876 539
1607665817241 0.3566350042819977 540
1607665817372 0.35621383786201477 541
1607665817505 0.35550040006637573 542
1607665817636 0.35512983798980713 543
1607665817777 0.3547278344631195 544
1607665817918 0.35464155673980713 545
1607665818064 0.3541317582130432 546
1607665818209 0.35311126708984375 547
1607665818346 0.3534058630466461 548
1607665818480 0.3538753390312195 549
1607665818617 0.35483524203300476 550
1607665818758 0.3558834195137024 551
1607665818897 0.3571442663669586 552
1607665819032 0.3579443395137787 553
1607665819172 0.35813766717910767 554
1607665819302 0.3581022024154663 555
1607665819433 0.3577439486980438 556
1607665819570 0.3569444417953491 557
1607665819708 0.3555864691734314 558
1607665819838 0.35513636469841003 559
1607665819971 0.3543088138103485 560
1607665820107 0.3544164001941681 561
1607665820252 0.35388579964637756 562
1607665820403 0.35446903109550476 563
1607665820546 0.3546099066734314 564
1607665820687 0.3549341857433319 565
1607665820819 0.35615089535713196 566
1607665820951 0.35665184259414673 567
1607665821087 0.35717377066612244 568
1607665821219 0.3565760552883148 569
1607665821353 0.3561760485172272 570
1607665821488 0.3559741973876953 571
1607665821618 0.35514864325523376 572
1607665821773 0.35475531220436096 573
1607665821913 0.35376158356666565 574
1607665822043 0.3535093069076538 575
1607665822174 0.3529953360557556 576
1607665822314 0.35315990447998047 577
1607665822471 0.3528522849082947 578
1607665822619 0.35332825779914856 579
1607665822749 0.35327962040901184 580
1607665822886 0.35353660583496094 581
1607665823018 0.35390913486480713 582
1607665823175 0.35435131192207336 583
1607665823321 0.3547804653644562 584
1607665823452 0.3551301956176758 585
1607665823585 0.35503941774368286 586
1607665823728 0.3554038405418396 587
1607665823890 0.355765700340271 588
1607665824041 0.35527941584587097 589
1607665824184 0.355033278465271 590
1607665824325 0.3542710244655609 591
1607665824456 0.35444822907447815 592
1607665824600 0.3540037274360657 593
1607665824735 0.35426920652389526 594
1607665824870 0.35394278168678284 595
1607665825000 0.3543259799480438 596
1607665825156 0.3545807898044586 597
1607665825301 0.35520994663238525 598
1607665825447 0.355729877948761 599
1607665825611 0.35616788268089294 600
1607665825755 0.35643085837364197 601
1607665825911 0.3558478057384491 602
1607665826058 0.3550289273262024 603
1607665826227 0.3544185757637024 604
1607665826366 0.35394495725631714 605
1607665826512 0.3533977270126343 606
1607665826668 0.3529472351074219 607
1607665826824 0.3535241186618805 608
1607665826963 0.352974534034729 609
1607665827099 0.35382938385009766 610
1607665827235 0.3540418744087219 611
1607665827372 0.3544164001941681 612
1607665827503 0.35548827052116394 613
1607665827635 0.3550983667373657 614
1607665827775 0.35629647970199585 615
1607665827910 0.35594871640205383 616
1607665828048 0.3560713231563568 617
1607665828180 0.35565194487571716 618
1607665828311 0.3555765450000763 619
1607665828442 0.3550839126110077 620
1607665828576 0.3551027178764343 621
1607665828704 0.35530292987823486 622
1607665828834 0.35529422760009766 623
1607665828970 0.35530075430870056 624
1607665829100 0.3549153506755829 625
1607665829229 0.354789137840271 626
1607665829368 0.3550734221935272 627
1607665829499 0.3543786108493805 628
1607665829630 0.3542986810207367 629
1607665829764 0.35387134552001953 630
1607665829897 0.35383573174476624 631
1607665830028 0.3533955514431 632
1607665830161 0.3534758388996124 633
1607665830291 0.35278084874153137 634
1607665830423 0.35322752594947815 635
1607665830559 0.3526124954223633 636
1607665830696 0.35309913754463196 637
1607665830826 0.3525283932685852 638
1607665830957 0.3527938723564148 639
1607665831094 0.35283583402633667 640
1607665831225 0.35342738032341003 641
1607665831361 0.3537747859954834 642
1607665831501 0.35423973202705383 643
1607665831638 0.35457465052604675 644
1607665831779 0.3547849655151367 645
1607665831935 0.35542500019073486 646
1607665832067 0.3563091456890106 647
1607665832199 0.3563530743122101 648
1607665832335 0.35593026876449585 649
1607665832465 0.3554352819919586 650
1607665832607 0.35536205768585205 651
1607665832740 0.35451117157936096 652
1607665832874 0.35378527641296387 653
1607665833006 0.35305899381637573 654
1607665833141 0.35300004482269287 655
1607665833296 0.3527432382106781 656
1607665833439 0.35269060730934143 657
1607665833568 0.35283583402633667 658
1607665833701 0.35323387384414673 659
1607665833837 0.3531830608844757 660
1607665833990 0.35380226373672485 661
1607665834127 0.3533577620983124 662
1607665834258 0.3538275957107544 663
1607665834390 0.3531935513019562 664
1607665834520 0.35323187708854675 665
1607665834680 0.35231372714042664 666
1607665834828 0.3525876998901367 667
1607665834963 0.35198333859443665 668
1607665835101 0.3524320125579834 669
1607665835240 0.3524927794933319 670
1607665835393 0.35326552391052246 671
1607665835529 0.3538610339164734 672
1607665835660 0.3549705147743225 673
1607665835798 0.3554586172103882 674
1607665835930 0.35634511709213257 675
1607665836080 0.35575103759765625 676
1607665836224 0.355241984128952 677
1607665836371 0.354056715965271 678
1607665836503 0.3535347878932953 679
1607665836639 0.3529917299747467 680
1607665836793 0.35228225588798523 681
1607665836947 0.35233092308044434 682
1607665837082 0.35222765803337097 683
1607665837218 0.3522907495498657 684
1607665837347 0.3531709313392639 685
1607665837499 0.3532694876194 686
1607665837680 0.3543959856033325 687
1607665837835 0.3544377386569977 688
1607665837986 0.3546191453933716 689
1607665838148 0.35481444001197815 690
1607665838318 0.3536592125892639 691
1607665838496 0.35262948274612427 692
1607665838651 0.3520194888114929 693
1607665838803 0.3513624966144562 694
1607665838958 0.3512047827243805 695
1607665839109 0.35108470916748047 696
1607665839244 0.35133734345436096 697
1607665839379 0.3517773449420929 698
1607665839520 0.35261934995651245 699
1607665839654 0.3534507155418396 700
1607665839789 0.3553578853607178 701
1607665839927 0.3563767671585083 702
1607665840056 0.3566943407058716 703
1607665840187 0.3574376106262207 704
1607665840328 0.3560713231563568 705
1607665840461 0.3558420240879059 706
1607665840594 0.3545513153076172 707
1607665840728 0.35371798276901245 708
1607665840863 0.3526296615600586 709
1607665840997 0.35198351740837097 710
1607665841136 0.35170137882232666 711
1607665841273 0.3515288531780243 712
1607665841412 0.3513624966144562 713
1607665841553 0.3516847491264343 714
1607665841691 0.35171186923980713 715
1607665841822 0.3524046838283539 716
1607665841954 0.35243597626686096 717
1607665842097 0.3529309630393982 718
1607665842238 0.3529728949069977 719
1607665842374 0.3528803288936615 720
1607665842512 0.35260453820228577 721
1607665842645 0.3521393835544586 722
1607665842782 0.3523625433444977 723
1607665842914 0.35203829407691956 724
1607665843047 0.3521057665348053 725
1607665843192 0.35229945182800293 726
1607665843335 0.35249510407447815 727
1607665843478 0.35231390595436096 728
1607665843616 0.35135218501091003 729
1607665843746 0.35142576694488525 730
1607665843875 0.3519478738307953 731
1607665844027 0.35233306884765625 732
1607665844161 0.3525499105453491 733
1607665844297 0.3532572090625763 734
1607665844430 0.353377103805542 735
1607665844580 0.35339808464050293 736
1607665844721 0.35282987356185913 737
1607665844852 0.35256239771842957 738
1607665844983 0.35261520743370056 739
1607665845114 0.35208460688591003 740
1607665845251 0.3517310619354248 741
1607665845382 0.35155218839645386 742
1607665845512 0.3517037332057953 743
1607665845678 0.3518131375312805 744
1607665845827 0.35167011618614197 745
1607665845966 0.35168692469596863 746
1607665846104 0.3518638014793396 747
1607665846237 0.3520194888114929 748
1607665846392 0.35215622186660767 749
1607665846533 0.35230162739753723 750
1607665846668 0.3523162603378296 751
1607665846803 0.35220468044281006 752
1607665846936 0.3523140847682953 753
1607665847091 0.3518807888031006 754
1607665847233 0.3522193431854248 755
1607665847365 0.3526112139225006 756
1607665847502 0.35220885276794434 757
1607665847669 0.3526511788368225 758
1607665847813 0.3519710302352905 759
1607665847946 0.35233524441719055 760
1607665848088 0.35230180621147156 761
1607665848225 0.3526381552219391 762
1607665848383 0.35301125049591064 763
1607665848523 0.3532443642616272 764
1607665848666 0.35345956683158875 765
1607665848794 0.3544274568557739 766
1607665848925 0.35398563742637634 767
1607665849082 0.3541874587535858 768
1607665849223 0.3538509011268616 769
1607665849355 0.3533351421356201 770
1607665849482 0.35331398248672485 771
1607665849627 0.3526068925857544 772
1607665849781 0.35221734642982483 773
1607665849934 0.3520006835460663 774
1607665850099 0.35159215331077576 775
1607665850248 0.35163864493370056 776
1607665850402 0.3515017330646515 777
1607665850561 0.3515312075614929 778
1607665850725 0.35142597556114197 779
1607665850876 0.3516196608543396 780
1607665851029 0.3516975939273834 781
1607665851174 0.35189327597618103 782
1607665851325 0.35181549191474915 783
1607665851480 0.3516216278076172 784
1607665851613 0.3521987199783325 785
1607665851747 0.3522678017616272 786
1607665851885 0.35284268856048584 787
1607665852015 0.3529394567012787 788
1607665852152 0.3530425429344177 789
1607665852298 0.35385942459106445 790
1607665852445 0.3533644378185272 791
1607665852575 0.35315629839897156 792
1607665852708 0.35208696126937866 793
1607665852839 0.351857453584671 794
1607665852975 0.3513840138912201 795
1607665853110 0.35080909729003906 796
1607665853254 0.3513020873069763 797
1607665853390 0.35097113251686096 798
1607665853534 0.3517060875892639 799
1607665853666 0.35156285762786865 800
1607665853796 0.3521059453487396 801
1607665853928 0.3526889681816101 802
1607665854057 0.3531942665576935 803
1607665854195 0.353219211101532 804
1607665854346 0.3540722727775574 805
1607665854486 0.35388636589050293 806
1607665854621 0.35432887077331543 807
1607665854754 0.35335829854011536 808
1607665854891 0.3528994917869568 809
1607665855025 0.35276493430137634 810
1607665855155 0.35221952199935913 811
1607665855286 0.3519165813922882 812
1607665855423 0.35136285424232483 813
1607665855562 0.3510114550590515 814
1607665855695 0.3510071337223053 815
1607665855829 0.3508830666542053 816
1607665855961 0.3509713113307953 817
1607665856094 0.3511756658554077 818
1607665856232 0.35123661160469055 819
1607665856364 0.3512997329235077 820
1607665856494 0.3516787886619568 821
1607665856632 0.3517144024372101 822
1607665856765 0.3520028591156006 823
1607665856897 0.35168078541755676 824
1607665857028 0.3517796993255615 825
1607665857158 0.3515966832637787 826
1607665857292 0.3515039086341858 827
1607665857426 0.3510197699069977 828
1607665857563 0.3509420156478882 829
1607665857697 0.3504009246826172 830
1607665857838 0.35038846731185913 831
1607665857996 0.3501862585544586 832
1607665858135 0.3501947820186615 833
1607665858266 0.35000109672546387 834
1607665858398 0.34992530941963196 835
1607665858532 0.3500727117061615 836
1607665858683 0.35054633021354675 837
1607665858822 0.35037580132484436 838
1607665858954 0.3509778380393982 839
1607665859092 0.3508937358856201 840
1607665859228 0.3516303300857544 841
1607665859384 0.3519314229488373 842
1607665859522 0.3519670367240906 843
1607665859657 0.351841002702713 844
1607665859793 0.3521144390106201 845
1607665859929 0.3523164391517639 846
1607665860064 0.35186830163002014 847
1607665860214 0.35209959745407104 848
1607665860361 0.35251665115356445 849
1607665860496 0.35308268666267395 850
1607665860630 0.35386374592781067 851
1607665860764 0.3545856773853302 852
1607665860900 0.35519006848335266 853
1607665861052 0.3549012541770935 854
1607665861189 0.3549269437789917 855
1607665861322 0.3530025780200958 856
1607665861451 0.3528746962547302 857
1607665861596 0.3517397344112396 858
1607665861732 0.35136935114860535 859
1607665861885 0.3506389260292053 860
1607665862027 0.3505295217037201 861
1607665862169 0.35083892941474915 862
1607665862311 0.35074615478515625 863
1607665862454 0.3506242632865906 864
1607665862597 0.35037779808044434 865
1607665862740 0.35071489214897156 866
1607665862882 0.3505125045776367 867
1607665863024 0.3505653142929077 868
1607665863191 0.35042843222618103 869
1607665863344 0.3504011034965515 870
1607665863482 0.35097166895866394 871
1607665863614 0.3507273495197296 872
1607665863744 0.35095685720443726 873
1607665863878 0.3511546850204468 874
1607665864005 0.351196825504303 875
1607665864139 0.3516724407672882 876
1607665864272 0.3514831066131592 877
1607665864406 0.3516787886619568 878
1607665864541 0.35170409083366394 879
1607665864678 0.3522493541240692 880
1607665864811 0.3520893156528473 881
1607665864941 0.3520619869232178 882
1607665865072 0.35232728719711304 883
1607665865201 0.3527712821960449 884
1607665865338 0.3528409004211426 885
1607665865474 0.3524976372718811 886
1607665865606 0.35240939259529114 887
1607665865740 0.3522428274154663 888
1607665865881 0.35194841027259827 889
1607665866018 0.35119664669036865 890
1607665866148 0.3510664403438568 891
1607665866278 0.35030636191368103 892
1607665866407 0.35029804706573486 893
1607665866556 0.349923312664032 894
1607665866693 0.35014015436172485 895
1607665866832 0.3501718044281006 896
1607665866969 0.35001808404922485 897
1607665867107 0.350220263004303 898
1607665867240 0.350203275680542 899
1607665867370 0.35057616233825684 900
1607665867508 0.35030418634414673 901
1607665867638 0.350881427526474 902
1607665867776 0.3508830666542053 903
1607665867912 0.35142016410827637 904
1607665868045 0.3515482246875763 905
1607665868179 0.35192111134529114 906
1607665868308 0.35186612606048584 907
1607665868443 0.35215044021606445 908
1607665868579 0.3520829677581787 909
1607665868712 0.3510807156562805 910
1607665868841 0.34968551993370056 911
1607665868980 0.34927064180374146 912
1607665869119 0.34936994314193726 913
1607665869249 0.34899070858955383 914
1607665869380 0.3494773507118225 915
1607665869515 0.3492538332939148 916
1607665869645 0.3498562276363373 917
1607665869782 0.3497486114501953 918
1607665869922 0.35026657581329346 919
1607665870076 0.350500226020813 920
1607665870221 0.35067057609558105 921
1607665870360 0.35094237327575684 922
1607665870498 0.3507273495197296 923
1607665870633 0.35135072469711304 924
1607665870772 0.3511020541191101 925
1607665870930 0.3513948619365692 926
1607665871075 0.3512621223926544 927
1607665871225 0.3516453206539154 928
1607665871363 0.3516852855682373 929
1607665871502 0.3518894612789154 930
1607665871636 0.35203903913497925 931
1607665871797 0.35149794816970825 932
1607665871945 0.3514433205127716 933
1607665872091 0.3508159816265106 934
1607665872231 0.3508559465408325 935
1607665872361 0.3503530025482178 936
1607665872516 0.3503170311450958 937
1607665872652 0.3505024015903473 938
1607665872790 0.3507865071296692 939
1607665872926 0.3508222997188568 940
1607665873070 0.35093170404434204 941
1607665873244 0.35159072279930115 942
1607665873390 0.3514662981033325 943
1607665873526 0.35146212577819824 944
1607665873662 0.3508707582950592 945
1607665873796 0.351561039686203 946
1607665873958 0.3518095314502716 947
1607665874103 0.3511062264442444 948
1607665874256 0.3507360517978668 949
1607665874411 0.35018861293792725 950
1607665874578 0.35007089376449585 951
1607665874734 0.3495023250579834 952
1607665874905 0.3491447865962982 953
1607665875059 0.34870460629463196 954
1607665875214 0.3489827513694763 955
1607665875372 0.3489740788936615 956
1607665875527 0.3492836654186249 957
1607665875678 0.349401593208313 958
1607665875823 0.3499508202075958 959
1607665875958 0.35040998458862305 960
1607665876096 0.35101380944252014 961
1607665876239 0.35146230459213257 962
1607665876384 0.3521442711353302 963
1607665876532 0.3518979549407959 964
1607665876676 0.3521314263343811 965
1607665876817 0.35163483023643494 966
1607665876949 0.3511148989200592 967
1607665877081 0.3507044017314911 968
1607665877228 0.3499698042869568 969
1607665877362 0.34944355487823486 970
1607665877507 0.3492310345172882 971
1607665877646 0.3490961492061615 972
1607665877778 0.3495806157588959 973
1607665877911 0.3497970998287201 974
1607665878046 0.3508478105068207 975
1607665878181 0.35103896260261536 976
1607665878319 0.35194462537765503 977
1607665878454 0.3519779145717621 978
1607665878587 0.35233163833618164 979
1607665878723 0.3515359163284302 980
1607665878853 0.3514370024204254 981
1607665878980 0.3510834276676178 982
1607665879116 0.3501654863357544 983
1607665879255 0.3498162627220154 984
1607665879562 0.3495088219642639 985
1607665879697 0.34945836663246155 986
1607665879828 0.3499320149421692 987
1607665879973 0.3496856987476349 988
1607665880116 0.35020145773887634 989
1607665880245 0.35014450550079346 990
1607665880379 0.3504372835159302 991
1607665880512 0.3506307899951935 992
1607665880649 0.35060563683509827 993
1607665880786 0.3504098057746887 994
1607665880919 0.35033202171325684 995
1607665881043 0.3503383696079254 996
1607665881171 0.35022875666618347 997
1607665881304 0.3501468598842621 998
1607665881434 0.34978044033050537 999
