1607665742799 0.47393736243247986 0
1607665742945 0.46462905406951904 1
1607665743087 0.45680326223373413 2
1607665743218 0.4524621069431305 3
1607665743349 0.4463411569595337 4
1607665743488 0.4423721730709076 5
1607665743644 0.4402482211589813 6
1607665743790 0.43904414772987366 7
1607665743923 0.43844300508499146 8
1607665744058 0.4380505383014679 9
1607665744200 0.43723803758621216 10
1607665744336 0.43555358052253723 11
1607665744464 0.4347938299179077 12
1607665744591 0.43413370847702026 13
1607665744722 0.43364131450653076 14
1607665744851 0.43315863609313965 15
1607665744980 0.43146583437919617 16
1607665745116 0.4305296838283539 17
1607665745247 0.42999693751335144 18
1607665745376 0.4301193058490753 19
1607665745509 0.42936062812805176 20
1607665745637 0.4285876452922821 21
1607665745765 0.42788267135620117 22
1607665745896 0.4276261329650879 23
1607665746025 0.4272145926952362 24
1607665746156 0.4261678159236908 25
1607665746285 0.4242423474788666 26
1607665746418 0.4234500825405121 27
1607665746545 0.4233302175998688 28
1607665746673 0.42244935035705566 29
1607665746803 0.4211547076702118 30
1607665746931 0.4196517765522003 31
1607665747060 0.4188445806503296 32
1607665747189 0.4185493588447571 33
1607665747318 0.418373703956604 34
1607665747450 0.4177626371383667 35
1607665747584 0.4157341718673706 36
1607665747715 0.41438499093055725 37
1607665747844 0.41391393542289734 38
1607665747974 0.4138442277908325 39
1607665748105 0.414217472076416 40
1607665748234 0.4141906797885895 41
1607665748365 0.41295474767684937 42
1607665748494 0.4105271100997925 43
1607665748623 0.40866851806640625 44
1607665748758 0.4074341356754303 45
1607665748887 0.4072621464729309 46
1607665749016 0.407435804605484 47
1607665749141 0.4085625410079956 48
1607665749281 0.4087834060192108 49
1607665749417 0.40722596645355225 50
1607665749545 0.4053642153739929 51
1607665749681 0.40515029430389404 52
1607665749808 0.4046374559402466 53
1607665749943 0.4040412902832031 54
1607665750074 0.40311822295188904 55
1607665750206 0.40224045515060425 56
1607665750335 0.4014946520328522 57
1607665750462 0.40046772360801697 58
1607665750591 0.40043607354164124 59
1607665750716 0.3995153307914734 60
1607665750848 0.40002694725990295 61
1607665750974 0.4005332291126251 62
1607665751108 0.4002230763435364 63
1607665751241 0.39873260259628296 64
1607665751369 0.39709609746932983 65
1607665751502 0.3963802456855774 66
1607665751632 0.3960505723953247 67
1607665751762 0.3957759141921997 68
1607665751892 0.3960956633090973 69
1607665752024 0.39578017592430115 70
1607665752147 0.39481616020202637 71
1607665752277 0.3924397826194763 72
1607665752531 0.3907890319824219 73
1607665752681 0.3900109529495239 74
1607665752845 0.3895067572593689 75
1607665752999 0.3898419439792633 76
1607665753153 0.3906319737434387 77
1607665753308 0.39119842648506165 78
1607665753474 0.3913191258907318 79
1607665753608 0.3904706537723541 80
1607665753745 0.38975247740745544 81
1607665753876 0.3890605568885803 82
1607665754007 0.38908785581588745 83
1607665754140 0.38869887590408325 84
1607665754272 0.3889652490615845 85
1607665754409 0.38821837306022644 86
1607665754538 0.3894009590148926 87
1607665754676 0.3868635296821594 88
1607665754813 0.3855842053890228 89
1607665754949 0.3842315077781677 90
1607665755079 0.38440656661987305 91
1607665755216 0.38441261649131775 92
1607665755347 0.3851860463619232 93
1607665755474 0.38526150584220886 94
1607665755615 0.38494765758514404 95
1607665755746 0.3839655816555023 96
1607665755884 0.3835059106349945 97
1607665756013 0.38317862153053284 98
1607665756153 0.3831242322921753 99
1607665756283 0.38325005769729614 100
1607665756412 0.383333295583725 101
1607665756553 0.38317519426345825 102
1607665756689 0.38276946544647217 103
1607665756819 0.3816649913787842 104
1607665756955 0.3811056911945343 105
1607665757089 0.38050660490989685 106
1607665757226 0.3802555203437805 107
1607665757356 0.3800448179244995 108
1607665757485 0.38079676032066345 109
1607665757617 0.381062775850296 110
1607665757747 0.38048064708709717 111
1607665757874 0.3797139823436737 112
1607665758004 0.37931451201438904 113
1607665758143 0.3785049617290497 114
1607665758277 0.3780944049358368 115
1607665758406 0.3775785565376282 116
1607665758535 0.3775528371334076 117
1607665758668 0.3776909410953522 118
1607665758792 0.37800997495651245 119
1607665758926 0.37883317470550537 120
1607665759060 0.3794686794281006 121
1607665759191 0.3792656660079956 122
1607665759347 0.3798063099384308 123
1607665759489 0.3785242736339569 124
1607665759620 0.37780362367630005 125
1607665759756 0.37661299109458923 126
1607665759891 0.37550926208496094 127
1607665760043 0.37572452425956726 128
1607665760180 0.37530165910720825 129
1607665760321 0.3752182424068451 130
1607665760452 0.3750857710838318 131
1607665760585 0.3758753836154938 132
1607665760736 0.376522421836853 133
1607665760873 0.3763866126537323 134
1607665761002 0.3770533800125122 135
1607665761132 0.3757553994655609 136
1607665761263 0.37660738825798035 137
1607665761417 0.3747410476207733 138
1607665761556 0.37430644035339355 139
1607665761681 0.37374743819236755 140
1607665761811 0.3730717599391937 141
1607665761940 0.3730425536632538 142
1607665762091 0.37285444140434265 143
1607665762225 0.37250959873199463 144
1607665762358 0.37236690521240234 145
1607665762486 0.37211260199546814 146
1607665762618 0.372106671333313 147
1607665762771 0.37240222096443176 148
1607665762908 0.3727390766143799 149
1607665763051 0.3731818199157715 150
1607665763183 0.3741638958454132 151
1607665763318 0.37307390570640564 152
1607665763468 0.37315070629119873 153
1607665763605 0.37278854846954346 154
1607665763734 0.37233227491378784 155
1607665763865 0.3725226819515228 156
1607665763992 0.37242576479911804 157
1607665764140 0.3723807632923126 158
1607665764290 0.3722292184829712 159
1607665764425 0.3727089464664459 160
1607665764580 0.3729720413684845 161
1607665764736 0.3729431927204132 162
1607665764888 0.37220099568367004 163
1607665765046 0.37198513746261597 164
1607665765207 0.3713285028934479 165
1607665765364 0.37153372168540955 166
1607665765517 0.3713219165802002 167
1607665765673 0.3708343207836151 168
1607665765810 0.3710048794746399 169
1607665765945 0.3711063861846924 170
1607665766077 0.371324360370636 171
1607665766215 0.37204816937446594 172
1607665766350 0.3716043531894684 173
1607665766478 0.3705058991909027 174
1607665766612 0.3700505793094635 175
1607665766740 0.36885666847229004 176
1607665766874 0.3686894476413727 177
1607665767004 0.3683011829853058 178
1607665767140 0.3677387237548828 179
1607665767276 0.3681369721889496 180
1607665767409 0.3681858479976654 181
1607665767537 0.368660569190979 182
1607665767666 0.36769023537635803 183
1607665767803 0.36790731549263 184
1607665767933 0.3689916729927063 185
1607665768079 0.37010133266448975 186
1607665768218 0.3712238371372223 187
1607665768348 0.3718569576740265 188
1607665768480 0.3717363774776459 189
1607665768612 0.3701534569263458 190
1607665768743 0.3697945475578308 191
1607665768871 0.3687286972999573 192
1607665768999 0.3679182231426239 193
1607665769126 0.3670373558998108 194
1607665769262 0.3670155107975006 195
1607665769405 0.3666488230228424 196
1607665769539 0.36691588163375854 197
1607665769667 0.3673933148384094 198
1607665769794 0.36711636185646057 199
1607665769925 0.3674030900001526 200
1607665770051 0.36712393164634705 201
1607665770184 0.3671559989452362 202
1607665770311 0.3669343590736389 203
1607665770447 0.3671427369117737 204
1607665770577 0.36717137694358826 205
1607665770706 0.36801502108573914 206
1607665770833 0.3676932454109192 207
1607665770962 0.3677959144115448 208
1607665771089 0.36786705255508423 209
1607665771222 0.3674295246601105 210
1607665771350 0.36716750264167786 211
1607665771482 0.36692729592323303 212
1607665771631 0.3664325177669525 213
1607665771769 0.3668941557407379 214
1607665771900 0.3671829104423523 215
1607665772031 0.3672870695590973 216
1607665772167 0.36723583936691284 217
1607665772319 0.3675597906112671 218
1607665772460 0.3671400845050812 219
1607665772590 0.3670687675476074 220
1607665772718 0.36716267466545105 221
1607665772881 0.36741533875465393 222
1607665773021 0.3674243688583374 223
1607665773151 0.3669116497039795 224
1607665773278 0.3666701912879944 225
1607665773409 0.36589598655700684 226
1607665773561 0.36527249217033386 227
1607665773698 0.36498168110847473 228
1607665773832 0.3649611175060272 229
1607665773968 0.3655117154121399 230
1607665774104 0.3659091889858246 231
1607665774260 0.36655357480049133 232
1607665774399 0.3675794005393982 233
1607665774533 0.3682321608066559 234
1607665774673 0.3678569495677948 235
1607665774809 0.36731022596359253 236
1607665774965 0.3662908673286438 237
1607665775103 0.36590492725372314 238
1607665775235 0.36560478806495667 239
1607665775372 0.36473917961120605 240
1607665775506 0.3641699552536011 241
1607665775643 0.3639722764492035 242
1607665775779 0.36456191539764404 243
1607665775913 0.3648488223552704 244
1607665776048 0.36492037773132324 245
1607665776176 0.3652411103248596 246
1607665776333 0.36519351601600647 247
1607665776483 0.36532485485076904 248
1607665776648 0.36479416489601135 249
1607665776804 0.36431077122688293 250
1607665776962 0.36357468366622925 251
1607665777113 0.3631955683231354 252
1607665777271 0.3632461428642273 253
1607665777432 0.36273106932640076 254
1607665777586 0.3633556365966797 255
1607665777733 0.3632613718509674 256
1607665777872 0.36363017559051514 257
1607665778011 0.3641686737537384 258
1607665778144 0.3644272983074188 259
1607665778277 0.36480802297592163 260
1607665778409 0.36487242579460144 261
1607665778546 0.3647807836532593 262
1607665778679 0.3647673726081848 263
1607665778816 0.36417528986930847 264
1607665778945 0.36410245299339294 265
1607665779081 0.3635098338127136 266
1607665779217 0.3638191819190979 267
1607665779352 0.3629706799983978 268
1607665779486 0.36310306191444397 269
1607665779615 0.36316221952438354 270
1607665779762 0.36322295665740967 271
1607665779898 0.3639140725135803 272
1607665780030 0.3641193211078644 273
1607665780159 0.364114910364151 274
1607665780288 0.36377182602882385 275
1607665780427 0.3644648790359497 276
1607665780554 0.3640957772731781 277
1607665780684 0.3639816343784332 278
1607665780816 0.3635152280330658 279
1607665780943 0.3631935119628906 280
1607665781083 0.36318182945251465 281
1607665781216 0.36288219690322876 282
1607665781349 0.3628624975681305 283
1607665781477 0.36227521300315857 284
1607665781621 0.3622264862060547 285
1607665781755 0.36175164580345154 286
1607665781891 0.3622039258480072 287
1607665782021 0.3621504008769989 288
1607665782150 0.362556129693985 289
1607665782284 0.36282745003700256 290
1607665782417 0.3635989725589752 291
1607665782546 0.3633548617362976 292
1607665782673 0.36391356587409973 293
1607665782810 0.3643285632133484 294
1607665782960 0.364303857088089 295
1607665783091 0.36329084634780884 296
1607665783224 0.3633767068386078 297
1607665783356 0.36303284764289856 298
1607665783495 0.3637998700141907 299
1607665783638 0.3631589412689209 300
1607665783766 0.3632107675075531 301
1607665783923 0.362291157245636 302
1607665784069 0.3622031509876251 303
1607665784204 0.36168530583381653 304
1607665784350 0.36110490560531616 305
1607665784484 0.3605976104736328 306
1607665784646 0.36006399989128113 307
1607665784781 0.3600917160511017 308
1607665784921 0.35985395312309265 309
1607665785075 0.36031243205070496 310
1607665785226 0.36105668544769287 311
1607665785396 0.36135196685791016 312
1607665785547 0.36227673292160034 313
1607665785684 0.36231446266174316 314
1607665785818 0.36267197132110596 315
1607665785971 0.3627687990665436 316
1607665786116 0.36264434456825256 317
1607665786262 0.36183246970176697 318
1607665786392 0.36140090227127075 319
1607665786522 0.3606945872306824 320
1607665786671 0.36102449893951416 321
1607665786813 0.3605515658855438 322
1607665786960 0.3605615496635437 323
1607665787110 0.3602852523326874 324
1607665787264 0.3607049882411957 325
1607665787404 0.3610239326953888 326
1607665787537 0.36148500442504883 327
1607665787672 0.3619420528411865 328
1607665787804 0.36268237233161926 329
1607665787967 0.36309823393821716 330
1607665788102 0.3626904785633087 331
1607665788232 0.36228281259536743 332
1607665788375 0.3617509603500366 333
1607665788507 0.36117222905158997 334
1607665788660 0.3609679341316223 335
1607665788816 0.36051666736602783 336
1607665788956 0.36063113808631897 337
1607665789100 0.3605574667453766 338
1607665789252 0.36050206422805786 339
1607665789394 0.3604658246040344 340
1607665789556 0.3604027032852173 341
1607665789710 0.3600929081439972 342
1607665789849 0.3603459298610687 343
1607665789988 0.3601427674293518 344
1607665790139 0.3606506288051605 345
1607665790284 0.36074507236480713 346
1607665790423 0.3615070581436157 347
1607665790562 0.361503005027771 348
1607665790699 0.36196473240852356 349
1607665790835 0.36172544956207275 350
1607665790967 0.3620709776878357 351
1607665791108 0.3614983558654785 352
1607665791240 0.36096474528312683 353
1607665791372 0.36011335253715515 354
1607665791508 0.3595602214336395 355
1607665791640 0.35940447449684143 356
1607665791775 0.358999103307724 357
1607665791908 0.358862042427063 358
1607665792044 0.3591465950012207 359
1607665792179 0.35887226462364197 360
1607665792316 0.35935667157173157 361
1607665792447 0.35999923944473267 362
1607665792580 0.3607355058193207 363
1607665792714 0.3609735369682312 364
1607665792843 0.3590160608291626 365
1607665792980 0.35846561193466187 366
1607665793118 0.35904327034950256 367
1607665793253 0.35873156785964966 368
1607665793397 0.35891392827033997 369
1607665793529 0.3585684597492218 370
1607665793659 0.3590930104255676 371
1607665793790 0.3591313362121582 372
1607665793921 0.3599724769592285 373
1607665794054 0.3599611520767212 374
1607665794189 0.36046507954597473 375
1607665794320 0.36017292737960815 376
1607665794458 0.36007997393608093 377
1607665794594 0.3600834906101227 378
1607665794731 0.35980233550071716 379
1607665794859 0.3596019744873047 380
1607665794991 0.359193354845047 381
1607665795122 0.35884612798690796 382
1607665795256 0.35836347937583923 383
1607665795392 0.35843968391418457 384
1607665795527 0.3582026958465576 385
1607665795658 0.35823383927345276 386
1607665795789 0.35881307721138 387
1607665795920 0.35891616344451904 388
1607665796053 0.35960647463798523 389
1607665796185 0.36028042435646057 390
1607665796335 0.3606519103050232 391
1607665796473 0.36084625124931335 392
1607665796613 0.36008331179618835 393
1607665796747 0.3600544333457947 394
1607665796879 0.3594500422477722 395
1607665797034 0.35851484537124634 396
1607665797170 0.35788848996162415 397
1607665797310 0.357164204120636 398
1607665797448 0.35718995332717896 399
1607665797585 0.35690033435821533 400
1607665797732 0.3570677936077118 401
1607665797876 0.3572588860988617 402
1607665798013 0.3577682375907898 403
1607665798153 0.35854166746139526 404
1607665798289 0.35892483592033386 405
1607665798441 0.359477698802948 406
1607665798586 0.35961124300956726 407
1607665798730 0.35999080538749695 408
1607665798868 0.3598228991031647 409
1607665799020 0.3593917489051819 410
1607665799160 0.35963529348373413 411
1607665799295 0.3595696687698364 412
1607665799425 0.3592740297317505 413
1607665799558 0.35963597893714905 414
1607665799709 0.3599642813205719 415
1607665799847 0.3598184287548065 416
1607665799977 0.359920859336853 417
1607665800108 0.35950514674186707 418
1607665800260 0.359468013048172 419
1607665800409 0.3591156601905823 420
1607665800542 0.3589373826980591 421
1607665800673 0.358204185962677 422
1607665800805 0.3584746718406677 423
1607665800956 0.3578546941280365 424
1607665801105 0.3581933081150055 425
1607665801272 0.35749179124832153 426
1607665801412 0.35772696137428284 427
1607665801564 0.3574516773223877 428
1607665801723 0.35767635703086853 429
1607665801870 0.3576390743255615 430
1607665802026 0.35849282145500183 431
1607665802186 0.3586784899234772 432
1607665802336 0.35874509811401367 433
1607665802494 0.35898059606552124 434
1607665802641 0.3583835959434509 435
1607665802777 0.35881683230400085 436
1607665802909 0.35755422711372375 437
1607665803043 0.3571043908596039 438
1607665803174 0.3566230237483978 439
1607665803309 0.3563592731952667 440
1607665803442 0.3561841547489166 441
1607665803579 0.35632216930389404 442
1607665803722 0.35669103264808655 443
1607665803855 0.35674577951431274 444
1607665803987 0.35732680559158325 445
1607665804126 0.35757893323898315 446
1607665804261 0.3581322431564331 447
1607665804387 0.3588005602359772 448
1607665804522 0.3587817847728729 449
1607665804660 0.3588281571865082 450
1607665804786 0.3584138751029968 451
1607665804919 0.35819506645202637 452
1607665805053 0.35799354314804077 453
1607665805189 0.35741615295410156 454
1607665805316 0.3572310507297516 455
1607665805455 0.3566308915615082 456
1607665805586 0.356635183095932 457
1607665805720 0.35642707347869873 458
1607665805854 0.35622915625572205 459
1607665805984 0.3561219274997711 460
1607665806115 0.35602474212646484 461
1607665806246 0.3563379645347595 462
1607665806376 0.35613030195236206 463
1607665806507 0.3564901053905487 464
1607665806644 0.3566955327987671 465
1607665806782 0.3570329546928406 466
1607665806913 0.35784411430358887 467
1607665807045 0.35763850808143616 468
1607665807176 0.3578907251358032 469
1607665807309 0.35790523886680603 470
1607665807437 0.35790303349494934 471
1607665807570 0.3570087254047394 472
1607665807703 0.3565521836280823 473
1607665807844 0.35611680150032043 474
1607665807975 0.3559822142124176 475
1607665808108 0.35623031854629517 476
1607665808240 0.3560710847377777 477
1607665808374 0.3565460741519928 478
1607665808507 0.35728719830513 479
1607665808637 0.3576793670654297 480
1607665808765 0.35874226689338684 481
1607665808893 0.3585059642791748 482
1607665809032 0.3584851324558258 483
1607665809186 0.35799863934516907 484
1607665809326 0.357702374458313 485
1607665809461 0.3570593297481537 486
1607665809591 0.3563617467880249 487
1607665809723 0.3559921383857727 488
1607665809871 0.35545778274536133 489
1607665810011 0.35524699091911316 490
1607665810139 0.35514843463897705 491
1607665810280 0.35511258244514465 492
1607665810432 0.35549914836883545 493
1607665810570 0.35600510239601135 494
1607665810703 0.35634878277778625 495
1607665810838 0.3573285639286041 496
1607665810974 0.35729119181632996 497
1607665811121 0.3581830859184265 498
1607665811253 0.35767194628715515 499
1607665811382 0.3577114939689636 500
1607665811517 0.35660940408706665 501
1607665811666 0.3567623198032379 502
1607665811817 0.3567848801612854 503
1607665811948 0.35667261481285095 504
1607665812078 0.35696128010749817 505
1607665812214 0.35669100284576416 506
1607665812366 0.35651904344558716 507
1607665812518 0.3568918704986572 508
1607665812658 0.3565080165863037 509
1607665812803 0.35649752616882324 510
1607665812931 0.3561986982822418 511
1607665813093 0.3565155565738678 512
1607665813240 0.3562721908092499 513
1607665813385 0.3565753400325775 514
1607665813524 0.3561650812625885 515
1607665813670 0.3561503291130066 516
1607665813806 0.3558908700942993 517
1607665813947 0.35562217235565186 518
1607665814111 0.3556217551231384 519
1607665814259 0.3557467758655548 520
1607665814411 0.3558390438556671 521
1607665814572 0.35628095269203186 522
1607665814728 0.35592567920684814 523
1607665814874 0.35684913396835327 524
1607665815009 0.3565741777420044 525
1607665815141 0.35672906041145325 526
1607665815270 0.35589084029197693 527
1607665815410 0.35566893219947815 528
1607665815718 0.3551618456840515 529
1607665815853 0.3547927141189575 530
1607665815986 0.3545144200325012 531
1607665816123 0.35457471013069153 532
1607665816266 0.35489600896835327 533
1607665816397 0.35502976179122925 534
1607665816536 0.3554397523403168 535
1607665816678 0.3562169671058655 536
1607665816832 0.35658231377601624 537
1607665816965 0.357358455657959 538
1607665817102 0.3567233085632324 539
1607665817241 0.3566005825996399 540
1607665817372 0.35622599720954895 541
1607665817505 0.3555290997028351 542
1607665817636 0.3551127016544342 543
1607665817777 0.3547365367412567 544
1607665817918 0.3546102046966553 545
1607665818064 0.3540809750556946 546
1607665818209 0.3531269133090973 547
1607665818346 0.3533489406108856 548
1607665818480 0.3538622558116913 549
1607665818617 0.3548218905925751 550
1607665818758 0.35589712858200073 551
1607665818897 0.3571760058403015 552
1607665819032 0.3579476475715637 553
1607665819172 0.3581249415874481 554
1607665819302 0.3581206500530243 555
1607665819433 0.3577384054660797 556
1607665819570 0.35688531398773193 557
1607665819708 0.3555503189563751 558
1607665819838 0.3551180064678192 559
1607665819971 0.3542967736721039 560
1607665820107 0.35439667105674744 561
1607665820252 0.3538680374622345 562
1607665820403 0.35447055101394653 563
1607665820546 0.354592502117157 564
1607665820687 0.35495710372924805 565
1607665820819 0.3561443090438843 566
1607665820951 0.35658755898475647 567
1607665821087 0.35716158151626587 568
1607665821219 0.356542706489563 569
1607665821353 0.356203556060791 570
1607665821488 0.3559900224208832 571
1607665821618 0.3551297187805176 572
1607665821773 0.35474494099617004 573
1607665821913 0.3537576198577881 574
1607665822043 0.3535268306732178 575
1607665822174 0.3529958724975586 576
1607665822314 0.3531429171562195 577
1607665822471 0.3528648614883423 578
1607665822619 0.35334205627441406 579
1607665822749 0.35327789187431335 580
1607665822886 0.3535187542438507 581
1607665823018 0.3539075255393982 582
1607665823175 0.3543422818183899 583
1607665823321 0.354775607585907 584
1607665823452 0.3551490604877472 585
1607665823585 0.35505324602127075 586
1607665823728 0.3554054796695709 587
1607665823890 0.3557538688182831 588
1607665824041 0.3552840054035187 589
1607665824184 0.3550230860710144 590
1607665824325 0.3542441129684448 591
1607665824456 0.3544287085533142 592
1607665824600 0.35399141907691956 593
1607665824735 0.35425055027008057 594
1607665824870 0.35391825437545776 595
1607665825000 0.35434967279434204 596
1607665825156 0.3545660078525543 597
1607665825301 0.3551739752292633 598
1607665825447 0.3557112216949463 599
1607665825611 0.3561769723892212 600
1607665825755 0.35641223192214966 601
1607665825911 0.3558312654495239 602
1607665826058 0.3550284504890442 603
1607665826227 0.35444560647010803 604
1607665826366 0.35393276810646057 605
1607665826512 0.3534100353717804 606
1607665826668 0.3529532551765442 607
1607665826824 0.35351449251174927 608
1607665826963 0.3529873192310333 609
1607665827099 0.3538549840450287 610
1607665827235 0.3540436327457428 611
1607665827372 0.35439950227737427 612
1607665827503 0.35548850893974304 613
1607665827635 0.3550772964954376 614
1607665827775 0.35630348324775696 615
1607665827910 0.35592952370643616 616
1607665828048 0.35606157779693604 617
1607665828180 0.35564124584198 618
1607665828311 0.35555002093315125 619
1607665828442 0.3551095426082611 620
1607665828576 0.35508105158805847 621
1607665828704 0.35529011487960815 622
1607665828834 0.35532379150390625 623
1607665828970 0.35526835918426514 624
1607665829100 0.35490310192108154 625
1607665829229 0.3547641634941101 626
1607665829368 0.35506778955459595 627
1607665829499 0.35436615347862244 628
1607665829630 0.35426270961761475 629
1607665829764 0.35385480523109436 630
1607665829897 0.3538360595703125 631
1607665830028 0.35336896777153015 632
1607665830161 0.3535209000110626 633
1607665830291 0.3527655601501465 634
1607665830423 0.3532041609287262 635
1607665830559 0.35256677865982056 636
1607665830696 0.3530556857585907 637
1607665830826 0.35251036286354065 638
1607665830957 0.3528282046318054 639
1607665831094 0.3528446555137634 640
1607665831225 0.3534073233604431 641
1607665831361 0.353750616312027 642
1607665831501 0.35427722334861755 643
1607665831638 0.35455554723739624 644
1607665831779 0.35475829243659973 645
1607665831935 0.35544145107269287 646
1607665832067 0.356323778629303 647
1607665832199 0.35633376240730286 648
1607665832335 0.35591408610343933 649
1607665832465 0.35541287064552307 650
1607665832607 0.3553618788719177 651
1607665832740 0.35452592372894287 652
1607665832874 0.35380810499191284 653
1607665833006 0.35304611921310425 654
1607665833141 0.3529997766017914 655
1607665833296 0.35269254446029663 656
1607665833439 0.3526952564716339 657
1607665833568 0.3528082072734833 658
1607665833701 0.3532311022281647 659
1607665833837 0.35318201780319214 660
1607665833990 0.3537806272506714 661
1607665834127 0.3533528745174408 662
1607665834258 0.3538378179073334 663
1607665834390 0.353199303150177 664
1607665834520 0.3531973659992218 665
1607665834680 0.35236039757728577 666
1607665834828 0.3525807857513428 667
1607665834963 0.3520317077636719 668
1607665835101 0.3524002730846405 669
1607665835240 0.35248687863349915 670
1607665835393 0.35325905680656433 671
1607665835529 0.3538624942302704 672
1607665835660 0.35497477650642395 673
1607665835798 0.3554461598396301 674
1607665835930 0.3563574552536011 675
1607665836080 0.35573628544807434 676
1607665836224 0.35522687435150146 677
1607665836371 0.35403764247894287 678
1607665836503 0.35354432463645935 679
1607665836639 0.35297006368637085 680
1607665836793 0.3522856831550598 681
1607665836947 0.35232672095298767 682
1607665837082 0.35221007466316223 683
1607665837218 0.3522542417049408 684
1607665837347 0.35315021872520447 685
1607665837499 0.35329166054725647 686
1607665837680 0.3543780446052551 687
1607665837835 0.3544386029243469 688
1607665837986 0.3546069860458374 689
1607665838148 0.3548137843608856 690
1607665838318 0.3536429703235626 691
1607665838496 0.3526473343372345 692
1607665838651 0.3520224392414093 693
1607665838803 0.35133096575737 694
1607665838958 0.35116440057754517 695
1607665839109 0.3510589897632599 696
1607665839244 0.3513736426830292 697
1607665839379 0.35177767276763916 698
1607665839520 0.35261616110801697 699
1607665839654 0.353405237197876 700
1607665839789 0.3553692698478699 701
1607665839927 0.3563787639141083 702
1607665840056 0.3566760718822479 703
1607665840187 0.3573979139328003 704
1607665840328 0.35612809658050537 705
1607665840461 0.3558467924594879 706
1607665840594 0.35453909635543823 707
1607665840728 0.3536977469921112 708
1607665840863 0.35262468457221985 709
1607665840997 0.351995587348938 710
1607665841136 0.3516820967197418 711
1607665841273 0.3515481650829315 712
1607665841412 0.3513411581516266 713
1607665841553 0.35165664553642273 714
1607665841691 0.3517000675201416 715
1607665841822 0.35236796736717224 716
1607665841954 0.35243675112724304 717
1607665842097 0.352889746427536 718
1607665842238 0.35295939445495605 719
1607665842374 0.3528708815574646 720
1607665842512 0.3526068329811096 721
1607665842645 0.3521466851234436 722
1607665842782 0.35237669944763184 723
1607665842914 0.3520265817642212 724
1607665843047 0.3520911633968353 725
1607665843192 0.35230252146720886 726
1607665843335 0.35250258445739746 727
1607665843478 0.3523150384426117 728
1607665843616 0.3513564169406891 729
1607665843746 0.3514288663864136 730
1607665843875 0.35195258259773254 731
1607665844027 0.352351576089859 732
1607665844161 0.35256972908973694 733
1607665844297 0.35328763723373413 734
1607665844430 0.35335904359817505 735
1607665844580 0.35340163111686707 736
1607665844721 0.3528137803077698 737
1607665844852 0.35253995656967163 738
1607665844983 0.35260266065597534 739
1607665845114 0.3520832061767578 740
1607665845251 0.3517105281352997 741
1607665845382 0.3515239357948303 742
1607665845512 0.3517281413078308 743
1607665845678 0.35181745886802673 744
1607665845827 0.3516891300678253 745
1607665845966 0.3516950011253357 746
1607665846104 0.35187995433807373 747
1607665846237 0.3519890308380127 748
1607665846392 0.3521314561367035 749
1607665846533 0.3522828221321106 750
1607665846668 0.35228803753852844 751
1607665846803 0.3522014021873474 752
1607665846936 0.3522695302963257 753
1607665847091 0.35189104080200195 754
1607665847233 0.3521914482116699 755
1607665847365 0.35260245203971863 756
1607665847502 0.35221293568611145 757
1607665847669 0.35265234112739563 758
1607665847813 0.35198232531547546 759
1607665847946 0.35233014822006226 760
1607665848088 0.3523087203502655 761
1607665848225 0.35262638330459595 762
1607665848383 0.3529893159866333 763
1607665848523 0.3532662093639374 764
1607665848666 0.3534550666809082 765
1607665848794 0.3544413149356842 766
1607665848925 0.35397300124168396 767
1607665849082 0.35419347882270813 768
1607665849223 0.3538271486759186 769
1607665849355 0.3533508777618408 770
1607665849482 0.3533031642436981 771
1607665849627 0.35259199142456055 772
1607665849781 0.3521825969219208 773
1607665849934 0.3519836366176605 774
1607665850099 0.3516239523887634 775
1607665850248 0.351613849401474 776
1607665850402 0.35147151350975037 777
1607665850561 0.35153207182884216 778
1607665850725 0.3514215648174286 779
1607665850876 0.3516097664833069 780
1607665851029 0.3516733944416046 781
1607665851174 0.3519167900085449 782
1607665851325 0.35181477665901184 783
1607665851480 0.3515915870666504 784
1607665851613 0.352186381816864 785
1607665851747 0.3522653877735138 786
1607665851885 0.3528273403644562 787
1607665852015 0.35291293263435364 788
1607665852152 0.35306262969970703 789
1607665852298 0.3538772165775299 790
1607665852445 0.35330748558044434 791
1607665852575 0.3531619906425476 792
1607665852708 0.35207512974739075 793
1607665852839 0.3518540859222412 794
1607665852975 0.3513574004173279 795
1607665853110 0.3507835865020752 796
1607665853254 0.3513147234916687 797
1607665853390 0.35092681646347046 798
1607665853534 0.3516693115234375 799
1607665853666 0.3515421152114868 800
1607665853796 0.35212886333465576 801
1607665853928 0.35268962383270264 802
1607665854057 0.3531791865825653 803
1607665854195 0.35321271419525146 804
1607665854346 0.35409408807754517 805
1607665854486 0.3538571298122406 806
1607665854621 0.35436365008354187 807
1607665854754 0.35334277153015137 808
1607665854891 0.3528439998626709 809
1607665855025 0.3527909219264984 810
1607665855155 0.35222354531288147 811
1607665855286 0.35192376375198364 812
1607665855423 0.3513522148132324 813
1607665855562 0.35100385546684265 814
1607665855695 0.3509974777698517 815
1607665855829 0.35088425874710083 816
1607665855961 0.3509596288204193 817
1607665856094 0.35117411613464355 818
1607665856232 0.35123971104621887 819
1607665856364 0.3512834310531616 820
1607665856494 0.3516659736633301 821
1607665856632 0.35169166326522827 822
1607665856765 0.3519987165927887 823
1607665856897 0.351674348115921 824
1607665857028 0.3517536520957947 825
1607665857158 0.3515996038913727 826
1607665857292 0.3514854609966278 827
1607665857426 0.35101935267448425 828
1607665857563 0.3509564995765686 829
1607665857697 0.3503792881965637 830
1607665857838 0.3504216969013214 831
1607665857996 0.3501991331577301 832
1607665858135 0.3501773178577423 833
1607665858266 0.34999123215675354 834
1607665858398 0.34992027282714844 835
1607665858532 0.3500868082046509 836
1607665858683 0.3505438566207886 837
1607665858822 0.3503986895084381 838
1607665858954 0.35099488496780396 839
1607665859092 0.35086584091186523 840
1607665859228 0.3516263961791992 841
1607665859384 0.351920485496521 842
1607665859522 0.35197913646698 843
1607665859657 0.3518320620059967 844
1607665859793 0.35209763050079346 845
1607665859929 0.3523123860359192 846
1607665860064 0.35189324617385864 847
1607665860214 0.3521226942539215 848
1607665860361 0.352521687746048 849
1607665860496 0.3531128168106079 850
1607665860630 0.35386770963668823 851
1607665860764 0.3545701205730438 852
1607665860900 0.3552172780036926 853
1607665861052 0.3548915982246399 854
1607665861189 0.354929655790329 855
1607665861322 0.352978378534317 856
1607665861451 0.35285264253616333 857
1607665861596 0.3517327904701233 858
1607665861732 0.3513844907283783 859
1607665861885 0.35065385699272156 860
1607665862027 0.3505549132823944 861
1607665862169 0.35080841183662415 862
1607665862311 0.35076093673706055 863
1607665862454 0.35065311193466187 864
1607665862597 0.3503572344779968 865
1607665862740 0.350690633058548 866
1607665862882 0.35046860575675964 867
1607665863024 0.3505597710609436 868
1607665863191 0.3504045605659485 869
1607665863344 0.3503926694393158 870
1607665863482 0.35093948245048523 871
1607665863614 0.3507270812988281 872
1607665863744 0.3509887456893921 873
1607665863878 0.3511049747467041 874
1607665864005 0.35119667649269104 875
1607665864139 0.35165026783943176 876
1607665864272 0.35148850083351135 877
1607665864406 0.351663738489151 878
1607665864541 0.3517124652862549 879
1607665864678 0.3522324860095978 880
1607665864811 0.35209715366363525 881
1607665864941 0.3520543873310089 882
1607665865072 0.35227030515670776 883
1607665865201 0.3528020679950714 884
1607665865338 0.35278838872909546 885
1607665865474 0.3524932861328125 886
1607665865606 0.3524227440357208 887
1607665865740 0.35225117206573486 888
1607665865881 0.35195860266685486 889
1607665866018 0.35117995738983154 890
1607665866148 0.35108521580696106 891
1607665866278 0.3502948582172394 892
1607665866407 0.3503049612045288 893
1607665866556 0.3499581217765808 894
1607665866693 0.3501462936401367 895
1607665866832 0.3501681089401245 896
1607665866969 0.35001811385154724 897
1607665867107 0.3501923978328705 898
1607665867240 0.3502054512500763 899
1607665867370 0.3505822420120239 900
1607665867508 0.3503248393535614 901
1607665867638 0.3508639335632324 902
1607665867776 0.3508600890636444 903
1607665867912 0.3514306843280792 904
1607665868045 0.35154107213020325 905
1607665868179 0.35192573070526123 906
1607665868308 0.35185831785202026 907
1607665868443 0.3521716296672821 908
1607665868579 0.3520651161670685 909
1607665868712 0.3511202931404114 910
1607665868841 0.34970077872276306 911
1607665868980 0.3492674231529236 912
1607665869119 0.34935998916625977 913
1607665869249 0.3489685654640198 914
1607665869380 0.34946057200431824 915
1607665869515 0.3492920696735382 916
1607665869645 0.3498525321483612 917
1607665869782 0.3497418761253357 918
1607665869922 0.35023990273475647 919
1607665870076 0.35047823190689087 920
1607665870221 0.35069540143013 921
1607665870360 0.3509565591812134 922
1607665870498 0.3507656157016754 923
1607665870633 0.3513700067996979 924
1607665870772 0.3510526418685913 925
1607665870930 0.3514261245727539 926
1607665871075 0.3512631356716156 927
1607665871225 0.3516498804092407 928
1607665871363 0.35167208313941956 929
1607665871502 0.35183772444725037 930
1607665871636 0.35206976532936096 931
1607665871797 0.35154810547828674 932
1607665871945 0.3514176309108734 933
1607665872091 0.3508465588092804 934
1607665872231 0.3508724272251129 935
1607665872361 0.3503512740135193 936
1607665872516 0.35032975673675537 937
1607665872652 0.3505370318889618 938
1607665872790 0.3507612347602844 939
1607665872926 0.3508135974407196 940
1607665873070 0.35093554854393005 941
1607665873244 0.3515692949295044 942
1607665873390 0.35143738985061646 943
1607665873526 0.35145050287246704 944
1607665873662 0.3509223759174347 945
1607665873796 0.3515450358390808 946
1607665873958 0.35180193185806274 947
1607665874103 0.35110342502593994 948
1607665874256 0.3507370352745056 949
1607665874411 0.3502248227596283 950
1607665874578 0.3500940203666687 951
1607665874734 0.34946611523628235 952
1607665874905 0.34913331270217896 953
1607665875059 0.3487050533294678 954
1607665875214 0.34898918867111206 955
1607665875372 0.3489327132701874 956
1607665875527 0.3492771089076996 957
1607665875678 0.34936732053756714 958
1607665875823 0.3499530851840973 959
1607665875958 0.3504066467285156 960
1607665876096 0.35102590918540955 961
1607665876239 0.3514641523361206 962
1607665876384 0.3521249294281006 963
1607665876532 0.35187381505966187 964
1607665876676 0.3521060645580292 965
1607665876817 0.3516257703304291 966
1607665876949 0.35108837485313416 967
1607665877081 0.35072973370552063 968
1607665877228 0.3499557077884674 969
1607665877362 0.3494398593902588 970
1607665877507 0.3492395281791687 971
1607665877646 0.34914955496788025 972
1607665877778 0.349558025598526 973
1607665877911 0.34977349638938904 974
1607665878046 0.35080811381340027 975
1607665878181 0.3510601222515106 976
1607665878319 0.3519304394721985 977
1607665878454 0.3520020544528961 978
1607665878587 0.35232922434806824 979
1607665878723 0.3515144884586334 980
1607665878853 0.3514186143875122 981
1607665878980 0.35104823112487793 982
1607665879116 0.35014188289642334 983
1607665879255 0.3497859835624695 984
1607665879562 0.34948742389678955 985
1607665879697 0.34946563839912415 986
1607665879828 0.34990817308425903 987
1607665879973 0.3496742844581604 988
1607665880116 0.3502102196216583 989
1607665880245 0.3500892221927643 990
1607665880379 0.35039329528808594 991
1607665880512 0.3506118953227997 992
1607665880649 0.3506093919277191 993
1607665880786 0.3503866195678711 994
1607665880919 0.35035115480422974 995
1607665881043 0.35030123591423035 996
1607665881171 0.3502004146575928 997
1607665881304 0.3501224219799042 998
1607665881434 0.34977152943611145 999
