1607613973155 0.4739818572998047 0
1607613973382 0.46623408794403076 1
1607613973616 0.4560168385505676 2
1607613973846 0.4496426582336426 3
1607613974075 0.4446522295475006 4
1607613974292 0.4410269856452942 5
1607613974517 0.43905001878738403 6
1607613974731 0.438093900680542 7
1607613974956 0.43722718954086304 8
1607613975176 0.436952143907547 9
1607613975393 0.43710389733314514 10
1607613975609 0.43738168478012085 11
1607613975837 0.4363868534564972 12
1607613976064 0.4350147247314453 13
1607613976282 0.4338405728340149 14
1607613976507 0.4334317147731781 15
1607613976722 0.43242186307907104 16
1607613976922 0.431477814912796 17
1607613977127 0.43039703369140625 18
1607613977332 0.43029487133026123 19
1607613977537 0.4291072189807892 20
1607613977739 0.42766302824020386 21
1607613977963 0.4263073801994324 22
1607613978183 0.42587706446647644 23
1607613978417 0.42555055022239685 24
1607613978637 0.4249653220176697 25
1607613978848 0.42366740107536316 26
1607613979058 0.42271342873573303 27
1607613979274 0.42222562432289124 28
1607613979491 0.42173948884010315 29
1607613979702 0.42128056287765503 30
1607613979926 0.42107218503952026 31
1607613980138 0.4197990894317627 32
1607613980359 0.41866934299468994 33
1607613980575 0.4180839955806732 34
1607613980794 0.41747844219207764 35
1607613981017 0.41657471656799316 36
1607613981235 0.4156699478626251 37
1607613981448 0.41463619470596313 38
1607613981675 0.4136776924133301 39
1607613981927 0.41282472014427185 40
1607613982163 0.4127002954483032 41
1607613982383 0.41299140453338623 42
1607613982593 0.41270703077316284 43
1607613982806 0.4117640554904938 44
1607613983014 0.4102812111377716 45
1607613983222 0.409314900636673 46
1607613983438 0.40768519043922424 47
1607613983653 0.4073527157306671 48
1607613983872 0.40657660365104675 49
1607613984099 0.40606382489204407 50
1607613984311 0.4060315489768982 51
1607613984530 0.4062618315219879 52
1607613984749 0.40552499890327454 53
1607613984960 0.4043268859386444 54
1607613985172 0.40344709157943726 55
1607613985386 0.4034506678581238 56
1607613985598 0.4030609726905823 57
1607613985822 0.4021288752555847 58
1607613986042 0.4014201760292053 59
1607613986255 0.40047043561935425 60
1607613986473 0.39957624673843384 61
1607613986688 0.3991721272468567 62
1607613986902 0.39805302023887634 63
1607613987117 0.3982830047607422 64
1607613987334 0.397745817899704 65
1607613987543 0.3974522650241852 66
1607613987764 0.3972410261631012 67
1607613987988 0.39734068512916565 68
1607613988209 0.39690473675727844 69
1607613988423 0.396174818277359 70
1607613988637 0.39590802788734436 71
1607613988857 0.39447054266929626 72
1607613989068 0.3931238651275635 73
1607613989280 0.3923281133174896 74
1607613989492 0.39241039752960205 75
1607613989710 0.39361417293548584 76
1607613989921 0.3932752013206482 77
1607613990136 0.39255157113075256 78
1607613990348 0.3912855386734009 79
1607613990558 0.3908217251300812 80
1607613990765 0.3901643753051758 81
1607613990977 0.38948535919189453 82
1607613991192 0.3896152377128601 83
1607613991416 0.38984403014183044 84
1607613991643 0.39009687304496765 85
1607613991865 0.3896406590938568 86
1607613992080 0.38962554931640625 87
1607613992340 0.38825851678848267 88
1607613992573 0.3872701823711395 89
1607613992810 0.3862304091453552 90
1607613993057 0.38500362634658813 91
1607613993302 0.38503390550613403 92
1607613993528 0.38465893268585205 93
1607613993781 0.3848654627799988 94
1607613994042 0.3856046199798584 95
1607613994295 0.3852863609790802 96
1607613994546 0.38500428199768066 97
1607613994789 0.38484880328178406 98
1607613995017 0.38541358709335327 99
1607613995233 0.38402673602104187 100
1607613995446 0.3842293322086334 101
1607613995655 0.3825130760669708 102
1607613995869 0.38192179799079895 103
1607613996084 0.3815310001373291 104
1607613996298 0.3816416561603546 105
1607613996511 0.3828664720058441 106
1607613996722 0.3833407163619995 107
1607613996936 0.38288307189941406 108
1607613997147 0.381661593914032 109
1607613997358 0.38056379556655884 110
1607613997568 0.3795631229877472 111
1607613997783 0.37893232703208923 112
1607613998004 0.3789356052875519 113
1607613998238 0.37836718559265137 114
1607613998451 0.37902528047561646 115
1607613998667 0.37903741002082825 116
1607613998887 0.37947338819503784 117
1607613999101 0.3798745274543762 118
1607613999312 0.38017556071281433 119
1607613999526 0.3791572153568268 120
1607613999757 0.3787875473499298 121
1607613999983 0.37778040766716003 122
1607614000196 0.377797931432724 123
1607614000412 0.37717026472091675 124
1607614000632 0.37706759572029114 125
1607614000844 0.37708455324172974 126
1607614001065 0.37707337737083435 127
1607614001279 0.3767459988594055 128
1607614001491 0.37681150436401367 129
1607614001710 0.3768620789051056 130
1607614002055 0.37644511461257935 131
1607614002265 0.3757321834564209 132
1607614002474 0.3751183748245239 133
1607614002688 0.3748663365840912 134
1607614002901 0.3744197487831116 135
1607614003120 0.37406638264656067 136
1607614003338 0.37411487102508545 137
1607614003550 0.3738214671611786 138
1607614003770 0.3740312159061432 139
1607614003986 0.37409836053848267 140
1607614004208 0.37405726313591003 141
1607614004421 0.3747507333755493 142
1607614004635 0.37477120757102966 143
1607614004845 0.37492385506629944 144
1607614005054 0.37525925040245056 145
1607614005264 0.3756295442581177 146
1607614005478 0.3758918046951294 147
1607614005694 0.3753049671649933 148
1607614005916 0.3758699893951416 149
1607614006128 0.3758896291255951 150
1607614006341 0.3751155138015747 151
1607614006554 0.3749377429485321 152
1607614006765 0.3746078610420227 153
1607614006978 0.3741336762905121 154
1607614007201 0.3735506534576416 155
1607614007417 0.3725007474422455 156
1607614007630 0.372996062040329 157
1607614007842 0.3723030090332031 158
1607614008054 0.3727933466434479 159
1607614008265 0.3731142282485962 160
1607614008478 0.37377387285232544 161
1607614008690 0.3739798367023468 162
1607614008921 0.3735407590866089 163
1607614009144 0.3731634318828583 164
1607614009357 0.3723665773868561 165
1607614009566 0.37181106209754944 166
1607614009781 0.3714463412761688 167
1607614009991 0.3711089491844177 168
1607614010204 0.37100139260292053 169
1607614010412 0.3710540235042572 170
1607614010633 0.37086713314056396 171
1607614010841 0.37100228667259216 172
1607614011049 0.37066972255706787 173
1607614011271 0.3706177771091461 174
1607614011494 0.36991605162620544 175
1607614011706 0.37008437514305115 176
1607614011916 0.3699384331703186 177
1607614012144 0.3702034652233124 178
1607614012360 0.3705633878707886 179
1607614012575 0.37097588181495667 180
1607614012787 0.3713529706001282 181
1607614013027 0.371458500623703 182
1607614013251 0.3712913990020752 183
1607614013467 0.3703535497188568 184
1607614013682 0.369447261095047 185
1607614013896 0.36894986033439636 186
1607614014111 0.3688856065273285 187
1607614014321 0.36804673075675964 188
1607614014533 0.36824315786361694 189
1607614014758 0.36780884861946106 190
1607614014977 0.3679536283016205 191
1607614015188 0.3682625889778137 192
1607614015400 0.36850810050964355 193
1607614015627 0.3692449927330017 194
1607614015885 0.3698674142360687 195
1607614016130 0.36970868706703186 196
1607614016371 0.3704834580421448 197
1607614016624 0.3700704276561737 198
1607614016856 0.370687335729599 199
1607614017085 0.37021785974502563 200
1607614017306 0.36981168389320374 201
1607614017538 0.36935344338417053 202
1607614017757 0.36898675560951233 203
1607614017974 0.36819884181022644 204
1607614018184 0.36840224266052246 205
1607614018406 0.3674813508987427 206
1607614018624 0.36844873428344727 207
1607614018840 0.3685084283351898 208
1607614019062 0.36933812499046326 209
1607614019280 0.36881667375564575 210
1607614019488 0.36891913414001465 211
1607614019698 0.3681827485561371 212
1607614019928 0.36795759201049805 213
1607614020140 0.36711061000823975 214
1607614020358 0.36632096767425537 215
1607614020581 0.3663701117038727 216
1607614020795 0.36582523584365845 217
1607614021007 0.3662700355052948 218
1607614021221 0.3663407266139984 219
1607614021433 0.36637622117996216 220
1607614021648 0.36664000153541565 221
1607614021858 0.3668991029262543 222
1607614022069 0.3670961558818817 223
1607614022282 0.3669663071632385 224
1607614022502 0.3670060336589813 225
1607614022715 0.36697202920913696 226
1607614022933 0.3672691285610199 227
1607614023152 0.3668920397758484 228
1607614023367 0.36736220121383667 229
1607614023583 0.3669893741607666 230
1607614023796 0.36746951937675476 231
1607614024008 0.3668704032897949 232
1607614024220 0.3665706217288971 233
1607614024438 0.3661358952522278 234
1607614024650 0.3656645715236664 235
1607614024862 0.3659035861492157 236
1607614025073 0.3660335838794708 237
1607614025278 0.3662570118904114 238
1607614025482 0.3660356104373932 239
1607614025685 0.36660531163215637 240
1607614025892 0.3665387034416199 241
1607614026096 0.3659891188144684 242
1607614026309 0.36526867747306824 243
1607614026544 0.3647921085357666 244
1607614026768 0.3649942874908447 245
1607614026971 0.36415350437164307 246
1607614027171 0.3643859028816223 247
1607614027376 0.36447253823280334 248
1607614027576 0.36519312858581543 249
1607614027776 0.36524564027786255 250
1607614027982 0.36612385511398315 251
1607614028192 0.3660845160484314 252
1607614028407 0.3671590983867645 253
1607614028645 0.36672690510749817 254
1607614028866 0.36690807342529297 255
1607614029077 0.3663860261440277 256
1607614029289 0.36588945984840393 257
1607614029500 0.36504122614860535 258
1607614029740 0.3646170496940613 259
1607614029958 0.36427029967308044 260
1607614030179 0.3649177849292755 261
1607614030392 0.36510953307151794 262
1607614030626 0.3652202785015106 263
1607614030860 0.3657645583152771 264
1607614031092 0.3655276298522949 265
1607614031311 0.3652738630771637 266
1607614031541 0.3648182153701782 267
1607614031781 0.36464568972587585 268
1607614031999 0.3637210726737976 269
1607614032225 0.3642660677433014 270
1607614032464 0.36364394426345825 271
1607614032690 0.3640565872192383 272
1607614032914 0.3630317151546478 273
1607614033137 0.3631521165370941 274
1607614033362 0.3624478876590729 275
1607614033584 0.36256730556488037 276
1607614033808 0.3621060848236084 277
1607614034035 0.36248835921287537 278
1607614034259 0.3626876175403595 279
1607614034490 0.363408625125885 280
1607614034725 0.36420753598213196 281
1607614034974 0.36494123935699463 282
1607614035191 0.36540281772613525 283
1607614035436 0.3655807375907898 284
1607614035657 0.36594319343566895 285
1607614035875 0.36521902680397034 286
1607614036084 0.36524492502212524 287
1607614036314 0.364498108625412 288
1607614036536 0.3647582530975342 289
1607614036752 0.36389997601509094 290
1607614036962 0.36381223797798157 291
1607614037181 0.3629648685455322 292
1607614037393 0.3628244996070862 293
1607614037606 0.36228320002555847 294
1607614037819 0.362705796957016 295
1607614038034 0.36232438683509827 296
1607614038254 0.3624870181083679 297
1607614038465 0.36255353689193726 298
1607614038682 0.36300721764564514 299
1607614038898 0.36318063735961914 300
1607614039109 0.3628285825252533 301
1607614039320 0.3624688386917114 302
1607614039528 0.362451434135437 303
1607614039744 0.3625820279121399 304
1607614039957 0.36207687854766846 305
1607614040176 0.3621210753917694 306
1607614040391 0.36198970675468445 307
1607614040601 0.3623628616333008 308
1607614040810 0.36231204867362976 309
1607614041020 0.36220046877861023 310
1607614041229 0.3621569573879242 311
1607614041454 0.36223968863487244 312
1607614041672 0.3620340824127197 313
1607614041883 0.36208662390708923 314
1607614042105 0.3614056706428528 315
1607614042313 0.3617245554924011 316
1607614042519 0.3615347445011139 317
1607614042724 0.3619248867034912 318
1607614042930 0.3617861568927765 319
1607614043135 0.36297842860221863 320
1607614043340 0.36266544461250305 321
1607614043546 0.3631497919559479 322
1607614043749 0.36277881264686584 323
1607614043962 0.3625832200050354 324
1607614044182 0.36231371760368347 325
1607614044402 0.3615493178367615 326
1607614044620 0.3612123727798462 327
1607614044840 0.3607134222984314 328
1607614045074 0.36101043224334717 329
1607614045292 0.3613353371620178 330
1607614045505 0.36181795597076416 331
1607614045713 0.36241528391838074 332
1607614045948 0.3625725507736206 333
1607614046171 0.3632979989051819 334
1607614046382 0.3633161187171936 335
1607614046590 0.3633726239204407 336
1607614046796 0.36325696110725403 337
1607614047004 0.36327552795410156 338
1607614047227 0.3628699779510498 339
1607614047435 0.36358851194381714 340
1607614047636 0.36254945397377014 341
1607614047846 0.3627761900424957 342
1607614048071 0.36160901188850403 343
1607614048296 0.36113810539245605 344
1607614048514 0.3602636456489563 345
1607614048718 0.35998043417930603 346
1607614048923 0.36013442277908325 347
1607614049150 0.3601222634315491 348
1607614049377 0.36071211099624634 349
1607614049592 0.3611215651035309 350
1607614049805 0.36215877532958984 351
1607614050059 0.3629561960697174 352
1607614050274 0.36394989490509033 353
1607614050484 0.3635869324207306 354
1607614050696 0.36405226588249207 355
1607614050912 0.3623961806297302 356
1607614051131 0.3625323474407196 357
1607614051371 0.3613840639591217 358
1607614051599 0.3613370358943939 359
1607614051833 0.36043617129325867 360
1607614052087 0.36008211970329285 361
1607614052316 0.35964661836624146 362
1607614052538 0.35974201560020447 363
1607614052794 0.35967761278152466 364
1607614053022 0.3599211871623993 365
1607614053276 0.3599534034729004 366
1607614053491 0.3601479232311249 367
1607614053709 0.36040037870407104 368
1607614053932 0.3606952130794525 369
1607614054146 0.360700398683548 370
1607614054366 0.3605736196041107 371
1607614054576 0.3604658246040344 372
1607614054781 0.3604048788547516 373
1607614054994 0.3604026734828949 374
1607614055231 0.36005088686943054 375
1607614055472 0.35985004901885986 376
1607614055701 0.3591383099555969 377
1607614055924 0.3591405153274536 378
1607614056136 0.3585270643234253 379
1607614056369 0.3584079444408417 380
1607614056592 0.35797449946403503 381
1607614056814 0.3582518696784973 382
1607614057037 0.3584049344062805 383
1607614057250 0.359001100063324 384
1607614057472 0.35984882712364197 385
1607614057691 0.3609805405139923 386
1607614057902 0.36207959055900574 387
1607614058126 0.3627300560474396 388
1607614058340 0.36253753304481506 389
1607614058585 0.36167916655540466 390
1607614058807 0.3613017797470093 391
1607614059021 0.3601418137550354 392
1607614059240 0.36012038588523865 393
1607614059452 0.35960137844085693 394
1607614059659 0.3596324026584625 395
1607614059878 0.3599069118499756 396
1607614060101 0.36026105284690857 397
1607614060332 0.36031872034072876 398
1607614060544 0.36057063937187195 399
1607614060764 0.3605823814868927 400
1607614060987 0.3607226312160492 401
1607614061214 0.3611287772655487 402
1607614061427 0.3606603145599365 403
1607614061640 0.36059826612472534 404
1607614061859 0.3599061071872711 405
1607614062077 0.3594614267349243 406
1607614062289 0.3587455749511719 407
1607614062499 0.35859254002571106 408
1607614062713 0.35812851786613464 409
1607614062929 0.3584413528442383 410
1607614063145 0.3587320148944855 411
1607614063357 0.35909557342529297 412
1607614063562 0.35974663496017456 413
1607614063779 0.35977259278297424 414
1607614063996 0.3604027330875397 415
1607614064208 0.3600759208202362 416
1607614064426 0.3598690629005432 417
1607614064646 0.3594803810119629 418
1607614064861 0.3592856824398041 419
1607614065081 0.3594675064086914 420
1607614065291 0.3592812120914459 421
1607614065499 0.35997089743614197 422
1607614065715 0.3600442707538605 423
1607614065939 0.36030030250549316 424
1607614066172 0.36032727360725403 425
1607614066386 0.3603556156158447 426
1607614066601 0.35961806774139404 427
1607614066819 0.35946473479270935 428
1607614067057 0.3584766387939453 429
1607614067286 0.35847535729408264 430
1607614067498 0.35814744234085083 431
1607614067724 0.35806962847709656 432
1607614067956 0.35826441645622253 433
1607614068182 0.3581971228122711 434
1607614068400 0.3586489260196686 435
1607614068614 0.3589698076248169 436
1607614068853 0.3593534231185913 437
1607614069106 0.3596375584602356 438
1607614069332 0.35945579409599304 439
1607614069580 0.35878244042396545 440
1607614069829 0.3586454391479492 441
1607614070070 0.35805511474609375 442
1607614070336 0.3574288487434387 443
1607614070563 0.3565438389778137 444
1607614070789 0.3567306399345398 445
1607614071014 0.3562648594379425 446
1607614071230 0.3567979633808136 447
1607614071445 0.3569599390029907 448
1607614071655 0.3580508530139923 449
1607614071871 0.3589021563529968 450
1607614072086 0.36026856303215027 451
1607614072297 0.36150744557380676 452
1607614072507 0.3621158003807068 453
1607614072720 0.3624204993247986 454
1607614072937 0.3611234426498413 455
1607614073151 0.3603530824184418 456
1607614073367 0.3585517704486847 457
1607614073588 0.3578971028327942 458
1607614073806 0.35721665620803833 459
1607614074017 0.3569525182247162 460
1607614074227 0.35666564106941223 461
1607614074436 0.3567202687263489 462
1607614074650 0.35686635971069336 463
1607614074865 0.35717010498046875 464
1607614075077 0.35729366540908813 465
1607614075292 0.35756635665893555 466
1607614075519 0.3577229678630829 467
1607614075750 0.3583754897117615 468
1607614075987 0.3585001528263092 469
1607614076218 0.35924312472343445 470
1607614076442 0.3584665358066559 471
1607614076663 0.35928332805633545 472
1607614076887 0.3579428195953369 473
1607614077105 0.3580951988697052 474
1607614077329 0.3572094738483429 475
1607614077556 0.3569447696208954 476
1607614077792 0.35729220509529114 477
1607614078018 0.35709503293037415 478
1607614078242 0.35779115557670593 479
1607614078483 0.3578526973724365 480
1607614078713 0.35837405920028687 481
1607614078945 0.3584974408149719 482
1607614079195 0.35887908935546875 483
1607614079433 0.35902875661849976 484
1607614079667 0.3592996597290039 485
1607614079895 0.35900190472602844 486
1607614080112 0.35888779163360596 487
1607614080333 0.35868653655052185 488
1607614080550 0.35776787996292114 489
1607614080762 0.3579398989677429 490
1607614080979 0.3572969436645508 491
1607614081193 0.35732540488243103 492
1607614081404 0.3568108379840851 493
1607614081622 0.3567468822002411 494
1607614081852 0.3571130037307739 495
1607614082063 0.3566136360168457 496
1607614082277 0.35670849680900574 497
1607614082496 0.35694074630737305 498
1607614082711 0.3570516109466553 499
1607614082923 0.3574613630771637 500
1607614083136 0.35679545998573303 501
1607614083360 0.35730329155921936 502
1607614083588 0.3571207821369171 503
1607614083805 0.35791221261024475 504
1607614084018 0.3576568067073822 505
1607614084234 0.35809627175331116 506
1607614084454 0.3582748472690582 507
1607614084692 0.3584704101085663 508
1607614084912 0.35871538519859314 509
1607614085128 0.3579518795013428 510
1607614085353 0.35785019397735596 511
1607614085570 0.3572063744068146 512
1607614085815 0.35718658566474915 513
1607614086058 0.3567523658275604 514
1607614086294 0.3564353287220001 515
1607614086518 0.3561175763607025 516
1607614086769 0.35626786947250366 517
1607614087005 0.35612040758132935 518
1607614087262 0.3562351167201996 519
1607614087524 0.3564142882823944 520
1607614087782 0.35658031702041626 521
1607614088047 0.3569958508014679 522
1607614088301 0.35715043544769287 523
1607614088542 0.35786041617393494 524
1607614088785 0.3582043945789337 525
1607614089010 0.3586495518684387 526
1607614089228 0.3582526445388794 527
1607614089444 0.35771456360816956 528
1607614089653 0.3572443425655365 529
1607614089874 0.3562101423740387 530
1607614090107 0.35569530725479126 531
1607614090330 0.3553449809551239 532
1607614090550 0.35527461767196655 533
1607614090772 0.3552108108997345 534
1607614091003 0.35596948862075806 535
1607614091225 0.3560316562652588 536
1607614091442 0.3572768270969391 537
1607614091657 0.3579244613647461 538
1607614091868 0.35812902450561523 539
1607614092090 0.35872772336006165 540
1607614092332 0.3583901524543762 541
1607614092569 0.3588411808013916 542
1607614092808 0.3576631546020508 543
1607614093045 0.3572598397731781 544
1607614093265 0.35615697503089905 545
1607614093495 0.35607609152793884 546
1607614093714 0.3557420074939728 547
1607614093938 0.3559066653251648 548
1607614094186 0.3558925986289978 549
1607614094406 0.356171190738678 550
1607614094642 0.35613152384757996 551
1607614094873 0.3564710021018982 552
1607614095107 0.3561045527458191 553
1607614095350 0.35618627071380615 554
1607614095572 0.35594800114631653 555
1607614095795 0.3563010096549988 556
1607614096022 0.3563345670700073 557
1607614096243 0.35695555806159973 558
1607614096458 0.35752859711647034 559
1607614096686 0.35737642645835876 560
1607614096928 0.35776594281196594 561
1607614097173 0.35709136724472046 562
1607614097403 0.3570950925350189 563
1607614097620 0.35657864809036255 564
1607614097834 0.3561960756778717 565
1607614098046 0.35585182905197144 566
1607614098264 0.3558134436607361 567
1607614098640 0.3555726110935211 568
1607614098843 0.3559093177318573 569
1607614099049 0.3556939959526062 570
1607614099265 0.35593271255493164 571
1607614099475 0.3561941087245941 572
1607614099689 0.35636115074157715 573
1607614099895 0.3565267026424408 574
1607614100112 0.3562778830528259 575
1607614100319 0.3565150797367096 576
1607614100526 0.35675033926963806 577
1607614100729 0.3565000295639038 578
1607614100932 0.3562682569026947 579
1607614101148 0.3555528223514557 580
1607614101356 0.3557622730731964 581
1607614101575 0.3551021218299866 582
1607614101781 0.3555064797401428 583
1607614101989 0.3551693856716156 584
1607614102195 0.35597535967826843 585
1607614102399 0.35585474967956543 586
1607614102603 0.3567146360874176 587
1607614102813 0.35681354999542236 588
1607614103015 0.3570948541164398 589
1607614103219 0.356923907995224 590
1607614103433 0.35661083459854126 591
1607614103648 0.35649460554122925 592
1607614103851 0.3559228479862213 593
1607614104053 0.3558349013328552 594
1607614104286 0.3551047742366791 595
1607614104499 0.3548935651779175 596
1607614104703 0.3546796143054962 597
1607614104914 0.35466694831848145 598
1607614105119 0.3546706736087799 599
1607614105351 0.3546406328678131 600
1607614105577 0.35482850670814514 601
1607614105807 0.3549095690250397 602
1607614106023 0.35545629262924194 603
1607614106257 0.3553822934627533 604
1607614106487 0.3559906780719757 605
1607614106733 0.3556554615497589 606
1607614106965 0.35633206367492676 607
1607614107209 0.3556857705116272 608
1607614107449 0.3559054136276245 609
1607614107698 0.355547159910202 610
1607614107922 0.355336993932724 611
1607614108160 0.3553590774536133 612
1607614108376 0.3546926975250244 613
1607614108620 0.3549289405345917 614
1607614108838 0.354814350605011 615
1607614109044 0.3549342155456543 616
1607614109251 0.3553350269794464 617
1607614109454 0.3552311360836029 618
1607614109675 0.3557949662208557 619
1607614109894 0.35585373640060425 620
1607614110117 0.3560405671596527 621
1607614110324 0.35569626092910767 622
1607614110542 0.3552464246749878 623
1607614110748 0.35525864362716675 624
1607614110951 0.3548291027545929 625
1607614111160 0.3545103669166565 626
1607614111391 0.35414838790893555 627
1607614111597 0.3542662560939789 628
1607614111803 0.35397717356681824 629
1607614112010 0.3544071316719055 630
1607614112211 0.35439160466194153 631
1607614112427 0.35499563813209534 632
1607614112637 0.3554096519947052 633
1607614112842 0.3559344708919525 634
1607614113052 0.35625946521759033 635
1607614113255 0.35681092739105225 636
1607614113463 0.35663700103759766 637
1607614113665 0.35623034834861755 638
1607614113868 0.35534000396728516 639
1607614114071 0.35519301891326904 640
1607614114274 0.354570209980011 641
1607614114477 0.3547554016113281 642
1607614114681 0.3545375168323517 643
1607614114891 0.35447707772254944 644
1607614115095 0.35469695925712585 645
1607614115301 0.3547115623950958 646
1607614115505 0.3551046550273895 647
1607614115713 0.35480156540870667 648
1607614115928 0.3549850881099701 649
1607614116140 0.3545647859573364 650
1607614116355 0.3546745479106903 651
1607614116573 0.3544236421585083 652
1607614116804 0.3545706868171692 653
1607614117034 0.3545418083667755 654
1607614117244 0.3547123074531555 655
1607614117455 0.35499605536460876 656
1607614117662 0.3557542562484741 657
1607614117881 0.356027752161026 658
1607614118082 0.3559785485267639 659
1607614118286 0.35614120960235596 660
1607614118491 0.35586804151535034 661
1607614118706 0.35597777366638184 662
1607614118912 0.35567137598991394 663
1607614119116 0.3555271625518799 664
1607614119320 0.35485902428627014 665
1607614119527 0.3551118075847626 666
1607614119745 0.3546918034553528 667
1607614119952 0.35490521788597107 668
1607614120152 0.35471034049987793 669
1607614120356 0.3546973466873169 670
1607614120565 0.35495516657829285 671
1607614120771 0.3551836609840393 672
1607614120985 0.35524606704711914 673
1607614121201 0.35527849197387695 674
1607614121415 0.3552135229110718 675
1607614121634 0.35523104667663574 676
1607614121864 0.35493025183677673 677
1607614122088 0.35461723804473877 678
1607614122303 0.35480114817619324 679
1607614122511 0.35497602820396423 680
1607614122734 0.35467827320098877 681
1607614122984 0.35492733120918274 682
1607614123200 0.3546731770038605 683
1607614123410 0.35507503151893616 684
1607614123628 0.3547144830226898 685
1607614123864 0.35533782839775085 686
1607614124127 0.3554840087890625 687
1607614124359 0.3553083837032318 688
1607614124612 0.3550795614719391 689
1607614124850 0.35433873534202576 690
1607614125076 0.3544239103794098 691
1607614125293 0.35370102524757385 692
1607614125509 0.35343196988105774 693
1607614125739 0.353300005197525 694
1607614125971 0.35350528359413147 695
1607614126186 0.3538815975189209 696
1607614126387 0.3544030785560608 697
1607614126597 0.3557586073875427 698
1607614126812 0.35629650950431824 699
1607614127037 0.35694420337677 700
1607614127257 0.35627442598342896 701
1607614127471 0.3560052812099457 702
1607614127677 0.3549664318561554 703
1607614127895 0.3541746139526367 704
1607614128111 0.3533666133880615 705
1607614128325 0.3526184558868408 706
1607614128543 0.35207557678222656 707
1607614128753 0.3519892394542694 708
1607614128966 0.35181722044944763 709
1607614129170 0.3519246280193329 710
1607614129374 0.3522809147834778 711
1607614129581 0.3527960777282715 712
1607614129785 0.3535194993019104 713
1607614130001 0.3544473350048065 714
1607614130210 0.3545253872871399 715
1607614130426 0.35545408725738525 716
1607614130632 0.35504502058029175 717
1607614130847 0.3550475239753723 718
1607614131066 0.3543764352798462 719
1607614131291 0.35370561480522156 720
1607614131505 0.3531893491744995 721
1607614131718 0.3526904284954071 722
1607614131948 0.35245344042778015 723
1607614132180 0.3525102734565735 724
1607614132411 0.35276681184768677 725
1607614132636 0.35319608449935913 726
1607614132854 0.35393813252449036 727
1607614133074 0.3543941378593445 728
1607614133297 0.35555028915405273 729
1607614133509 0.35587695240974426 730
1607614133733 0.35649973154067993 731
1607614133960 0.3564462959766388 732
1607614134190 0.3554995357990265 733
1607614134419 0.35454076528549194 734
1607614134675 0.35360386967658997 735
1607614134916 0.3533423840999603 736
1607614135147 0.3529999852180481 737
1607614135368 0.3530838191509247 738
1607614135617 0.3533138930797577 739
1607614135860 0.35343390703201294 740
1607614136097 0.35392820835113525 741
1607614136326 0.3542267084121704 742
1607614136559 0.3551182746887207 743
1607614136780 0.35489317774772644 744
1607614136994 0.35531482100486755 745
1607614137212 0.3549569249153137 746
1607614137417 0.35490724444389343 747
1607614137621 0.35439884662628174 748
1607614137828 0.3535570502281189 749
1607614138032 0.35324475169181824 750
1607614138236 0.3526901602745056 751
1607614138448 0.35270705819129944 752
1607614138660 0.35263189673423767 753
1607614138891 0.3524668514728546 754
1607614139103 0.3532460629940033 755
1607614139325 0.35330766439437866 756
1607614139538 0.3539591133594513 757
1607614139741 0.3540581464767456 758
1607614139948 0.35419490933418274 759
1607614140179 0.3543309271335602 760
1607614140403 0.3537762761116028 761
1607614140614 0.35332152247428894 762
1607614140833 0.35262221097946167 763
1607614141057 0.3523174524307251 764
1607614141271 0.3520101010799408 765
1607614141493 0.35199856758117676 766
1607614141738 0.35230836272239685 767
1607614141980 0.3529873490333557 768
1607614142214 0.3537087142467499 769
1607614142446 0.3551943600177765 770
1607614142676 0.3551194667816162 771
1607614142911 0.3560611605644226 772
1607614143153 0.35547301173210144 773
1607614143389 0.3556467592716217 774
1607614143636 0.3545456528663635 775
1607614143882 0.3539499044418335 776
1607614144104 0.35381975769996643 777
1607614144311 0.35330259799957275 778
1607614144526 0.35341835021972656 779
1607614144734 0.35320788621902466 780
1607614144951 0.35355818271636963 781
1607614145174 0.35411012172698975 782
1607614145403 0.3540932834148407 783
1607614145633 0.3549400866031647 784
1607614145862 0.35467344522476196 785
1607614146073 0.3547975420951843 786
1607614146279 0.3542846143245697 787
1607614146511 0.3537442684173584 788
1607614146740 0.35290035605430603 789
1607614146990 0.3523874580860138 790
1607614147215 0.3520717918872833 791
1607614147442 0.351652592420578 792
1607614147660 0.35164082050323486 793
1607614147896 0.3515576720237732 794
1607614148114 0.351677268743515 795
1607614148334 0.35230425000190735 796
1607614148558 0.3524516820907593 797
1607614148783 0.35310089588165283 798
1607614149018 0.35356512665748596 799
1607614149257 0.35380834341049194 800
1607614149487 0.3549729287624359 801
1607614149719 0.3552761673927307 802
1607614149946 0.3549083471298218 803
1607614150168 0.35410210490226746 804
1607614150393 0.35364294052124023 805
1607614150634 0.35295239090919495 806
1607614150868 0.3526727855205536 807
1607614151092 0.3520911931991577 808
1607614151332 0.3517885208129883 809
1607614151558 0.3520783483982086 810
1607614151780 0.3517046570777893 811
1607614152004 0.35238465666770935 812
1607614152230 0.35241833329200745 813
1607614152458 0.3527430295944214 814
1607614152701 0.35310009121894836 815
1607614152932 0.3536756932735443 816
1607614153157 0.35378697514533997 817
1607614153383 0.35455697774887085 818
1607614153598 0.3541424572467804 819
1607614153826 0.35428667068481445 820
1607614154049 0.3534536063671112 821
1607614154261 0.3537554442882538 822
1607614154484 0.3525090515613556 823
1607614154721 0.3523349165916443 824
1607614154935 0.3513557016849518 825
1607614155151 0.3514346182346344 826
1607614155362 0.3513711094856262 827
1607614155569 0.3512967526912689 828
1607614155776 0.3516460359096527 829
1607614155987 0.3525947332382202 830
1607614156192 0.35312575101852417 831
1607614156405 0.35392439365386963 832
1607614156625 0.35391637682914734 833
1607614156857 0.3540381193161011 834
1607614157069 0.35389527678489685 835
1607614157285 0.3535424768924713 836
1607614157513 0.3531205952167511 837
1607614157728 0.35273706912994385 838
1607614157932 0.35256046056747437 839
1607614158140 0.35215017199516296 840
1607614158370 0.3523963391780853 841
1607614158593 0.35247471928596497 842
1607614158810 0.3529456853866577 843
1607614159035 0.3529922366142273 844
1607614159253 0.35355910658836365 845
1607614159477 0.3540978729724884 846
1607614159715 0.3540022075176239 847
1607614159943 0.3545588552951813 848
1607614160179 0.35379987955093384 849
1607614160425 0.35400667786598206 850
1607614160679 0.35321784019470215 851
1607614160899 0.3527352213859558 852
1607614161127 0.3522096276283264 853
1607614161369 0.351742148399353 854
1607614161599 0.35153210163116455 855
1607614161810 0.35109391808509827 856
1607614162027 0.3510362505912781 857
1607614162242 0.3512701094150543 858
1607614162448 0.35126760601997375 859
1607614162659 0.35174816846847534 860
1607614162868 0.352204829454422 861
1607614163080 0.3529723286628723 862
1607614163284 0.35361209511756897 863
1607614163487 0.35368743538856506 864
1607614163690 0.3541727364063263 865
1607614163893 0.3541216254234314 866
1607614164093 0.35375869274139404 867
1607614164295 0.35350021719932556 868
1607614164501 0.3527659773826599 869
1607614164710 0.35289448499679565 870
1607614164935 0.352526992559433 871
1607614165146 0.3520607650279999 872
1607614165355 0.35221046209335327 873
1607614165563 0.3517644703388214 874
1607614165765 0.3522505462169647 875
1607614165971 0.35192155838012695 876
1607614166178 0.35203883051872253 877
1607614166414 0.3520497977733612 878
1607614166631 0.35183992981910706 879
1607614166842 0.35183483362197876 880
1607614167058 0.35177767276763916 881
1607614167266 0.35176149010658264 882
1607614167495 0.35171037912368774 883
1607614167722 0.35183122754096985 884
1607614167950 0.35189521312713623 885
1607614168182 0.3520424962043762 886
1607614168434 0.35215646028518677 887
1607614168678 0.3524373173713684 888
1607614168905 0.3526613712310791 889
1607614169142 0.3528408110141754 890
1607614169364 0.3526494801044464 891
1607614169571 0.3526378571987152 892
1607614169809 0.3525388240814209 893
1607614170051 0.3524726331233978 894
1607614170280 0.35251137614250183 895
1607614170529 0.35278838872909546 896
1607614170770 0.35296744108200073 897
1607614171018 0.35309192538261414 898
1607614171242 0.35340800881385803 899
1607614171465 0.3534366488456726 900
1607614171700 0.35318824648857117 901
1607614171935 0.3531818687915802 902
1607614172163 0.3527134358882904 903
1607614172384 0.3526064157485962 904
1607614172627 0.352055162191391 905
1607614172845 0.3522357940673828 906
1607614173071 0.35177499055862427 907
1607614173292 0.35224777460098267 908
1607614173529 0.3521307706832886 909
1607614173775 0.35252124071121216 910
1607614173995 0.35289210081100464 911
1607614174214 0.3529473543167114 912
1607614174424 0.3529907464981079 913
1607614174636 0.3526999354362488 914
1607614174845 0.3522050082683563 915
1607614175058 0.3520940840244293 916
1607614175268 0.35165390372276306 917
1607614175497 0.35162919759750366 918
1607614175708 0.35143807530403137 919
1607614175921 0.35205090045928955 920
1607614176131 0.3521040380001068 921
1607614176364 0.3530242443084717 922
1607614176588 0.35294339060783386 923
1607614176802 0.35328295826911926 924
1607614177011 0.3530251085758209 925
1607614177229 0.35311800241470337 926
1607614177457 0.35274484753608704 927
1607614177695 0.3526802659034729 928
1607614177910 0.35247835516929626 929
1607614178129 0.3524441123008728 930
1607614178360 0.35215988755226135 931
1607614178587 0.3516002893447876 932
1607614178813 0.35173144936561584 933
1607614179067 0.35137689113616943 934
1607614179291 0.35149499773979187 935
1607614179512 0.3511199355125427 936
1607614179731 0.3511960506439209 937
1607614179937 0.35127055644989014 938
1607614180149 0.35085785388946533 939
1607614180354 0.3508746922016144 940
1607614180576 0.3507530093193054 941
1607614180791 0.35106050968170166 942
1607614181023 0.35125628113746643 943
1607614181237 0.35127076506614685 944
1607614181444 0.3518036901950836 945
1607614181646 0.35142847895622253 946
1607614181850 0.35224205255508423 947
1607614182066 0.3517731726169586 948
1607614182266 0.35213300585746765 949
1607614182475 0.3521030843257904 950
1607614182676 0.3526165187358856 951
1607614182881 0.3523673415184021 952
1607614183085 0.3523276448249817 953
1607614183287 0.35202303528785706 954
1607614183492 0.352129191160202 955
1607614183694 0.3517329692840576 956
1607614183896 0.3520660698413849 957
1607614184101 0.35188084840774536 958
1607614184307 0.35206249356269836 959
1607614184527 0.35238173604011536 960
1607614184772 0.3524717092514038 961
1607614185018 0.35239747166633606 962
1607614185238 0.3521077036857605 963
1607614185486 0.352051705121994 964
1607614185712 0.3516709506511688 965
1607614185928 0.3514690399169922 966
1607614186130 0.35069775581359863 967
1607614186343 0.3509417474269867 968
1607614186562 0.35024869441986084 969
1607614186776 0.35027873516082764 970
1607614186981 0.34992533922195435 971
1607614187198 0.34996297955513 972
1607614187406 0.3502059578895569 973
1607614187614 0.34998011589050293 974
1607614187820 0.3507843613624573 975
1607614188025 0.35084351897239685 976
1607614188237 0.3512153625488281 977
1607614188441 0.3517557680606842 978
1607614188644 0.35153624415397644 979
1607614188849 0.3521599769592285 980
1607614189060 0.3519253432750702 981
1607614189271 0.35225486755371094 982
1607614189479 0.3523658812046051 983
1607614189679 0.35298028588294983 984
1607614189883 0.35337328910827637 985
1607614190101 0.35321927070617676 986
1607614190307 0.35328927636146545 987
1607614190513 0.3533584773540497 988
1607614190724 0.352975994348526 989
1607614190928 0.35263627767562866 990
1607614191133 0.3518521785736084 991
1607614191338 0.35195720195770264 992
1607614191542 0.351575642824173 993
1607614191751 0.3513970971107483 994
1607614191961 0.3510689437389374 995
1607614192170 0.3509044051170349 996
1607614192373 0.35084205865859985 997
1607614192584 0.35051289200782776 998
1607614192788 0.3505323529243469 999
