1607609971522 0.47393980622291565 0
1607609971655 0.46467986702919006 1
1607609971772 0.45690733194351196 2
1607609971900 0.4526650309562683 3
1607609972019 0.4461294710636139 4
1607609972142 0.44244474172592163 5
1607609972266 0.44030261039733887 6
1607609972396 0.43904703855514526 7
1607609972517 0.43844881653785706 8
1607609972639 0.4382537305355072 9
1607609972761 0.43731191754341125 10
1607609972879 0.43555718660354614 11
1607609973000 0.4347025454044342 12
1607609973119 0.43427640199661255 13
1607609973240 0.4333644509315491 14
1607609973360 0.43312889337539673 15
1607609973473 0.4321005642414093 16
1607609973588 0.4311608076095581 17
1607609973707 0.4313031733036041 18
1607609973820 0.4311881959438324 19
1607609973932 0.4300821125507355 20
1607609974048 0.42840439081192017 21
1607609974165 0.4265870153903961 22
1607609974284 0.42561107873916626 23
1607609974401 0.4254724979400635 24
1607609974522 0.4259245693683624 25
1607609974641 0.4257775545120239 26
1607609974758 0.4244866371154785 27
1607609974870 0.42310893535614014 28
1607609974986 0.42232656478881836 29
1607609975100 0.4219246506690979 30
1607609975219 0.4218062460422516 31
1607609975341 0.42074915766716003 32
1607609975463 0.41899242997169495 33
1607609975582 0.41680482029914856 34
1607609975699 0.4155089855194092 35
1607609975815 0.41471511125564575 36
1607609975929 0.4144940972328186 37
1607609976045 0.41466236114501953 38
1607609976169 0.4148496389389038 39
1607609976288 0.4138735234737396 40
1607609976414 0.4131123423576355 41
1607609976527 0.4113735556602478 42
1607609976643 0.41026657819747925 43
1607609976765 0.409580796957016 44
1607609976899 0.40965536236763 45
1607609977010 0.4098207950592041 46
1607609977127 0.4100865423679352 47
1607609977244 0.40875574946403503 48
1607609977363 0.4076228439807892 49
1607609977485 0.4064871370792389 50
1607609977600 0.4057062566280365 51
1607609977719 0.40480247139930725 52
1607609977837 0.40472593903541565 53
1607609977953 0.4046497344970703 54
1607609978070 0.40338975191116333 55
1607609978185 0.40212714672088623 56
1607609978300 0.40156587958335876 57
1607609978415 0.4012112617492676 58
1607609978535 0.4017750918865204 59
1607609978651 0.4015319049358368 60
1607609978768 0.4008854925632477 61
1607609978890 0.39976462721824646 62
1607609979006 0.3980977237224579 63
1607609979120 0.3975857198238373 64
1607609979241 0.39668214321136475 65
1607609979361 0.39628297090530396 66
1607609979475 0.39514511823654175 67
1607609979599 0.3946041166782379 68
1607609979716 0.3934973180294037 69
1607609979836 0.39329439401626587 70
1607609979976 0.3927229940891266 71
1607609980100 0.3919755816459656 72
1607609980222 0.39192721247673035 73
1607609980351 0.3919747471809387 74
1607609980478 0.3926335871219635 75
1607609980595 0.3930590748786926 76
1607609980718 0.3938327431678772 77
1607609980836 0.3933427333831787 78
1607609980954 0.3918899595737457 79
1607609981067 0.39063069224357605 80
1607609981186 0.38897261023521423 81
1607609981304 0.3879585266113281 82
1607609981425 0.38765770196914673 83
1607609981544 0.3871237635612488 84
1607609981664 0.3869728744029999 85
1607609981787 0.38693615794181824 86
1607609981904 0.3879496157169342 87
1607609982025 0.3880946636199951 88
1607609982144 0.3879562318325043 89
1607609982266 0.38642627000808716 90
1607609982396 0.3851584196090698 91
1607609982512 0.3839547634124756 92
1607609982637 0.38426530361175537 93
1607609982755 0.38433584570884705 94
1607609982880 0.38422635197639465 95
1607609983003 0.38502243161201477 96
1607609983131 0.3849703073501587 97
1607609983258 0.38403600454330444 98
1607609983387 0.3837061822414398 99
1607609983503 0.3823409080505371 100
1607609983624 0.38109755516052246 101
1607609983753 0.3805794417858124 102
1607609983871 0.38030093908309937 103
1607609984003 0.3809703588485718 104
1607609984130 0.3822757601737976 105
1607609984248 0.3829823136329651 106
1607609984375 0.38369742035865784 107
1607609984504 0.383352130651474 108
1607609984618 0.38196414709091187 109
1607609984733 0.3808072805404663 110
1607609984868 0.37973982095718384 111
1607609984995 0.3785841763019562 112
1607609985122 0.3779010772705078 113
1607609985241 0.3783179521560669 114
1607609985358 0.3777119219303131 115
1607609985491 0.3779108226299286 116
1607609985613 0.37830084562301636 117
1607609985728 0.3784986436367035 118
1607609985847 0.378309428691864 119
1607609985968 0.37753036618232727 120
1607609986102 0.3772953748703003 121
1607609986231 0.3763083815574646 122
1607609986350 0.37586086988449097 123
1607609986476 0.3759397566318512 124
1607609986597 0.3760429918766022 125
1607609986736 0.3768986165523529 126
1607609986864 0.3769707977771759 127
1607609986983 0.37734201550483704 128
1607609987102 0.377092570066452 129
1607609987224 0.37747228145599365 130
1607609987373 0.3767329156398773 131
1607609987500 0.3758576512336731 132
1607609987616 0.3744557201862335 133
1607609987736 0.37434637546539307 134
1607609987861 0.37371042370796204 135
1607609987996 0.37418046593666077 136
1607609988122 0.3750540614128113 137
1607609988242 0.37599366903305054 138
1607609988356 0.3775637447834015 139
1607609988476 0.3770372271537781 140
1607609988758 0.3764520585536957 141
1607609988889 0.3747703731060028 142
1607609989003 0.3743487596511841 143
1607609989130 0.37372586131095886 144
1607609989256 0.37318170070648193 145
1607609989403 0.37277042865753174 146
1607609989527 0.3725902736186981 147
1607609989645 0.37187039852142334 148
1607609989763 0.3723165690898895 149
1607609989883 0.37135180830955505 150
1607609990021 0.37125515937805176 151
1607609990174 0.3712570071220398 152
1607609990328 0.37191468477249146 153
1607609990454 0.37233293056488037 154
1607609990590 0.37309589982032776 155
1607609990731 0.3735150396823883 156
1607609990865 0.373783677816391 157
1607609991021 0.37338393926620483 158
1607609991173 0.37258562445640564 159
1607609991328 0.3720197081565857 160
1607609991454 0.37131768465042114 161
1607609991566 0.3707643449306488 162
1607609991688 0.3700474798679352 163
1607609991806 0.3701668977737427 164
1607609991926 0.3697250783443451 165
1607609992042 0.3700101971626282 166
1607609992163 0.37064987421035767 167
1607609992278 0.3712715804576874 168
1607609992391 0.3715484142303467 169
1607609992506 0.3711031973361969 170
1607609992623 0.3710600733757019 171
1607609992738 0.3708328306674957 172
1607609992856 0.37092649936676025 173
1607609992975 0.3703455626964569 174
1607609993092 0.3702996075153351 175
1607609993215 0.3698185384273529 176
1607609993331 0.36985868215560913 177
1607609993451 0.37080103158950806 178
1607609993572 0.37066563963890076 179
1607609993691 0.37109753489494324 180
1607609993806 0.37037888169288635 181
1607609993931 0.3704439699649811 182
1607609994052 0.370574951171875 183
1607609994168 0.37016698718070984 184
1607609994285 0.36989736557006836 185
1607609994409 0.3690760135650635 186
1607609994525 0.3688706159591675 187
1607609994645 0.3686065673828125 188
1607609994759 0.3681035041809082 189
1607609994874 0.3684743344783783 190
1607609995001 0.36863452196121216 191
1607609995132 0.3697577118873596 192
1607609995255 0.3704265058040619 193
1607609995378 0.3706579804420471 194
1607609995499 0.3707481324672699 195
1607609995617 0.37046483159065247 196
1607609995742 0.370165079832077 197
1607609995890 0.3697098195552826 198
1607609996015 0.3683818280696869 199
1607609996139 0.3681507110595703 200
1607609996256 0.367570161819458 201
1607609996378 0.36795806884765625 202
1607609996530 0.3676089942455292 203
1607609996655 0.367472380399704 204
1607609996773 0.36734864115715027 205
1607609996891 0.3670666813850403 206
1607609997010 0.36718788743019104 207
1607609997145 0.3665037751197815 208
1607609997275 0.36629095673561096 209
1607609997391 0.36597466468811035 210
1607609997515 0.3655662536621094 211
1607609997651 0.3654274046421051 212
1607609997787 0.3650600016117096 213
1607609997914 0.3654750883579254 214
1607609998041 0.365825891494751 215
1607609998161 0.3660953938961029 216
1607609998285 0.36699244379997253 217
1607609998428 0.3671306073665619 218
1607609998562 0.3677237331867218 219
1607609998682 0.3677401542663574 220
1607609998811 0.3676612675189972 221
1607609998950 0.3666871190071106 222
1607609999076 0.3663097023963928 223
1607609999199 0.3658255338668823 224
1607609999313 0.36552396416664124 225
1607609999429 0.36552488803863525 226
1607609999570 0.36506831645965576 227
1607609999697 0.3651312589645386 228
1607609999818 0.3649842441082001 229
1607609999938 0.36573147773742676 230
1607610000057 0.3664923310279846 231
1607610000196 0.36703386902809143 232
1607610000321 0.36699214577674866 233
1607610000445 0.36735913157463074 234
1607610000562 0.3673723638057709 235
1607610000687 0.3666868209838867 236
1607610000826 0.36586782336235046 237
1607610000958 0.3649757504463196 238
1607610001085 0.36457937955856323 239
1607610001204 0.36411038041114807 240
1607610001324 0.3641970753669739 241
1607610001458 0.3640636205673218 242
1607610001610 0.36405864357948303 243
1607610001764 0.3641478717327118 244
1607610001917 0.36443525552749634 245
1607610002079 0.364973247051239 246
1607610002232 0.3651905655860901 247
1607610002359 0.3659932613372803 248
1607610002512 0.36546432971954346 249
1607610002667 0.36566072702407837 250
1607610002794 0.3647922873497009 251
1607610002915 0.36489593982696533 252
1607610003033 0.36449670791625977 253
1607610003161 0.36420926451683044 254
1607610003290 0.36418789625167847 255
1607610003414 0.36481988430023193 256
1607610003532 0.36435946822166443 257
1607610003652 0.3650195002555847 258
1607610003768 0.36443084478378296 259
1607610003887 0.364743709564209 260
1607610004006 0.36463451385498047 261
1607610004124 0.3642981946468353 262
1607610004249 0.3645285367965698 263
1607610004372 0.36428481340408325 264
1607610004492 0.36403974890708923 265
1607610004614 0.3636051118373871 266
1607610004734 0.3635297417640686 267
1607610004852 0.3633095622062683 268
1607610004979 0.36364489793777466 269
1607610005097 0.36328569054603577 270
1607610005218 0.36361753940582275 271
1607610005351 0.36355337500572205 272
1607610005476 0.36369624733924866 273
1607610005597 0.36407744884490967 274
1607610005716 0.3629205822944641 275
1607610005838 0.3634438216686249 276
1607610005958 0.36263489723205566 277
1607610006079 0.36287349462509155 278
1607610006199 0.36294683814048767 279
1607610006325 0.36319151520729065 280
1607610006451 0.3635275065898895 281
1607610006576 0.3640346825122833 282
1607610006702 0.36386817693710327 283
1607610006846 0.3635193407535553 284
1607610006975 0.36409926414489746 285
1607610007092 0.3636067807674408 286
1607610007220 0.3631279468536377 287
1607610007338 0.36324819922447205 288
1607610007484 0.3627709150314331 289
1607610007614 0.3641153872013092 290
1607610007738 0.36311203241348267 291
1607610007863 0.3631132245063782 292
1607610007985 0.3625614047050476 293
1607610008122 0.36232492327690125 294
1607610008250 0.3618640601634979 295
1607610008367 0.3615818917751312 296
1607610008485 0.3611409366130829 297
1607610008628 0.361085444688797 298
1607610008759 0.36084187030792236 299
1607610008882 0.36079102754592896 300
1607610009003 0.3612138032913208 301
1607610009120 0.36152809858322144 302
1607610009261 0.3616252541542053 303
1607610009390 0.36213234066963196 304
1607610009514 0.3617683947086334 305
1607610009635 0.362619549036026 306
1607610009751 0.3621997535228729 307
1607610009900 0.3621007800102234 308
1607610010024 0.36207902431488037 309
1607610010141 0.362271249294281 310
1607610010263 0.3622429370880127 311
1607610010391 0.3618924617767334 312
1607610010543 0.36222460865974426 313
1607610010668 0.3615852892398834 314
1607610010782 0.3617258369922638 315
1607610010902 0.3617638051509857 316
1607610011028 0.3614804744720459 317
1607610011171 0.3613673746585846 318
1607610011295 0.36119702458381653 319
1607610011415 0.3615478575229645 320
1607610011528 0.36220434308052063 321
1607610011646 0.36188262701034546 322
1607610011786 0.36149707436561584 323
1607610011908 0.3616328239440918 324
1607610012022 0.36143696308135986 325
1607610012147 0.3609554171562195 326
1607610012266 0.36060062050819397 327
1607610012415 0.36047840118408203 328
1607610012569 0.36075350642204285 329
1607610012724 0.3610690236091614 330
1607610012879 0.36139267683029175 331
1607610013004 0.3614025115966797 332
1607610013126 0.36169636249542236 333
1607610013251 0.3615686297416687 334
1607610013386 0.36172619462013245 335
1607610013542 0.36120742559432983 336
1607610013670 0.36066821217536926 337
1607610013787 0.360078901052475 338
1607610013909 0.3596804141998291 339
1607610014036 0.3592298924922943 340
1607610014157 0.3589743971824646 341
1607610014279 0.35893505811691284 342
1607610014406 0.35921815037727356 343
1607610014534 0.35930559039115906 344
1607610014657 0.3603326082229614 345
1607610014773 0.36087197065353394 346
1607610014894 0.3610934913158417 347
1607610015016 0.3612743318080902 348
1607610015133 0.36095547676086426 349
1607610015251 0.3611244261264801 350
1607610015369 0.3610776364803314 351
1607610015489 0.3607383072376251 352
1607610015617 0.36105698347091675 353
1607610015736 0.36073559522628784 354
1607610015856 0.3613435626029968 355
1607610015975 0.36130204796791077 356
1607610016094 0.3618796169757843 357
1607610016212 0.36180874705314636 358
1607610016331 0.36165496706962585 359
1607610016447 0.36170467734336853 360
1607610016564 0.3611171841621399 361
1607610016694 0.36067843437194824 362
1607610016819 0.3597233295440674 363
1607610016951 0.35929715633392334 364
1607610017072 0.3592783510684967 365
1607610017193 0.35929450392723083 366
1607610017309 0.3592604398727417 367
1607610017429 0.35935577750205994 368
1607610017543 0.35951581597328186 369
1607610017684 0.3599650263786316 370
1607610017813 0.35973262786865234 371
1607610017930 0.3597331643104553 372
1607610018047 0.359308123588562 373
1607610018166 0.3592986762523651 374
1607610018307 0.3587445020675659 375
1607610018435 0.35846200585365295 376
1607610018550 0.3580247759819031 377
1607610018667 0.35804301500320435 378
1607610018787 0.3578643202781677 379
1607610018932 0.35847434401512146 380
1607610019059 0.3584100902080536 381
1607610019179 0.35961633920669556 382
1607610019297 0.35990110039711 383
1607610019416 0.3605515956878662 384
1607610019551 0.36047014594078064 385
1607610019674 0.36099961400032043 386
1607610019791 0.3606783151626587 387
1607610019909 0.3597394824028015 388
1607610020032 0.3592410981655121 389
1607610020172 0.35890987515449524 390
1607610020299 0.3586913049221039 391
1607610020425 0.35805800557136536 392
1607610020544 0.357754647731781 393
1607610020659 0.3576027750968933 394
1607610020799 0.3577071726322174 395
1607610020923 0.3574792146682739 396
1607610021046 0.35813233256340027 397
1607610021167 0.3582175076007843 398
1607610021287 0.3587803244590759 399
1607610021428 0.3590662479400635 400
1607610021553 0.3594018220901489 401
1607610021679 0.359574556350708 402
1607610021794 0.35985076427459717 403
1607610021922 0.3603711724281311 404
1607610022060 0.3605140447616577 405
1607610022181 0.3612682819366455 406
1607610022308 0.36038586497306824 407
1607610022435 0.3602089583873749 408
1607610022557 0.3596327006816864 409
1607610022700 0.3589420020580292 410
1607610022827 0.35802680253982544 411
1607610022976 0.357238233089447 412
1607610023130 0.3564795255661011 413
1607610023284 0.3566337823867798 414
1607610023409 0.35618409514427185 415
1607610023564 0.3566246032714844 416
1607610023717 0.3567711114883423 417
1607610023878 0.3575851619243622 418
1607610024038 0.35800108313560486 419
1607610024165 0.3585704565048218 420
1607610024283 0.35886064171791077 421
1607610024401 0.35921528935432434 422
1607610024518 0.35909533500671387 423
1607610024636 0.35936078429222107 424
1607610024763 0.3594304621219635 425
1607610024887 0.359053373336792 426
1607610025004 0.3584018647670746 427
1607610025126 0.3580988049507141 428
1607610025249 0.35774219036102295 429
1607610025367 0.35780906677246094 430
1607610025487 0.35729989409446716 431
1607610025604 0.35784727334976196 432
1607610025727 0.3572797477245331 433
1607610025846 0.3578951358795166 434
1607610025964 0.35720932483673096 435
1607610026090 0.35747048258781433 436
1607610026209 0.3566897213459015 437
1607610026329 0.35673534870147705 438
1607610026454 0.3567271828651428 439
1607610026570 0.35690799355506897 440
1607610026688 0.3572559654712677 441
1607610026811 0.35800015926361084 442
1607610026948 0.3587038815021515 443
1607610027071 0.3589734137058258 444
1607610027194 0.3590681254863739 445
1607610027319 0.35937851667404175 446
1607610027444 0.35929444432258606 447
1607610027570 0.3587835133075714 448
1607610027692 0.35776078701019287 449
1607610027817 0.3575263023376465 450
1607610027941 0.3568505048751831 451
1607610028062 0.3567101061344147 452
1607610028180 0.35648515820503235 453
1607610028304 0.35648632049560547 454
1607610028426 0.3564799129962921 455
1607610028574 0.3565247654914856 456
1607610028700 0.35690930485725403 457
1607610028821 0.35709550976753235 458
1607610028936 0.3570600152015686 459
1607610029059 0.3572653830051422 460
1607610029204 0.357392817735672 461
1607610029332 0.3571411669254303 462
1607610029464 0.3570365011692047 463
1607610029595 0.35704323649406433 464
1607610029720 0.3570738732814789 465
1607610029860 0.35715919733047485 466
1607610029981 0.3574579060077667 467
1607610030098 0.35765865445137024 468
1607610030215 0.3585563004016876 469
1607610030336 0.3578864634037018 470
1607610030481 0.35830411314964294 471
1607610030610 0.3573201298713684 472
1607610030730 0.3571566939353943 473
1607610030855 0.356155663728714 474
1607610030975 0.3557989299297333 475
1607610031121 0.3558144271373749 476
1607610031247 0.35586512088775635 477
1607610031366 0.356438547372818 478
1607610031502 0.3566475212574005 479
1607610031625 0.35744917392730713 480
1607610031763 0.3575264811515808 481
1607610031886 0.358017235994339 482
1607610032004 0.3574486970901489 483
1607610032123 0.357330858707428 484
1607610032241 0.35708457231521606 485
1607610032375 0.3568171560764313 486
1607610032498 0.35672006011009216 487
1607610032623 0.3566465973854065 488
1607610032743 0.35619720816612244 489
1607610032864 0.35656583309173584 490
1607610033001 0.3562506437301636 491
1607610033124 0.35679158568382263 492
1607610033240 0.3572275638580322 493
1607610033361 0.35741546750068665 494
1607610033479 0.3575330376625061 495
1607610033618 0.3575671911239624 496
1607610033762 0.35862740874290466 497
1607610033889 0.35789433121681213 498
1607610034042 0.35810771584510803 499
1607610034168 0.35680854320526123 500
1607610034295 0.3570202589035034 501
1607610034417 0.3557411730289459 502
1607610034542 0.35548216104507446 503
1607610034666 0.3547293245792389 504
1607610034788 0.35461705923080444 505
1607610034916 0.3546673357486725 506
1607610035040 0.35461777448654175 507
1607610035158 0.35516560077667236 508
1607610035274 0.35556814074516296 509
1607610035393 0.3564397096633911 510
1607610035507 0.35642197728157043 511
1607610035624 0.35683974623680115 512
1607610035741 0.35640156269073486 513
1607610035859 0.35656967759132385 514
1607610035983 0.3556898236274719 515
1607610036103 0.3554301857948303 516
1607610036223 0.3547208309173584 517
1607610036345 0.354731947183609 518
1607610036464 0.3548017144203186 519
1607610036583 0.35506609082221985 520
1607610036698 0.3553219735622406 521
1607610036821 0.3559902012348175 522
1607610036943 0.3563995957374573 523
1607610037067 0.35722029209136963 524
1607610037185 0.3570323586463928 525
1607610037302 0.3572548031806946 526
1607610037425 0.35649698972702026 527
1607610037542 0.3562791049480438 528
1607610037660 0.3554464280605316 529
1607610037781 0.3550124168395996 530
1607610037897 0.3543776571750641 531
1607610038016 0.35415560007095337 532
1607610038136 0.3539913296699524 533
1607610038255 0.35393834114074707 534
1607610038374 0.3541521430015564 535
1607610038494 0.35422998666763306 536
1607610038609 0.3541330397129059 537
1607610038726 0.35446691513061523 538
1607610038842 0.3549169600009918 539
1607610038962 0.35502925515174866 540
1607610039079 0.35581937432289124 541
1607610039220 0.35627108812332153 542
1607610039349 0.35661935806274414 543
1607610039471 0.35794782638549805 544
1607610039587 0.35701683163642883 545
1607610039703 0.35739409923553467 546
1607610039836 0.35662490129470825 547
1607610039968 0.35617607831954956 548
1607610040088 0.3554474413394928 549
1607610040202 0.35483887791633606 550
1607610040333 0.35473451018333435 551
1607610040469 0.353832483291626 552
1607610040604 0.35389217734336853 553
1607610040727 0.35364654660224915 554
1607610040855 0.3540744185447693 555
1607610040971 0.35477280616760254 556
1607610041108 0.3552688956260681 557
1607610041239 0.3560071885585785 558
1607610041360 0.3565313220024109 559
1607610041492 0.35664814710617065 560
1607610041622 0.35707828402519226 561
1607610041762 0.35599568486213684 562
1607610041888 0.3556934595108032 563
1607610042007 0.35474443435668945 564
1607610042140 0.3552916347980499 565
1607610042261 0.35525986552238464 566
1607610042405 0.35534289479255676 567
1607610042531 0.3560096025466919 568
1607610042657 0.356435626745224 569
1607610042778 0.3572273254394531 570
1607610042922 0.35639864206314087 571
1607610043047 0.35649266839027405 572
1607610043165 0.35525330901145935 573
1607610043286 0.3550703525543213 574
1607610043413 0.35378655791282654 575
1607610043555 0.35386979579925537 576
1607610043684 0.3533385694026947 577
1607610043812 0.35327181220054626 578
1607610044100 0.3535526990890503 579
1607610044220 0.35330623388290405 580
1607610044344 0.3538101613521576 581
1607610044480 0.3542523980140686 582
1607610044602 0.35448941588401794 583
1607610044756 0.35484376549720764 584
1607610044899 0.3548003137111664 585
1607610045039 0.35508957505226135 586
1607610045186 0.3553606867790222 587
1607610045314 0.35489654541015625 588
1607610045460 0.3550128936767578 589
1607610045617 0.3543247878551483 590
1607610045770 0.35487473011016846 591
1607610045909 0.35454148054122925 592
1607610046033 0.35483574867248535 593
1607610046151 0.3550398647785187 594
1607610046275 0.3559207320213318 595
1607610046399 0.35605764389038086 596
1607610046525 0.3564760684967041 597
1607610046644 0.3558492660522461 598
1607610046765 0.3565993905067444 599
1607610046889 0.3557465374469757 600
1607610047008 0.35517147183418274 601
1607610047128 0.3549952208995819 602
1607610047251 0.35490918159484863 603
1607610047369 0.35434532165527344 604
1607610047492 0.35414138436317444 605
1607610047607 0.35411369800567627 606
1607610047730 0.35411226749420166 607
1607610047849 0.35411497950553894 608
1607610047963 0.3543785512447357 609
1607610048079 0.35433122515678406 610
1607610048206 0.35476911067962646 611
1607610048333 0.35405197739601135 612
1607610048452 0.3543459475040436 613
1607610048571 0.3533073365688324 614
1607610048691 0.3532000780105591 615
1607610048809 0.3526484966278076 616
1607610048939 0.3528825044631958 617
1607610049064 0.352875292301178 618
1607610049184 0.3531831204891205 619
1607610049317 0.35377100110054016 620
1607610049448 0.35428890585899353 621
1607610049566 0.355627179145813 622
1607610049684 0.3556183874607086 623
1607610049804 0.3563396632671356 624
1607610049928 0.35626882314682007 625
1607610050045 0.35594725608825684 626
1607610050182 0.35544052720069885 627
1607610050312 0.3551234304904938 628
1607610050442 0.35457029938697815 629
1607610050569 0.3540821373462677 630
1607610050710 0.35381364822387695 631
1607610050837 0.35381659865379333 632
1607610050954 0.35396531224250793 633
1607610051076 0.3543841242790222 634
1607610051196 0.35521548986434937 635
1607610051336 0.35516202449798584 636
1607610051455 0.35553017258644104 637
1607610051580 0.3552277386188507 638
1607610051695 0.3548678159713745 639
1607610051811 0.3543941378593445 640
1607610051952 0.3534766435623169 641
1607610052072 0.3530882000923157 642
1607610052199 0.3525943160057068 643
1607610052327 0.35251662135124207 644
1607610052443 0.35251736640930176 645
1607610052581 0.3525327146053314 646
1607610052709 0.35281503200531006 647
1607610052833 0.3529273569583893 648
1607610052952 0.35307666659355164 649
1607610053079 0.35342830419540405 650
1607610053229 0.353549599647522 651
1607610053354 0.354146808385849 652
1607610053473 0.35377389192581177 653
1607610053591 0.35466498136520386 654
1607610053712 0.35462766885757446 655
1607610053862 0.35553786158561707 656
1607610053989 0.3554757833480835 657
1607610054109 0.3553924262523651 658
1607610054234 0.35554519295692444 659
1607610054353 0.35484418272972107 660
1607610054492 0.3539578914642334 661
1607610054620 0.3532443046569824 662
1607610054744 0.35256677865982056 663
1607610054862 0.3522056043148041 664
1607610054996 0.3518286943435669 665
1607610055139 0.3519047498703003 666
1607610055261 0.35226643085479736 667
1607610055378 0.35298389196395874 668
1607610055495 0.3532355725765228 669
1607610055613 0.3546847701072693 670
1607610055747 0.3550602197647095 671
1607610055902 0.355541855096817 672
1607610056055 0.35509738326072693 673
1607610056209 0.3547503650188446 674
1607610056363 0.3541210889816284 675
1607610056493 0.3532122075557709 676
1607610056622 0.3526131510734558 677
1607610056741 0.3523450493812561 678
1607610056865 0.35252970457077026 679
1607610057003 0.3522759675979614 680
1607610057119 0.35252055525779724 681
1607610057237 0.3526671826839447 682
1607610057362 0.35317879915237427 683
1607610057481 0.3542698621749878 684
1607610057600 0.3538745641708374 685
1607610057718 0.35460615158081055 686
1607610057835 0.3537294268608093 687
1607610057959 0.3539070188999176 688
1607610058079 0.35280749201774597 689
1607610058196 0.3523879945278168 690
1607610058316 0.3519112169742584 691
1607610058442 0.35155999660491943 692
1607610058561 0.35140225291252136 693
1607610058678 0.3511176109313965 694
1607610058796 0.3512393534183502 695
1607610058916 0.3514951765537262 696
1607610059037 0.3515162169933319 697
1607610059157 0.35185930132865906 698
1607610059275 0.35207682847976685 699
1607610059393 0.35271963477134705 700
1607610059515 0.3529163599014282 701
1607610059635 0.3536456823348999 702
1607610059753 0.3536505699157715 703
1607610059876 0.3542063534259796 704
1607610059993 0.3543330132961273 705
1607610060110 0.3543570637702942 706
1607610060225 0.35423117876052856 707
1607610060345 0.3539862632751465 708
1607610060461 0.353451132774353 709
1607610060588 0.35313981771469116 710
1607610060709 0.3529392182826996 711
1607610060852 0.3526875674724579 712
1607610060971 0.3529004156589508 713
1607610061092 0.35274818539619446 714
1607610061209 0.3524923026561737 715
1607610061327 0.3523898124694824 716
1607610061459 0.3520961403846741 717
1607610061586 0.3525529205799103 718
1607610061712 0.3527081608772278 719
1607610061830 0.35326722264289856 720
1607610061953 0.35381194949150085 721
1607610062095 0.354390949010849 722
1607610062229 0.3543907701969147 723
1607610062351 0.3546285033226013 724
1607610062475 0.3544270992279053 725
1607610062601 0.35379767417907715 726
1607610062739 0.353669673204422 727
1607610062885 0.3532114028930664 728
1607610063004 0.3528897762298584 729
1607610063122 0.3523404598236084 730
1607610063248 0.3521377742290497 731
1607610063388 0.351890504360199 732
1607610063521 0.35223475098609924 733
1607610063643 0.35213929414749146 734
1607610063768 0.35234612226486206 735
1607610063887 0.3528057634830475 736
1607610064034 0.3529481291770935 737
1607610064161 0.35311514139175415 738
1607610064279 0.3533707559108734 739
1607610064400 0.3530973196029663 740
1607610064521 0.3531554639339447 741
1607610064664 0.35274964570999146 742
1607610064788 0.35255613923072815 743
1607610064910 0.3525763750076294 744
1607610065025 0.35229289531707764 745
1607610065149 0.35235533118247986 746
1607610065286 0.3524961471557617 747
1607610065417 0.35275039076805115 748
1607610065535 0.3528505861759186 749
1607610065657 0.35297536849975586 750
1607610065777 0.35274919867515564 751
1607610065914 0.3524271249771118 752
1607610066059 0.3519371747970581 753
1607610066215 0.35183003544807434 754
1607610066367 0.3516148030757904 755
1607610066518 0.3517226576805115 756
1607610066644 0.3515612781047821 757
1607610066793 0.3522593379020691 758
1607610066945 0.35285836458206177 759
1607610067071 0.35348328948020935 760
1607610067194 0.3538788855075836 761
1607610067315 0.3538227081298828 762
1607610067454 0.3542237877845764 763
1607610067608 0.35388627648353577 764
1607610067767 0.35339128971099854 765
1607610067901 0.35310351848602295 766
1607610068041 0.35250502824783325 767
1607610068181 0.35225605964660645 768
1607610068325 0.3517708480358124 769
1607610068481 0.3520043194293976 770
1607610068615 0.35165077447891235 771
1607610068761 0.35189497470855713 772
1607610068888 0.3517894744873047 773
1607610069007 0.3521689772605896 774
1607610069126 0.35228514671325684 775
1607610069250 0.3518420457839966 776
1607610069373 0.35176435112953186 777
1607610069491 0.3513548970222473 778
1607610069605 0.35106372833251953 779
1607610069724 0.3507669270038605 780
1607610069843 0.35077452659606934 781
1607610069969 0.3510989844799042 782
1607610070092 0.351007878780365 783
1607610070212 0.35158202052116394 784
1607610070335 0.35192254185676575 785
1607610070456 0.35256803035736084 786
1607610070577 0.35295307636260986 787
1607610070696 0.35288944840431213 788
1607610070814 0.3527285158634186 789
1607610070929 0.3526397943496704 790
1607610071052 0.3523155450820923 791
1607610071171 0.3518587350845337 792
1607610071294 0.3515186309814453 793
1607610071414 0.3510514199733734 794
1607610071538 0.35124799609184265 795
1607610071665 0.3510039448738098 796
1607610071792 0.3512231111526489 797
1607610071909 0.352003276348114 798
1607610072032 0.35222119092941284 799
1607610072162 0.3529304265975952 800
1607610072289 0.35328006744384766 801
1607610072418 0.35359814763069153 802
1607610072539 0.354803204536438 803
1607610072658 0.353747695684433 804
1607610072784 0.3531246483325958 805
1607610072904 0.35253772139549255 806
1607610073020 0.35218003392219543 807
1607610073141 0.3519722819328308 808
1607610073268 0.351546049118042 809
1607610073394 0.3520285189151764 810
1607610073513 0.35179510712623596 811
1607610073634 0.3519926071166992 812
1607610073749 0.35219407081604004 813
1607610073865 0.3521556854248047 814
1607610073982 0.35206764936447144 815
1607610074097 0.3515389561653137 816
1607610074214 0.3515698313713074 817
1607610074339 0.35067835450172424 818
1607610074465 0.35047897696495056 819
1607610074586 0.3499701917171478 820
1607610074704 0.3503156304359436 821
1607610074819 0.34980788826942444 822
1607610074935 0.3501378297805786 823
1607610075060 0.3500644862651825 824
1607610075180 0.3505892753601074 825
1607610075297 0.35119250416755676 826
1607610075419 0.3521178960800171 827
1607610075537 0.3526824414730072 828
1607610075658 0.35401490330696106 829
1607610075779 0.353442519903183 830
1607610075899 0.3533308207988739 831
1607610076013 0.35298916697502136 832
1607610076134 0.35219451785087585 833
1607610076252 0.35192734003067017 834
1607610076370 0.351265013217926 835
1607610076494 0.3512105345726013 836
1607610076618 0.3514441251754761 837
1607610076736 0.35188278555870056 838
1607610076853 0.35218092799186707 839
1607610076972 0.35270780324935913 840
1607610077092 0.35302916169166565 841
1607610077208 0.3531557321548462 842
1607610077345 0.3538426458835602 843
1607610077468 0.3528445363044739 844
1607610077615 0.3529180586338043 845
1607610077737 0.3515327274799347 846
1607610077855 0.35113680362701416 847
1607610077975 0.3506006598472595 848
1607610078103 0.35041627287864685 849
1607610078227 0.35027876496315 850
1607610078347 0.35026639699935913 851
1607610078471 0.3501199781894684 852
1607610078608 0.35094940662384033 853
1607610078758 0.3506430983543396 854
1607610078882 0.35161805152893066 855
1607610079013 0.35141295194625854 856
1607610079168 0.3516698181629181 857
1607610079315 0.35197415947914124 858
1607610079442 0.351827472448349 859
1607610079564 0.35217607021331787 860
1607610079727 0.35154080390930176 861
1607610079856 0.35147595405578613 862
1607610079983 0.35126879811286926 863
1607610080110 0.35094282031059265 864
1607610080236 0.3511030972003937 865
1607610080354 0.351125568151474 866
1607610080474 0.3513554632663727 867
1607610080600 0.3516457974910736 868
1607610080718 0.35151994228363037 869
1607610080837 0.35203200578689575 870
1607610080958 0.35257354378700256 871
1607610081081 0.35330912470817566 872
1607610081197 0.3530275821685791 873
1607610081313 0.3532404601573944 874
1607610081436 0.3523600995540619 875
1607610081552 0.35219961404800415 876
1607610081671 0.3518689274787903 877
1607610081793 0.3514285087585449 878
1607610081908 0.35096707940101624 879
1607610082026 0.3498411774635315 880
1607610082154 0.35006776452064514 881
1607610082277 0.3495056927204132 882
1607610082401 0.3495301902294159 883
1607610082540 0.34910839796066284 884
1607610082697 0.3492119014263153 885
1607610082851 0.3491646647453308 886
1607610082981 0.3495878577232361 887
1607610083104 0.34972792863845825 888
1607610083259 0.35021498799324036 889
1607610083414 0.35045701265335083 890
1607610083568 0.3507651090621948 891
1607610083696 0.35132500529289246 892
1607610083817 0.3510720133781433 893
1607610083934 0.35147297382354736 894
1607610084057 0.35107019543647766 895
1607610084186 0.3514955937862396 896
1607610084311 0.3513270914554596 897
1607610084436 0.35115572810173035 898
1607610084562 0.35155102610588074 899
1607610084681 0.3512415885925293 900
1607610084802 0.35138657689094543 901
1607610084926 0.35053491592407227 902
1607610085050 0.3508296608924866 903
1607610085177 0.350163072347641 904
1607610085301 0.3501327633857727 905
1607610085420 0.3497770130634308 906
1607610085539 0.34974047541618347 907
1607610085674 0.3497035801410675 908
1607610085800 0.34977054595947266 909
1607610085919 0.34977656602859497 910
1607610086042 0.34990110993385315 911
1607610086167 0.3505503237247467 912
1607610086298 0.35069358348846436 913
1607610086414 0.35121646523475647 914
1607610086533 0.3515373170375824 915
1607610086655 0.35210973024368286 916
1607610086790 0.35214143991470337 917
1607610086908 0.35269275307655334 918
1607610087047 0.3519960641860962 919
1607610087200 0.3526959717273712 920
1607610087350 0.35180243849754333 921
1607610087503 0.35197311639785767 922
1607610087658 0.3511844575405121 923
1607610087813 0.3505830764770508 924
1607610087967 0.3498819172382355 925
1607610088114 0.34946730732917786 926
1607610088244 0.34912192821502686 927
1607610088369 0.34872856736183167 928
1607610088493 0.34869617223739624 929
1607610088623 0.34885966777801514 930
1607610088745 0.34941864013671875 931
1607610088865 0.3501312732696533 932
1607610088988 0.3510632812976837 933
1607610089104 0.3524070084095001 934
1607610089226 0.3522713780403137 935
1607610089350 0.35283440351486206 936
1607610089479 0.3520064651966095 937
1607610089604 0.3521541655063629 938
1607610089722 0.3509368598461151 939
1607610089842 0.3500061333179474 940
1607610089961 0.34987130761146545 941
1607610090082 0.3494531810283661 942
1607610090206 0.34960436820983887 943
1607610090340 0.34943392872810364 944
1607610090461 0.3495466709136963 945
1607610090586 0.3502180874347687 946
1607610090707 0.35073232650756836 947
1607610090832 0.35162097215652466 948
1607610090959 0.3524973690509796 949
1607610091078 0.3528438210487366 950
1607610091194 0.35299164056777954 951
1607610091316 0.3532714247703552 952
1607610091450 0.35273870825767517 953
1607610091572 0.35194525122642517 954
1607610091702 0.35128384828567505 955
1607610091823 0.350507527589798 956
1607610091945 0.35024264454841614 957
1607610092062 0.3499053120613098 958
1607610092199 0.3495003581047058 959
1607610092347 0.34988662600517273 960
1607610092478 0.35014787316322327 961
1607610092631 0.3504355847835541 962
1607610092756 0.35151731967926025 963
1607610092881 0.3517567813396454 964
1607610093035 0.3518979549407959 965
1607610093161 0.35109663009643555 966
1607610093288 0.35102641582489014 967
1607610093411 0.35131943225860596 968
1607610093528 0.35127565264701843 969
1607610093655 0.3508111834526062 970
1607610093779 0.35067903995513916 971
1607610093896 0.35079675912857056 972
1607610094017 0.3507765829563141 973
1607610094148 0.35054704546928406 974
1607610094268 0.350032776594162 975
1607610094391 0.34964752197265625 976
1607610094510 0.3491497039794922 977
1607610094628 0.3493070602416992 978
1607610094743 0.3492174744606018 979
1607610094868 0.34938544034957886 980
1607610094989 0.34965500235557556 981
1607610095119 0.3502551019191742 982
1607610095248 0.35050496459007263 983
1607610095371 0.3507848083972931 984
1607610095492 0.3508422076702118 985
1607610095616 0.35078248381614685 986
1607610095742 0.350373238325119 987
1607610095867 0.3499899208545685 988
1607610095993 0.34945356845855713 989
1607610096116 0.3493395745754242 990
1607610096243 0.3490297496318817 991
1607610096373 0.3492441475391388 992
1607610096496 0.34923291206359863 993
1607610096614 0.35007959604263306 994
1607610096738 0.3501203656196594 995
1607610096859 0.35118958353996277 996
1607610096988 0.35143885016441345 997
1607610097116 0.35208550095558167 998
1607610097255 0.3518538177013397 999
