1607611560281 0.47414347529411316 0
1607611560410 0.4691241681575775 1
1607611560531 0.45692169666290283 2
1607611560650 0.4476829171180725 3
1607611560767 0.44231146574020386 4
1607611560883 0.44003769755363464 5
1607611561002 0.43888401985168457 6
1607611561128 0.43733882904052734 7
1607611561246 0.4361336827278137 8
1607611561375 0.43562260270118713 9
1607611561505 0.4360465407371521 10
1607611561624 0.4363938271999359 11
1607611561747 0.4357219338417053 12
1607611561861 0.4344145953655243 13
1607611561987 0.4339655339717865 14
1607611562114 0.43376147747039795 15
1607611562238 0.4331001341342926 16
1607611562357 0.4320163428783417 17
1607611562482 0.4299326241016388 18
1607611562608 0.4285958409309387 19
1607611562734 0.4272630512714386 20
1607611562854 0.42652738094329834 21
1607611562976 0.4261821508407593 22
1607611563110 0.42617878317832947 23
1607611563271 0.42612341046333313 24
1607611563395 0.42532724142074585 25
1607611563514 0.42430540919303894 26
1607611563637 0.4239041209220886 27
1607611563756 0.4222880005836487 28
1607611563884 0.42137882113456726 29
1607611564009 0.42014461755752563 30
1607611564133 0.41918641328811646 31
1607611564254 0.41872066259384155 32
1607611564380 0.4185783267021179 33
1607611564497 0.4178968071937561 34
1607611564617 0.4169067442417145 35
1607611564741 0.4159852862358093 36
1607611564858 0.4153928756713867 37
1607611564977 0.41441789269447327 38
1607611565096 0.4142035245895386 39
1607611565223 0.41395992040634155 40
1607611565354 0.4129691421985626 41
1607611565473 0.41155314445495605 42
1607611565593 0.41090458631515503 43
1607611565708 0.41172710061073303 44
1607611565826 0.41176754236221313 45
1607611565942 0.4113525450229645 46
1607611566057 0.4097518026828766 47
1607611566178 0.40797945857048035 48
1607611566304 0.40619292855262756 49
1607611566436 0.4057505130767822 50
1607611566556 0.406194806098938 51
1607611566675 0.4082651138305664 52
1607611566796 0.40827158093452454 53
1607611566924 0.4065932035446167 54
1607611567044 0.4037984311580658 55
1607611567161 0.40226078033447266 56
1607611567280 0.4020490050315857 57
1607611567399 0.40291324257850647 58
1607611567525 0.40353289246559143 59
1607611567649 0.4034716486930847 60
1607611567767 0.4018632769584656 61
1607611567887 0.39993661642074585 62
1607611568007 0.3984324336051941 63
1607611568126 0.39750221371650696 64
1607611568243 0.3968294858932495 65
1607611568360 0.39746764302253723 66
1607611568479 0.3969775438308716 67
1607611568624 0.39707034826278687 68
1607611568752 0.3960088789463043 69
1607611568875 0.3949170410633087 70
1607611568999 0.3942756652832031 71
1607611569143 0.3940697908401489 72
1607611569267 0.39341628551483154 73
1607611569389 0.3944930136203766 74
1607611569508 0.39449480175971985 75
1607611569632 0.39507970213890076 76
1607611569757 0.39327555894851685 77
1607611569877 0.3924856185913086 78
1607611570002 0.392620712518692 79
1607611570126 0.39066192507743835 80
1607611570246 0.3899216055870056 81
1607611570370 0.38998398184776306 82
1607611570492 0.3897627890110016 83
1607611570612 0.39019864797592163 84
1607611570732 0.38892266154289246 85
1607611570861 0.3888549208641052 86
1607611570982 0.38706547021865845 87
1607611571108 0.3871210515499115 88
1607611571238 0.38706162571907043 89
1607611571365 0.38826483488082886 90
1607611571479 0.38886746764183044 91
1607611571596 0.3893507122993469 92
1607611571719 0.38697198033332825 93
1607611571837 0.3855730891227722 94
1607611571966 0.3847980797290802 95
1607611572087 0.38378626108169556 96
1607611572206 0.3834671080112457 97
1607611572330 0.38387542963027954 98
1607611572455 0.3839914798736572 99
1607611572584 0.3831038475036621 100
1607611572714 0.3836181163787842 101
1607611572833 0.3827003836631775 102
1607611572951 0.3823925256729126 103
1607611573078 0.3806079030036926 104
1607611573207 0.37991875410079956 105
1607611573324 0.37998226284980774 106
1607611573443 0.38019242882728577 107
1607611573566 0.38088080286979675 108
1607611573714 0.38130611181259155 109
1607611573839 0.3814631402492523 110
1607611573961 0.38180437684059143 111
1607611574082 0.38121604919433594 112
1607611574227 0.3814646601676941 113
1607611574383 0.38269439339637756 114
1607611574510 0.3835093080997467 115
1607611574636 0.3822936415672302 116
1607611574762 0.3828536868095398 117
1607611574882 0.3810111880302429 118
1607611575012 0.38061338663101196 119
1607611575154 0.37856265902519226 120
1607611575283 0.37735310196876526 121
1607611575409 0.3772689998149872 122
1607611575530 0.3765600919723511 123
1607611575659 0.37660273909568787 124
1607611575798 0.37661460041999817 125
1607611575926 0.37687334418296814 126
1607611576042 0.3776821494102478 127
1607611576159 0.37743180990219116 128
1607611576276 0.3780037760734558 129
1607611576401 0.37735265493392944 130
1607611576550 0.37761709094047546 131
1607611576676 0.37713849544525146 132
1607611576794 0.37741726636886597 133
1607611576914 0.37770235538482666 134
1607611577030 0.378208726644516 135
1607611577154 0.3788723051548004 136
1607611577297 0.3776983320713043 137
1607611577422 0.3776773512363434 138
1607611577540 0.37557098269462585 139
1607611577669 0.37470337748527527 140
1607611577925 0.37429100275039673 141
1607611578057 0.37390151619911194 142
1607611578189 0.3735807240009308 143
1607611578324 0.37324315309524536 144
1607611578449 0.37390434741973877 145
1607611578572 0.37364035844802856 146
1607611578689 0.37466996908187866 147
1607611578806 0.373613178730011 148
1607611578930 0.3738154470920563 149
1607611579065 0.3733416795730591 150
1607611579207 0.37318310141563416 151
1607611579351 0.37303343415260315 152
1607611579494 0.3727414608001709 153
1607611579637 0.3728736937046051 154
1607611579781 0.37275391817092896 155
1607611579924 0.37268251180648804 156
1607611580067 0.3726664185523987 157
1607611580193 0.3725830614566803 158
1607611580322 0.372815877199173 159
1607611580445 0.3727179765701294 160
1607611580575 0.3734685480594635 161
1607611580696 0.3739084005355835 162
1607611580820 0.3745633065700531 163
1607611580943 0.3738088309764862 164
1607611581069 0.37275269627571106 165
1607611581190 0.3725816011428833 166
1607611581312 0.3718247413635254 167
1607611581435 0.3714413642883301 168
1607611581553 0.37112462520599365 169
1607611581668 0.37135711312294006 170
1607611581793 0.37188395857810974 171
1607611581920 0.37211379408836365 172
1607611582042 0.3724476397037506 173
1607611582158 0.3718411922454834 174
1607611582275 0.37129563093185425 175
1607611582405 0.3705190122127533 176
1607611582531 0.370271235704422 177
1607611582660 0.3698837161064148 178
1607611582784 0.369787335395813 179
1607611582907 0.3700099587440491 180
1607611583035 0.3703819215297699 181
1607611583160 0.36997830867767334 182
1607611583281 0.37008193135261536 183
1607611583411 0.37015026807785034 184
1607611583532 0.3703067898750305 185
1607611583650 0.37010282278060913 186
1607611583780 0.36988863348960876 187
1607611583902 0.37001752853393555 188
1607611584019 0.36988648772239685 189
1607611584139 0.36985987424850464 190
1607611584266 0.36922919750213623 191
1607611584383 0.3691835105419159 192
1607611584504 0.36834532022476196 193
1607611584631 0.3681659698486328 194
1607611584761 0.3675846755504608 195
1607611584887 0.36798474192619324 196
1607611585007 0.3676498830318451 197
1607611585127 0.3683461546897888 198
1607611585251 0.36766189336776733 199
1607611585374 0.36823731660842896 200
1607611585522 0.36768895387649536 201
1607611585667 0.3683429956436157 202
1607611585788 0.3677542805671692 203
1607611585911 0.36831986904144287 204
1607611586028 0.36827030777931213 205
1607611586147 0.36868607997894287 206
1607611586264 0.36991503834724426 207
1607611586397 0.3695080280303955 208
1607611586545 0.3699967563152313 209
1607611586675 0.36887258291244507 210
1607611586796 0.36943984031677246 211
1607611586923 0.3684940040111542 212
1607611587048 0.36900705099105835 213
1607611587196 0.3686467409133911 214
1607611587323 0.36887654662132263 215
1607611587445 0.3686100244522095 216
1607611587564 0.3681893050670624 217
1607611587689 0.3681386411190033 218
1607611587826 0.3677663505077362 219
1607611587947 0.36753392219543457 220
1607611588066 0.36707931756973267 221
1607611588186 0.3670489490032196 222
1607611588304 0.3675394654273987 223
1607611588455 0.36696091294288635 224
1607611588585 0.3670862317085266 225
1607611588703 0.36622995138168335 226
1607611588826 0.36623430252075195 227
1607611588952 0.36583876609802246 228
1607611589099 0.365628719329834 229
1607611589231 0.365465372800827 230
1607611589359 0.3653365969657898 231
1607611589483 0.36569318175315857 232
1607611589601 0.3658445179462433 233
1607611589746 0.36649182438850403 234
1607611589876 0.3665887713432312 235
1607611590000 0.36690810322761536 236
1607611590133 0.36689725518226624 237
1607611590259 0.3666786849498749 238
1607611590401 0.3665439784526825 239
1607611590559 0.36633455753326416 240
1607611590711 0.3659422695636749 241
1607611590867 0.36580967903137207 242
1607611590998 0.36562126874923706 243
1607611591127 0.3656888008117676 244
1607611591251 0.3658611476421356 245
1607611591377 0.3659793734550476 246
1607611591504 0.36589089035987854 247
1607611591659 0.36527130007743835 248
1607611591786 0.3652339577674866 249
1607611591908 0.3643285632133484 250
1607611592027 0.36436477303504944 251
1607611592149 0.3637772500514984 252
1607611592270 0.3641807734966278 253
1607611592402 0.36411821842193604 254
1607611592521 0.3647975027561188 255
1607611592644 0.3647235929965973 256
1607611592768 0.36505889892578125 257
1607611592893 0.36568787693977356 258
1607611593014 0.36494603753089905 259
1607611593134 0.3651284873485565 260
1607611593252 0.3639619052410126 261
1607611593375 0.3644005358219147 262
1607611593499 0.3643801510334015 263
1607611593619 0.36464372277259827 264
1607611593738 0.36592406034469604 265
1607611593860 0.3663617670536041 266
1607611593977 0.36639752984046936 267
1607611594097 0.36687591671943665 268
1607611594216 0.3663997948169708 269
1607611594336 0.3659949004650116 270
1607611594458 0.36495769023895264 271
1607611594591 0.3641587495803833 272
1607611594712 0.3637249171733856 273
1607611594837 0.363765686750412 274
1607611594965 0.3633647859096527 275
1607611595087 0.3637859523296356 276
1607611595206 0.36312347650527954 277
1607611595332 0.3634549081325531 278
1607611595457 0.36327698826789856 279
1607611595576 0.36346161365509033 280
1607611595718 0.3634948134422302 281
1607611595845 0.36325958371162415 282
1607611595966 0.363479882478714 283
1607611596087 0.363383024930954 284
1607611596208 0.3636416792869568 285
1607611596326 0.36355650424957275 286
1607611596466 0.3638067841529846 287
1607611596591 0.3634568750858307 288
1607611596710 0.36345160007476807 289
1607611596843 0.36320629715919495 290
1607611596961 0.3630749583244324 291
1607611597080 0.36290404200553894 292
1607611597217 0.3628433644771576 293
1607611597345 0.36301282048225403 294
1607611597468 0.36393964290618896 295
1607611597587 0.3643704652786255 296
1607611597704 0.36451929807662964 297
1607611597851 0.36497971415519714 298
1607611597982 0.36490634083747864 299
1607611598113 0.3645157516002655 300
1607611598232 0.3640094995498657 301
1607611598355 0.36294057965278625 302
1607611598480 0.36294233798980713 303
1607611598609 0.36194735765457153 304
1607611598746 0.3619112968444824 305
1607611598874 0.3615124523639679 306
1607611598991 0.36199188232421875 307
1607611599118 0.3619798421859741 308
1607611599236 0.3627029061317444 309
1607611599355 0.362832248210907 310
1607611599479 0.36283767223358154 311
1607611599615 0.3625926673412323 312
1607611599740 0.36226144433021545 313
1607611599859 0.3621082603931427 314
1607611599979 0.3618840277194977 315
1607611600100 0.36200034618377686 316
1607611600233 0.3624420166015625 317
1607611600381 0.3625551462173462 318
1607611600512 0.36320173740386963 319
1607611600636 0.3632032573223114 320
1607611600756 0.3636077046394348 321
1607611600875 0.3630976974964142 322
1607611600994 0.3624604046344757 323
1607611601132 0.36202940344810486 324
1607611601286 0.36103469133377075 325
1607611601426 0.3605407178401947 326
1607611601552 0.35999348759651184 327
1607611601692 0.35997116565704346 328
1607611601831 0.3603735566139221 329
1607611601976 0.3603658080101013 330
1607611602126 0.3616181015968323 331
1607611602254 0.36184537410736084 332
1607611602381 0.36261674761772156 333
1607611602501 0.3624427318572998 334
1607611602627 0.3627537786960602 335
1607611602752 0.362059623003006 336
1607611602875 0.36223673820495605 337
1607611602997 0.3615923523902893 338
1607611603124 0.3619011342525482 339
1607611603246 0.3620528280735016 340
1607611603368 0.3619442284107208 341
1607611603486 0.3623065650463104 342
1607611603607 0.36296379566192627 343
1607611603745 0.3626040816307068 344
1607611603866 0.3626197576522827 345
1607611603986 0.36207810044288635 346
1607611604104 0.36174488067626953 347
1607611604227 0.3616761267185211 348
1607611604356 0.3613390326499939 349
1607611604481 0.3612666130065918 350
1607611604608 0.36099278926849365 351
1607611604733 0.36052024364471436 352
1607611604868 0.3604455888271332 353
1607611604986 0.36044129729270935 354
1607611605105 0.3606652617454529 355
1607611605230 0.36045509576797485 356
1607611605352 0.36050736904144287 357
1607611605472 0.3599974811077118 358
1607611605590 0.36020949482917786 359
1607611605707 0.3600311279296875 360
1607611605829 0.3596811592578888 361
1607611605964 0.35937005281448364 362
1607611606084 0.35916149616241455 363
1607611606207 0.3592071533203125 364
1607611606331 0.35960468649864197 365
1607611606470 0.35975295305252075 366
1607611606594 0.360336571931839 367
1607611606713 0.36072108149528503 368
1607611606834 0.36140450835227966 369
1607611606971 0.36134573817253113 370
1607611607109 0.36212754249572754 371
1607611607235 0.36156147718429565 372
1607611607354 0.36186954379081726 373
1607611607477 0.3611242175102234 374
1607611607615 0.3611365556716919 375
1607611607741 0.3605208992958069 376
1607611607859 0.3603449761867523 377
1607611607981 0.35966968536376953 378
1607611608100 0.359796404838562 379
1607611608244 0.359687864780426 380
1607611608374 0.35976916551589966 381
1607611608495 0.35970190167427063 382
1607611608616 0.3598269522190094 383
1607611608734 0.35995301604270935 384
1607611608873 0.360478937625885 385
1607611609001 0.3600510060787201 386
1607611609130 0.36069726943969727 387
1607611609256 0.35982343554496765 388
1607611609380 0.3595571517944336 389
1607611609530 0.35964104533195496 390
1607611609656 0.3595036268234253 391
1607611609786 0.35966673493385315 392
1607611609910 0.3593146800994873 393
1607611610032 0.35972702503204346 394
1607611610169 0.35968998074531555 395
1607611610296 0.36070626974105835 396
1607611610415 0.3607707917690277 397
1607611610540 0.3612613379955292 398
1607611610661 0.36133790016174316 399
1607611610804 0.36077821254730225 400
1607611610931 0.36110490560531616 401
1607611611059 0.3602331876754761 402
1607611611180 0.3600476384162903 403
1607611611299 0.3592740297317505 404
1607611611437 0.35844889283180237 405
1607611611581 0.3582359552383423 406
1607611611718 0.35795536637306213 407
1607611611836 0.35827380418777466 408
1607611611960 0.358346551656723 409
1607611612102 0.35870566964149475 410
1607611612261 0.3592013418674469 411
1607611612386 0.35943421721458435 412
1607611612515 0.36047112941741943 413
1607611612645 0.36016860604286194 414
1607611612802 0.36031782627105713 415
1607611612959 0.3601610064506531 416
1607611613113 0.35954999923706055 417
1607611613277 0.35967469215393066 418
1607611613407 0.358396053314209 419
1607611613533 0.3582974374294281 420
1607611613655 0.3573415279388428 421
1607611613776 0.35742899775505066 422
1607611613896 0.3568960130214691 423
1607611614023 0.3575800359249115 424
1607611614151 0.35786309838294983 425
1607611614278 0.3587282598018646 426
1607611614401 0.36009594798088074 427
1607611614522 0.3603276312351227 428
1607611614654 0.3611966371536255 429
1607611614780 0.36035674810409546 430
1607611614897 0.36020031571388245 431
1607611615019 0.35908129811286926 432
1607611615143 0.3582349717617035 433
1607611615267 0.3581652045249939 434
1607611615388 0.3583657443523407 435
1607611615507 0.35873040556907654 436
1607611615626 0.35882100462913513 437
1607611615749 0.3594250977039337 438
1607611615868 0.3589758574962616 439
1607611615993 0.3589668869972229 440
1607611616111 0.3583950102329254 441
1607611616224 0.3579534590244293 442
1607611616356 0.35754770040512085 443
1607611616476 0.35735851526260376 444
1607611616595 0.35694393515586853 445
1607611616718 0.35737016797065735 446
1607611616838 0.3575938642024994 447
1607611616957 0.35800349712371826 448
1607611617077 0.3582724928855896 449
1607611617203 0.35807427763938904 450
1607611617342 0.3584725856781006 451
1607611617474 0.35906505584716797 452
1607611617605 0.358415424823761 453
1607611617732 0.3592493534088135 454
1607611617857 0.35822224617004395 455
1607611617995 0.35909250378608704 456
1607611618120 0.3592795431613922 457
1607611618245 0.35969969630241394 458
1607611618362 0.3595468997955322 459
1607611618481 0.35939478874206543 460
1607611618628 0.35870155692100525 461
1607611618756 0.35874372720718384 462
1607611618872 0.35810205340385437 463
1607611618996 0.3579276502132416 464
1607611619117 0.35790982842445374 465
1607611619256 0.3575456738471985 466
1607611619384 0.3573586940765381 467
1607611619505 0.3568474352359772 468
1607611619626 0.3569219708442688 469
1607611619755 0.3565159738063812 470
1607611619891 0.3565070331096649 471
1607611620014 0.35602813959121704 472
1607611620134 0.3562488555908203 473
1607611620265 0.35615816712379456 474
1607611620412 0.3568251430988312 475
1607611620534 0.3567969799041748 476
1607611620655 0.35748976469039917 477
1607611620771 0.35777392983436584 478
1607611620900 0.35797181725502014 479
1607611621048 0.3583427965641022 480
1607611621173 0.358199805021286 481
1607611621298 0.35855722427368164 482
1607611621419 0.3583432734012604 483
1607611621546 0.3583628833293915 484
1607611621700 0.3580513596534729 485
1607611621830 0.3584044277667999 486
1607611621950 0.35824868083000183 487
1607611622079 0.35787802934646606 488
1607611622199 0.35779237747192383 489
1607611622346 0.3571512699127197 490
1607611622475 0.3575170040130615 491
1607611622592 0.3571864664554596 492
1607611622710 0.3575934171676636 493
1607611622833 0.35754263401031494 494
1607611622976 0.35713261365890503 495
1607611623133 0.3574087917804718 496
1607611623289 0.35727471113204956 497
1607611623445 0.3574211299419403 498
1607611623574 0.35676926374435425 499
1607611623703 0.3566102981567383 500
1607611623829 0.3557647466659546 501
1607611623954 0.3559303879737854 502
1607611624091 0.35580509901046753 503
1607611624212 0.3559941351413727 504
1607611624332 0.3562944531440735 505
1607611624462 0.3563641905784607 506
1607611624582 0.3567143380641937 507
1607611624707 0.35737714171409607 508
1607611624828 0.35797128081321716 509
1607611624944 0.3582480549812317 510
1607611625063 0.3583749532699585 511
1607611625187 0.35825517773628235 512
1607611625309 0.3578324317932129 513
1607611625429 0.3581027090549469 514
1607611625560 0.3573508858680725 515
1607611625676 0.35753846168518066 516
1607611625804 0.35700348019599915 517
1607611625937 0.35699474811553955 518
1607611626070 0.35653436183929443 519
1607611626199 0.35629576444625854 520
1607611626320 0.3563808500766754 521
1607611626435 0.3560751974582672 522
1607611626561 0.3559093773365021 523
1607611626694 0.3560279309749603 524
1607611626817 0.3564116358757019 525
1607611626941 0.356905460357666 526
1607611627058 0.3576755225658417 527
1607611627180 0.3576875925064087 528
1607611627305 0.35840505361557007 529
1607611627431 0.35833364725112915 530
1607611627552 0.35828694701194763 531
1607611627670 0.3572765588760376 532
1607611627797 0.35660019516944885 533
1607611627926 0.3558565080165863 534
1607611628076 0.3555361032485962 535
1607611628205 0.3550987243652344 536
1607611628324 0.35510313510894775 537
1607611628443 0.3552791476249695 538
1607611628566 0.35513705015182495 539
1607611628704 0.35587358474731445 540
1607611628832 0.3561778664588928 541
1607611628958 0.3567153513431549 542
1607611629082 0.3571834862232208 543
1607611629199 0.3566773533821106 544
1607611629346 0.3573262393474579 545
1607611629478 0.3564249277114868 546
1607611629594 0.35676634311676025 547
1607611629711 0.35567307472229004 548
1607611629835 0.3556990325450897 549
1607611629981 0.35519328713417053 550
1607611630123 0.3551143705844879 551
1607611630247 0.3554103374481201 552
1607611630371 0.35590851306915283 553
1607611630498 0.3563901484012604 554
1607611630644 0.3571203947067261 555
1607611630769 0.35792163014411926 556
1607611630892 0.35811033844947815 557
1607611631018 0.3591446280479431 558
1607611631141 0.35852739214897156 559
1607611631288 0.35809755325317383 560
1607611631415 0.35728558897972107 561
1607611631544 0.35603395104408264 562
1607611631667 0.3557930290699005 563
1607611631813 0.3548082113265991 564
1607611631940 0.3548533022403717 565
1607611632059 0.35448765754699707 566
1607611632182 0.3546498417854309 567
1607611632311 0.35442671179771423 568
1607611632456 0.3552919626235962 569
1607611632583 0.35548242926597595 570
1607611632701 0.3564748466014862 571
1607611632822 0.35642772912979126 572
1607611632941 0.35657718777656555 573
1607611633084 0.3572057783603668 574
1607611633208 0.35805848240852356 575
1607611633344 0.3577650785446167 576
1607611633497 0.3581412732601166 577
1607611633660 0.35733526945114136 578
1607611633973 0.35693204402923584 579
1607611634108 0.35583388805389404 580
1607611634261 0.3552405834197998 581
1607611634387 0.3545793890953064 582
1607611634510 0.3540326952934265 583
1607611634629 0.3538747727870941 584
1607611634751 0.35357779264450073 585
1607611634872 0.35378992557525635 586
1607611634994 0.35385987162590027 587
1607611635114 0.35425782203674316 588
1607611635235 0.3548653721809387 589
1607611635351 0.35561078786849976 590
1607611635471 0.3560938835144043 591
1607611635597 0.3568207323551178 592
1607611635722 0.35696884989738464 593
1607611635839 0.3572806417942047 594
1607611635961 0.35612571239471436 595
1607611636083 0.35573920607566833 596
1607611636209 0.35500913858413696 597
1607611636330 0.354683518409729 598
1607611636449 0.3544209599494934 599
1607611636571 0.3542376756668091 600
1607611636689 0.354615181684494 601
1607611636805 0.3547861874103546 602
1607611636931 0.35530292987823486 603
1607611637056 0.3553487956523895 604
1607611637176 0.35589492321014404 605
1607611637293 0.3558518588542938 606
1607611637420 0.35591351985931396 607
1607611637546 0.3557967245578766 608
1607611637662 0.3558533489704132 609
1607611637785 0.35580065846443176 610
1607611637905 0.35555678606033325 611
1607611638021 0.35550642013549805 612
1607611638144 0.3555780053138733 613
1607611638263 0.3552238345146179 614
1607611638387 0.35510507225990295 615
1607611638511 0.3550577759742737 616
1607611638628 0.3550172746181488 617
1607611638754 0.35527917742729187 618
1607611638870 0.35497957468032837 619
1607611639000 0.35533323884010315 620
1607611639123 0.3553205132484436 621
1607611639242 0.35546138882637024 622
1607611639361 0.3548842966556549 623
1607611639497 0.3549209237098694 624
1607611639626 0.35522106289863586 625
1607611639746 0.35519272089004517 626
1607611639863 0.3558386266231537 627
1607611639983 0.35595080256462097 628
1607611640124 0.35578522086143494 629
1607611640247 0.355648010969162 630
1607611640367 0.3554808795452118 631
1607611640491 0.3553260266780853 632
1607611640609 0.35512879490852356 633
1607611640743 0.3544938266277313 634
1607611640865 0.3542660176753998 635
1607611640985 0.35409224033355713 636
1607611641101 0.3543640971183777 637
1607611641230 0.3545384705066681 638
1607611641366 0.35467728972435 639
1607611641492 0.35461804270744324 640
1607611641613 0.35505595803260803 641
1607611641733 0.3547823131084442 642
1607611641857 0.3549332320690155 643
1607611641990 0.3539563715457916 644
1607611642116 0.35408297181129456 645
1607611642239 0.35375773906707764 646
1607611642365 0.35398513078689575 647
1607611642508 0.35422080755233765 648
1607611642636 0.35418418049812317 649
1607611642756 0.3552757203578949 650
1607611642880 0.3553403615951538 651
1607611643009 0.3562734127044678 652
1607611643153 0.3563668131828308 653
1607611643273 0.35608357191085815 654
1607611643393 0.3565942347049713 655
1607611643525 0.35532253980636597 656
1607611643657 0.3557359576225281 657
1607611643779 0.3544398546218872 658
1607611643897 0.3544052541255951 659
1607611644014 0.35380515456199646 660
1607611644134 0.3535919189453125 661
1607611644283 0.353902667760849 662
1607611644440 0.35351336002349854 663
1607611644599 0.3541148006916046 664
1607611644760 0.3539634943008423 665
1607611644894 0.35450032353401184 666
1607611645020 0.3543555736541748 667
1607611645150 0.35439684987068176 668
1607611645270 0.3543587327003479 669
1607611645430 0.3541427254676819 670
1607611645555 0.3542647659778595 671
1607611645674 0.3539435863494873 672
1607611645797 0.3542459309101105 673
1607611645921 0.35381799936294556 674
1607611646045 0.3538150489330292 675
1607611646170 0.3539813756942749 676
1607611646292 0.35387665033340454 677
1607611646413 0.35403937101364136 678
1607611646532 0.3536986708641052 679
1607611646653 0.3538224399089813 680
1607611646771 0.35385850071907043 681
1607611646894 0.35442203283309937 682
1607611647021 0.354657381772995 683
1607611647142 0.3553849160671234 684
1607611647267 0.35564666986465454 685
1607611647391 0.3559688627719879 686
1607611647513 0.35650092363357544 687
1607611647638 0.35656246542930603 688
1607611647766 0.3564103841781616 689
1607611647890 0.355180948972702 690
1607611648011 0.35441458225250244 691
1607611648142 0.3536859154701233 692
1607611648277 0.35319089889526367 693
1607611648408 0.3527403473854065 694
1607611648539 0.352977991104126 695
1607611648664 0.35335230827331543 696
1607611648786 0.3542312979698181 697
1607611648909 0.3549819886684418 698
1607611649028 0.3557190001010895 699
1607611649158 0.3560173809528351 700
1607611649284 0.35579344630241394 701
1607611649414 0.3551083207130432 702
1607611649540 0.3542696535587311 703
1607611649688 0.35370880365371704 704
1607611649815 0.35318389534950256 705
1607611649934 0.3527822196483612 706
1607611650053 0.35237744450569153 707
1607611650173 0.3522599935531616 708
1607611650321 0.3522079586982727 709
1607611650455 0.35218799114227295 710
1607611650581 0.3519584536552429 711
1607611650704 0.3522983193397522 712
1607611650833 0.3518766760826111 713
1607611650984 0.3520408570766449 714
1607611651115 0.351884663105011 715
1607611651237 0.352163702249527 716
1607611651354 0.35250619053840637 717
1607611651471 0.3529365658760071 718
1607611651621 0.35316377878189087 719
1607611651751 0.3539086878299713 720
1607611651877 0.3548285663127899 721
1607611652003 0.35564953088760376 722
1607611652127 0.3558444678783417 723
1607611652270 0.3555128574371338 724
1607611652401 0.3554045557975769 725
1607611652520 0.35538530349731445 726
1607611652641 0.3549743592739105 727
1607611652773 0.3542468249797821 728
1607611652925 0.35350385308265686 729
1607611653056 0.35312676429748535 730
1607611653196 0.3530029356479645 731
1607611653349 0.3525002896785736 732
1607611653512 0.35253995656967163 733
1607611653640 0.352605938911438 734
1607611653763 0.3524166941642761 735
1607611653887 0.35310715436935425 736
1607611654040 0.35290923714637756 737
1607611654175 0.35393789410591125 738
1607611654299 0.3539755940437317 739
1607611654431 0.3541078567504883 740
1607611654555 0.3541948199272156 741
1607611654678 0.3539640009403229 742
1607611654802 0.3537392318248749 743
1607611654937 0.3541509509086609 744
1607611655097 0.3535522222518921 745
1607611655245 0.35365578532218933 746
1607611655385 0.3538680970668793 747
1607611655527 0.3547089993953705 748
1607611655668 0.354743629693985 749
1607611655796 0.3557629883289337 750
1607611655922 0.35485076904296875 751
1607611656046 0.35557761788368225 752
1607611656171 0.3542831242084503 753
1607611656290 0.3541542887687683 754
1607611656421 0.3532317578792572 755
1607611656547 0.3532145619392395 756
1607611656673 0.3528592586517334 757
1607611656799 0.35274532437324524 758
1607611656923 0.3528529405593872 759
1607611657040 0.3529091775417328 760
1607611657167 0.3530583679676056 761
1607611657289 0.35340097546577454 762
1607611657415 0.35316210985183716 763
1607611657541 0.35334447026252747 764
1607611657664 0.3526734411716461 765
1607611657786 0.3528735041618347 766
1607611657915 0.35204699635505676 767
1607611658041 0.35215845704078674 768
1607611658169 0.35177236795425415 769
1607611658297 0.3519198000431061 770
1607611658417 0.351947546005249 771
1607611658537 0.3518749177455902 772
1607611658664 0.3524561822414398 773
1607611658787 0.35280734300613403 774
1607611658928 0.35292965173721313 775
1607611659063 0.35328152775764465 776
1607611659191 0.35396820306777954 777
1607611659328 0.3543490171432495 778
1607611659462 0.35501721501350403 779
1607611659588 0.3544161319732666 780
1607611659724 0.3550060987472534 781
1607611659873 0.35375943779945374 782
1607611660024 0.35339707136154175 783
1607611660161 0.3524034917354584 784
1607611660292 0.35210084915161133 785
1607611660417 0.35145390033721924 786
1607611660539 0.3516494631767273 787
1607611660668 0.3514448404312134 788
1607611660820 0.3521203100681305 789
1607611660944 0.35247600078582764 790
1607611661077 0.35323548316955566 791
1607611661197 0.35433217883110046 792
1607611661319 0.35468554496765137 793
1607611661442 0.3549690544605255 794
1607611661566 0.35492950677871704 795
1607611661690 0.35428059101104736 796
1607611661817 0.35393497347831726 797
1607611661944 0.3528723418712616 798
1607611662067 0.3521052896976471 799
1607611662197 0.3519047498703003 800
1607611662318 0.35151809453964233 801
1607611662446 0.35203680396080017 802
1607611662576 0.3521355390548706 803
1607611662693 0.3522965610027313 804
1607611662816 0.35280919075012207 805
1607611662935 0.3532343804836273 806
1607611663059 0.3535763919353485 807
1607611663175 0.3534998595714569 808
1607611663310 0.35348933935165405 809
1607611663440 0.35274559259414673 810
1607611663560 0.35246413946151733 811
1607611663692 0.35184693336486816 812
1607611663808 0.3515147864818573 813
1607611663940 0.35122254490852356 814
1607611664058 0.3509495258331299 815
1607611664178 0.3510594964027405 816
1607611664301 0.35132086277008057 817
1607611664428 0.35185015201568604 818
1607611664562 0.3524579405784607 819
1607611664689 0.35299697518348694 820
1607611664806 0.3541097939014435 821
1607611664929 0.35470345616340637 822
1607611665053 0.3559793531894684 823
1607611665184 0.3563462197780609 824
1607611665305 0.3566353917121887 825
1607611665425 0.35556894540786743 826
1607611665549 0.35475072264671326 827
1607611665670 0.3539980947971344 828
1607611665794 0.3534245491027832 829
1607611665915 0.3527829647064209 830
1607611666041 0.35203829407691956 831
1607611666162 0.35183271765708923 832
1607611666288 0.3515850007534027 833
1607611666422 0.3518405854701996 834
1607611666582 0.351717472076416 835
1607611666716 0.35201892256736755 836
1607611666874 0.3522830009460449 837
1607611667027 0.3525625169277191 838
1607611667184 0.3530420958995819 839
1607611667346 0.35321328043937683 840
1607611667523 0.35338640213012695 841
1607611667657 0.3531513214111328 842
1607611667798 0.3534960150718689 843
1607611667930 0.35313063859939575 844
1607611668062 0.3530396521091461 845
1607611668185 0.3523682653903961 846
1607611668304 0.3519219160079956 847
1607611668426 0.351604163646698 848
1607611668550 0.3512026071548462 849
1607611668670 0.3509139120578766 850
1607611668798 0.350705087184906 851
1607611668927 0.35058316588401794 852
1607611669043 0.3505468964576721 853
1607611669170 0.3506658375263214 854
1607611669291 0.3513745963573456 855
1607611669426 0.3512931764125824 856
1607611669548 0.35237210988998413 857
1607611669671 0.3525533676147461 858
1607611669796 0.35337549448013306 859
1607611669918 0.35407745838165283 860
1607611670037 0.3536224067211151 861
1607611670160 0.3533472418785095 862
1607611670309 0.3526120185852051 863
1607611670428 0.3525362014770508 864
1607611670554 0.35166728496551514 865
1607611670682 0.3513929545879364 866
1607611670811 0.3511827290058136 867
1607611670932 0.3513464331626892 868
1607611671053 0.35165727138519287 869
1607611671179 0.35206907987594604 870
1607611671300 0.35273072123527527 871
1607611671432 0.35315456986427307 872
1607611671555 0.35331329703330994 873
1607611671676 0.35352110862731934 874
1607611671806 0.35369613766670227 875
1607611671930 0.3536595404148102 876
1607611672052 0.353442519903183 877
1607611672181 0.352993369102478 878
1607611672299 0.35228678584098816 879
1607611672419 0.35232269763946533 880
1607611672549 0.35140886902809143 881
1607611672668 0.35148611664772034 882
1607611672790 0.35088151693344116 883
1607611672912 0.35094478726387024 884
1607611673047 0.35080206394195557 885
1607611673169 0.35115495324134827 886
1607611673304 0.35116827487945557 887
1607611673423 0.35170409083366394 888
1607611673548 0.3516751527786255 889
1607611673688 0.35194629430770874 890
1607611673813 0.3518798351287842 891
1607611673941 0.35175275802612305 892
1607611674066 0.35169491171836853 893
1607611674189 0.35194718837738037 894
1607611674309 0.35200849175453186 895
1607611674435 0.3523291051387787 896
1607611674555 0.3522282838821411 897
1607611674676 0.3525486886501312 898
1607611674809 0.35237523913383484 899
1607611674933 0.3522542417049408 900
1607611675059 0.35198378562927246 901
1607611675177 0.3522436022758484 902
1607611675304 0.3522869348526001 903
1607611675425 0.3530004024505615 904
1607611675543 0.352783739566803 905
1607611675659 0.35296884179115295 906
1607611675783 0.3532979190349579 907
1607611675912 0.35295653343200684 908
1607611676036 0.3529810309410095 909
1607611676162 0.35223785042762756 910
1607611676283 0.3520187437534332 911
1607611676409 0.3516210615634918 912
1607611676532 0.3514922559261322 913
1607611676652 0.35135239362716675 914
1607611676778 0.35118627548217773 915
1607611676907 0.35165756940841675 916
1607611677035 0.35181984305381775 917
1607611677186 0.3527296781539917 918
1607611677316 0.3530184328556061 919
1607611677440 0.3531131446361542 920
1607611677569 0.3529609143733978 921
1607611677687 0.352743923664093 922
1607611677832 0.352571576833725 923
1607611677960 0.3521384000778198 924
1607611678077 0.35152167081832886 925
1607611678203 0.3514672815799713 926
1607611678328 0.3508339524269104 927
1607611678474 0.3508152365684509 928
1607611678629 0.35009947419166565 929
1607611678786 0.3499944508075714 930
1607611678944 0.34963610768318176 931
1607611679100 0.3497233986854553 932
1607611679232 0.3494641184806824 933
1607611679388 0.34974557161331177 934
1607611679544 0.34964069724082947 935
1607611679702 0.35064777731895447 936
1607611679830 0.3509441614151001 937
1607611679957 0.3520006835460663 938
1607611680080 0.3528597354888916 939
1607611680233 0.3531721234321594 940
1607611680364 0.35294193029403687 941
1607611680495 0.35336196422576904 942
1607611680649 0.352838397026062 943
1607611680790 0.3528318405151367 944
1607611680919 0.3518359065055847 945
1607611681036 0.35233667492866516 946
1607611681158 0.3520355820655823 947
1607611681286 0.35258927941322327 948
1607611681407 0.3530952036380768 949
1607611681528 0.35264214873313904 950
1607611681648 0.3531017303466797 951
1607611681769 0.3525627553462982 952
1607611681894 0.3523116707801819 953
1607611682024 0.3515087366104126 954
1607611682146 0.35074907541275024 955
1607611682273 0.35022228956222534 956
1607611682396 0.3498387634754181 957
1607611682516 0.3496370017528534 958
1607611682638 0.34968307614326477 959
1607611682755 0.3497406542301178 960
1607611682870 0.34996291995048523 961
1607611683004 0.3504433333873749 962
1607611683128 0.35089147090911865 963
1607611683255 0.35171613097190857 964
1607611683379 0.35269516706466675 965
1607611683501 0.3535858392715454 966
1607611683624 0.35387423634529114 967
1607611683748 0.35429173707962036 968
1607611683867 0.3541164696216583 969
1607611683989 0.35338151454925537 970
1607611684114 0.3521606922149658 971
1607611684236 0.35105565190315247 972
1607611684358 0.3501737415790558 973
1607611684481 0.3494846224784851 974
1607611684599 0.34895893931388855 975
1607611684721 0.3487851023674011 976
1607611684845 0.34872621297836304 977
1607611684965 0.3491438627243042 978
1607611685088 0.3492513597011566 979
1607611685223 0.3504938781261444 980
1607611685345 0.3505364656448364 981
1607611685476 0.3520643413066864 982
1607611685607 0.35284486413002014 983
1607611685732 0.3535231947898865 984
1607611685857 0.3541313111782074 985
1607611685974 0.3541308045387268 986
1607611686094 0.3544476628303528 987
1607611686220 0.35365501046180725 988
1607611686349 0.35347747802734375 989
1607611686478 0.35223037004470825 990
1607611686607 0.35159239172935486 991
1607611686730 0.35052478313446045 992
1607611686852 0.3499258756637573 993
1607611686981 0.3495071530342102 994
1607611687109 0.34901151061058044 995
1607611687236 0.3489490747451782 996
1607611687353 0.34874942898750305 997
1607611687479 0.34922289848327637 998
1607611687599 0.34947896003723145 999
