1607609644476 0.47393980622291565 0
1607609644605 0.46467986702919006 1
1607609644721 0.45690733194351196 2
1607609644838 0.4526650309562683 3
1607609644963 0.4461294710636139 4
1607609645082 0.44244474172592163 5
1607609645200 0.44030261039733887 6
1607609645323 0.43904703855514526 7
1607609645439 0.43844881653785706 8
1607609645556 0.4382537603378296 9
1607609645674 0.43731191754341125 10
1607609645797 0.43555718660354614 11
1607609645926 0.434702605009079 12
1607609646048 0.4342772960662842 13
1607609646168 0.4333672821521759 14
1607609646290 0.43314456939697266 15
1607609646407 0.4321052134037018 16
1607609646529 0.43118542432785034 17
1607609646651 0.43133214116096497 18
1607609646768 0.4311923682689667 19
1607609646891 0.4301094114780426 20
1607609647011 0.4283837378025055 21
1607609647134 0.42651286721229553 22
1607609647269 0.4255393147468567 23
1607609647388 0.4254305958747864 24
1607609647510 0.4258221983909607 25
1607609647635 0.4257490038871765 26
1607609647762 0.424550324678421 27
1607609647885 0.4232425391674042 28
1607609648002 0.4225630760192871 29
1607609648128 0.42224621772766113 30
1607609648249 0.4218680262565613 31
1607609648369 0.42066672444343567 32
1607609648488 0.4187244176864624 33
1607609648611 0.4167122542858124 34
1607609648735 0.41550469398498535 35
1607609648855 0.4150519073009491 36
1607609648975 0.4150506854057312 37
1607609649096 0.4156218469142914 38
1607609649217 0.4154655337333679 39
1607609649337 0.4142293632030487 40
1607609649464 0.41241663694381714 41
1607609649590 0.41065290570259094 42
1607609649716 0.4099460244178772 43
1607609649835 0.41006606817245483 44
1607609649961 0.410561740398407 45
1607609650091 0.4102427065372467 46
1607609650208 0.40904325246810913 47
1607609650327 0.4076303541660309 48
1607609650443 0.4059754014015198 49
1607609650569 0.4045693278312683 50
1607609650689 0.4044916033744812 51
1607609650814 0.40470215678215027 52
1607609650936 0.40515100955963135 53
1607609651054 0.4061025083065033 54
1607609651175 0.4050006866455078 55
1607609651296 0.4038132131099701 56
1607609651415 0.40278559923171997 57
1607609651538 0.4018794298171997 58
1607609651666 0.4008418023586273 59
1607609651791 0.4001450836658478 60
1607609651911 0.39903658628463745 61
1607609652030 0.3986501693725586 62
1607609652149 0.3989143967628479 63
1607609652270 0.3992002606391907 64
1607609652387 0.39849820733070374 65
1607609652508 0.3970560133457184 66
1607609652632 0.3962284028530121 67
1607609652761 0.3954986333847046 68
1607609652884 0.39557966589927673 69
1607609653004 0.39501574635505676 70
1607609653126 0.3956431746482849 71
1607609653242 0.3942447006702423 72
1607609653370 0.3940177261829376 73
1607609653487 0.3932490944862366 74
1607609653613 0.39288708567619324 75
1607609653728 0.3920896649360657 76
1607609653854 0.3906480073928833 77
1607609653974 0.38935500383377075 78
1607609654100 0.38876962661743164 79
1607609654225 0.3887561559677124 80
1607609654348 0.38863444328308105 81
1607609654468 0.3891836106777191 82
1607609654589 0.3888101875782013 83
1607609654707 0.38813069462776184 84
1607609654835 0.3868701756000519 85
1607609654963 0.38599666953086853 86
1607609655082 0.3854818642139435 87
1607609655213 0.38477882742881775 88
1607609655352 0.3850894272327423 89
1607609655473 0.3860442042350769 90
1607609655590 0.38795194029808044 91
1607609655706 0.38954445719718933 92
1607609655832 0.3887302875518799 93
1607609655971 0.386743426322937 94
1607609656100 0.3855655789375305 95
1607609656231 0.3837951123714447 96
1607609656354 0.38305845856666565 97
1607609656494 0.3824111223220825 98
1607609656631 0.38275644183158875 99
1607609656757 0.3840612769126892 100
1607609656877 0.38390302658081055 101
1607609657000 0.3833007216453552 102
1607609657142 0.38245365023612976 103
1607609657268 0.38121291995048523 104
1607609657385 0.38052377104759216 105
1607609657501 0.3801021873950958 106
1607609657619 0.3799486458301544 107
1607609657761 0.38059940934181213 108
1607609657897 0.3804219663143158 109
1607609658028 0.3811231255531311 110
1607609658154 0.38019391894340515 111
1607609658274 0.3801290690898895 112
1607609658426 0.37936052680015564 113
1607609658576 0.3787476122379303 114
1607609658703 0.3790486454963684 115
1607609658859 0.37817463278770447 116
1607609658982 0.37895461916923523 117
1607609659107 0.37833794951438904 118
1607609659264 0.3782195448875427 119
1607609659413 0.3781678080558777 120
1607609659544 0.3779081106185913 121
1607609659673 0.3776932656764984 122
1607609659798 0.3779076933860779 123
1607609659915 0.3770289123058319 124
1607609660032 0.37730082869529724 125
1607609660150 0.37639492750167847 126
1607609660266 0.3763033151626587 127
1607609660386 0.37645745277404785 128
1607609660503 0.37640491127967834 129
1607609660622 0.3767590820789337 130
1607609660745 0.377910852432251 131
1607609660867 0.37851062417030334 132
1607609660988 0.3796953558921814 133
1607609661107 0.3785260021686554 134
1607609661223 0.3777467608451843 135
1607609661342 0.37644457817077637 136
1607609661460 0.3751528263092041 137
1607609661578 0.37466904520988464 138
1607609661698 0.3740520179271698 139
1607609661824 0.3738136887550354 140
1607609662083 0.3741788864135742 141
1607609662207 0.373776912689209 142
1607609662326 0.374292254447937 143
1607609662446 0.3740997612476349 144
1607609662565 0.3739849328994751 145
1607609662689 0.37385228276252747 146
1607609662807 0.3730658292770386 147
1607609662926 0.37268275022506714 148
1607609663051 0.3720623254776001 149
1607609663174 0.3720428943634033 150
1607609663294 0.3716607987880707 151
1607609663417 0.3715319037437439 152
1607609663542 0.3718723952770233 153
1607609663657 0.3716913163661957 154
1607609663777 0.3723866045475006 155
1607609663901 0.3723202347755432 156
1607609664027 0.37207353115081787 157
1607609664154 0.3722800314426422 158
1607609664273 0.3718072772026062 159
1607609664404 0.37176913022994995 160
1607609664527 0.3707248568534851 161
1607609664644 0.37043246626853943 162
1607609664764 0.37056443095207214 163
1607609664888 0.37116357684135437 164
1607609665009 0.3722558915615082 165
1607609665130 0.3729146122932434 166
1607609665254 0.374174565076828 167
1607609665375 0.3732661008834839 168
1607609665491 0.3734104633331299 169
1607609665611 0.3724741041660309 170
1607609665758 0.37230467796325684 171
1607609665883 0.3715377748012543 172
1607609666008 0.37072765827178955 173
1607609666130 0.37096527218818665 174
1607609666256 0.3707360327243805 175
1607609666403 0.3709236979484558 176
1607609666531 0.3706643283367157 177
1607609666647 0.3707144856452942 178
1607609666768 0.3702334463596344 179
1607609666890 0.36987191438674927 180
1607609667023 0.3703466057777405 181
1607609667157 0.3700675368309021 182
1607609667276 0.37067368626594543 183
1607609667395 0.37092480063438416 184
1607609667513 0.3708829879760742 185
1607609667659 0.3705649971961975 186
1607609667779 0.37021684646606445 187
1607609667896 0.3696671426296234 188
1607609668014 0.3707444965839386 189
1607609668127 0.37082353234291077 190
1607609668271 0.37069520354270935 191
1607609668393 0.36988508701324463 192
1607609668510 0.36935684084892273 193
1607609668627 0.36879396438598633 194
1607609668763 0.36774742603302 195
1607609668886 0.3670167028903961 196
1607609669013 0.3663719892501831 197
1607609669133 0.3661717474460602 198
1607609669251 0.36649563908576965 199
1607609669399 0.36665794253349304 200
1607609669523 0.3669898808002472 201
1607609669643 0.3675525486469269 202
1607609669759 0.3677808940410614 203
1607609669875 0.3684477210044861 204
1607609670016 0.3677769899368286 205
1607609670167 0.3679644465446472 206
1607609670294 0.3674735426902771 207
1607609670420 0.3679830729961395 208
1607609670579 0.36735206842422485 209
1607609670730 0.3672330379486084 210
1607609670853 0.3675169050693512 211
1607609670981 0.3673534095287323 212
1607609671139 0.367246150970459 213
1607609671291 0.3676203191280365 214
1607609671413 0.367096871137619 215
1607609671534 0.3673533499240875 216
1607609671658 0.3669942319393158 217
1607609671778 0.36703699827194214 218
1607609671895 0.36675798892974854 219
1607609672012 0.36667564511299133 220
1607609672130 0.3664965331554413 221
1607609672247 0.36619338393211365 222
1607609672366 0.3658931255340576 223
1607609672490 0.36564546823501587 224
1607609672607 0.3652859926223755 225
1607609672720 0.36518344283103943 226
1607609672846 0.364883154630661 227
1607609672965 0.3650631904602051 228
1607609673082 0.3650929927825928 229
1607609673202 0.36591434478759766 230
1607609673320 0.36664965748786926 231
1607609673436 0.3677094280719757 232
1607609673550 0.3688289523124695 233
1607609673662 0.36964330077171326 234
1607609673779 0.3694007396697998 235
1607609673903 0.36867132782936096 236
1607609674020 0.3673696219921112 237
1607609674138 0.3670080900192261 238
1607609674255 0.3666781187057495 239
1607609674374 0.3658769130706787 240
1607609674488 0.3648921251296997 241
1607609674605 0.36443814635276794 242
1607609674719 0.36427968740463257 243
1607609674839 0.3639359772205353 244
1607609674967 0.3639369606971741 245
1607609675083 0.36377325654029846 246
1607609675205 0.3638248145580292 247
1607609675324 0.36375805735588074 248
1607609675443 0.36432576179504395 249
1607609675560 0.3634974956512451 250
1607609675678 0.36401474475860596 251
1607609675793 0.3636050224304199 252
1607609675913 0.36421826481819153 253
1607609676033 0.3640929162502289 254
1607609676152 0.36507463455200195 255
1607609676276 0.3658166229724884 256
1607609676411 0.3664519190788269 257
1607609676536 0.3669946491718292 258
1607609676655 0.36655694246292114 259
1607609676774 0.36623868346214294 260
1607609676889 0.36515700817108154 261
1607609677019 0.36453554034233093 262
1607609677146 0.36334916949272156 263
1607609677263 0.3628472089767456 264
1607609677389 0.36247512698173523 265
1607609677512 0.36288806796073914 266
1607609677649 0.36262422800064087 267
1607609677770 0.3634166121482849 268
1607609677886 0.36372631788253784 269
1607609678004 0.36425328254699707 270
1607609678123 0.36436599493026733 271
1607609678265 0.3647451400756836 272
1607609678388 0.36503365635871887 273
1607609678509 0.3651767373085022 274
1607609678630 0.3641037940979004 275
1607609678756 0.36414000391960144 276
1607609678892 0.3634921908378601 277
1607609679016 0.36305859684944153 278
1607609679137 0.3621704876422882 279
1607609679253 0.3622693419456482 280
1607609679380 0.3621935248374939 281
1607609679519 0.36211442947387695 282
1607609679648 0.3625354468822479 283
1607609679773 0.3629991412162781 284
1607609679895 0.36312681436538696 285
1607609680020 0.36408814787864685 286
1607609680164 0.3643939197063446 287
1607609680291 0.3643861413002014 288
1607609680411 0.3637632131576538 289
1607609680546 0.36370134353637695 290
1607609680676 0.363931804895401 291
1607609680816 0.3642422556877136 292
1607609680954 0.3640111982822418 293
1607609681087 0.36396360397338867 294
1607609681209 0.3636365234851837 295
1607609681330 0.3638736605644226 296
1607609681461 0.36353012919425964 297
1607609681582 0.36296775937080383 298
1607609681724 0.36222028732299805 299
1607609681871 0.36248159408569336 300
1607609682031 0.36217451095581055 301
1607609682185 0.3629315197467804 302
1607609682309 0.3623228073120117 303
1607609682436 0.36315006017684937 304
1607609682563 0.36306458711624146 305
1607609682683 0.3634941875934601 306
1607609682806 0.3633389174938202 307
1607609682932 0.3637579381465912 308
1607609683053 0.3633582293987274 309
1607609683168 0.3630591928958893 310
1607609683290 0.36335375905036926 311
1607609683410 0.3628702461719513 312
1607609683526 0.3628971576690674 313
1607609683643 0.3624534606933594 314
1607609683764 0.3625102937221527 315
1607609683886 0.36257174611091614 316
1607609684010 0.3620993494987488 317
1607609684129 0.3619077801704407 318
1607609684248 0.36177560687065125 319
1607609684368 0.3618716299533844 320
1607609684492 0.36158689856529236 321
1607609684606 0.36182236671447754 322
1607609684719 0.3616859018802643 323
1607609684833 0.3617420196533203 324
1607609684950 0.3616648316383362 325
1607609685072 0.3607900142669678 326
1607609685190 0.3608078062534332 327
1607609685310 0.3599289357662201 328
1607609685427 0.35993579030036926 329
1607609685544 0.3594295084476471 330
1607609685660 0.35939210653305054 331
1607609685779 0.3597576916217804 332
1607609685895 0.36056968569755554 333
1607609686009 0.3606742322444916 334
1607609686130 0.3617483973503113 335
1607609686258 0.3617556393146515 336
1607609686380 0.3623388409614563 337
1607609686498 0.3620610237121582 338
1607609686622 0.361840158700943 339
1607609686749 0.3613443076610565 340
1607609686866 0.36117538809776306 341
1607609687005 0.36102408170700073 342
1607609687133 0.36073604226112366 343
1607609687260 0.36086305975914 344
1607609687380 0.3604235053062439 345
1607609687503 0.3605404794216156 346
1607609687642 0.36019784212112427 347
1607609687767 0.3603869080543518 348
1607609687890 0.36024031043052673 349
1607609688005 0.3603620231151581 350
1607609688120 0.36013180017471313 351
1607609688266 0.36096104979515076 352
1607609688391 0.3609221875667572 353
1607609688507 0.36155807971954346 354
1607609688633 0.36117324233055115 355
1607609688784 0.3613602817058563 356
1607609688912 0.3604079782962799 357
1607609689039 0.3605254590511322 358
1607609689160 0.35971683263778687 359
1607609689288 0.3596852719783783 360
1607609689441 0.3591649830341339 361
1607609689579 0.3595395088195801 362
1607609689702 0.3596789240837097 363
1607609689826 0.36027953028678894 364
1607609689947 0.3606725037097931 365
1607609690094 0.36113107204437256 366
1607609690219 0.36137378215789795 367
1607609690335 0.36141905188560486 368
1607609690460 0.3612012565135956 369
1607609690580 0.36092516779899597 370
1607609690724 0.36115238070487976 371
1607609690855 0.36079949140548706 372
1607609690971 0.36102262139320374 373
1607609691094 0.3607904613018036 374
1607609691223 0.3606629967689514 375
1607609691370 0.3605581820011139 376
1607609691498 0.3602959215641022 377
1607609691619 0.35997313261032104 378
1607609691736 0.359671413898468 379
1607609691862 0.35934245586395264 380
1607609692012 0.359394907951355 381
1607609692157 0.35931849479675293 382
1607609692285 0.3587387800216675 383
1607609692416 0.35879334807395935 384
1607609692574 0.3585650324821472 385
1607609692726 0.35879960656166077 386
1607609692852 0.3586406707763672 387
1607609692987 0.3590206801891327 388
1607609693129 0.3588288426399231 389
1607609693277 0.35956695675849915 390
1607609693412 0.3594900071620941 391
1607609693531 0.3600058853626251 392
1607609693646 0.3605058491230011 393
1607609693762 0.36019518971443176 394
1607609693882 0.3602472245693207 395
1607609694001 0.35971546173095703 396
1607609694118 0.35893499851226807 397
1607609694240 0.35881996154785156 398
1607609694360 0.35843345522880554 399
1607609694479 0.35845863819122314 400
1607609694595 0.35821419954299927 401
1607609694711 0.35818424820899963 402
1607609694830 0.3586648404598236 403
1607609694950 0.3591407537460327 404
1607609695070 0.3595524728298187 405
1607609695186 0.35979706048965454 406
1607609695309 0.35942402482032776 407
1607609695440 0.35977283120155334 408
1607609695564 0.35907042026519775 409
1607609695682 0.3589935302734375 410
1607609695802 0.35857081413269043 411
1607609695926 0.3584219217300415 412
1607609696049 0.35874173045158386 413
1607609696179 0.3585677146911621 414
1607609696305 0.3591996133327484 415
1607609696436 0.35984641313552856 416
1607609696555 0.35985350608825684 417
1607609696679 0.3597469627857208 418
1607609696805 0.3590748906135559 419
1607609696927 0.35951536893844604 420
1607609697053 0.35951849818229675 421
1607609697176 0.35884180665016174 422
1607609697295 0.3579590916633606 423
1607609697413 0.357612282037735 424
1607609697539 0.35763800144195557 425
1607609697660 0.3573117256164551 426
1607609697809 0.35706189274787903 427
1607609697941 0.3572384715080261 428
1607609698060 0.3572610020637512 429
1607609698183 0.3575693368911743 430
1607609698307 0.35729843378067017 431
1607609698444 0.35780414938926697 432
1607609698570 0.3579454720020294 433
1607609698699 0.35887065529823303 434
1607609698827 0.3586956560611725 435
1607609698955 0.35985255241394043 436
1607609699102 0.3592810332775116 437
1607609699229 0.35968145728111267 438
1607609699347 0.35878583788871765 439
1607609699463 0.3583196699619293 440
1607609699582 0.35778266191482544 441
1607609699720 0.35699784755706787 442
1607609699846 0.3571673631668091 443
1607609699962 0.35709014534950256 444
1607609700079 0.35724499821662903 445
1607609700198 0.35762253403663635 446
1607609700331 0.35810381174087524 447
1607609700459 0.3587327301502228 448
1607609700580 0.3596305251121521 449
1607609700699 0.3601648509502411 450
1607609700815 0.3600481450557709 451
1607609700966 0.35972946882247925 452
1607609701098 0.35914313793182373 453
1607609701217 0.3588104844093323 454
1607609701335 0.3585386574268341 455
1607609701456 0.35789671540260315 456
1607609701597 0.357385516166687 457
1607609701718 0.3568500578403473 458
1607609701833 0.356804221868515 459
1607609701949 0.35704654455184937 460
1607609702074 0.3569895029067993 461
1607609702215 0.35744932293891907 462
1607609702349 0.35727477073669434 463
1607609702481 0.3575814366340637 464
1607609702608 0.3577384054660797 465
1607609702730 0.35809239745140076 466
1607609702872 0.3575326204299927 467
1607609703022 0.3575249910354614 468
1607609703172 0.357265830039978 469
1607609703329 0.3573879897594452 470
1607609703486 0.35710784792900085 471
1607609703642 0.35726070404052734 472
1607609703796 0.3571263253688812 473
1607609703955 0.3570375442504883 474
1607609704083 0.3566865026950836 475
1607609704208 0.35674819350242615 476
1607609704336 0.35668814182281494 477
1607609704469 0.35646894574165344 478
1607609704597 0.3560228943824768 479
1607609704724 0.3566807210445404 480
1607609704852 0.3561391532421112 481
1607609704976 0.3567761480808258 482
1607609705102 0.35620933771133423 483
1607609705226 0.35705965757369995 484
1607609705350 0.35698845982551575 485
1607609705474 0.35773685574531555 486
1607609705594 0.3577224314212799 487
1607609705725 0.3588041365146637 488
1607609705849 0.35924914479255676 489
1607609705973 0.35965195298194885 490
1607609706095 0.35897475481033325 491
1607609706215 0.3586476445198059 492
1607609706338 0.3587058186531067 493
1607609706457 0.35790780186653137 494
1607609706581 0.3575078845024109 495
1607609706704 0.35714107751846313 496
1607609706828 0.35695189237594604 497
1607609706952 0.3567027151584625 498
1607609707075 0.35639235377311707 499
1607609707201 0.35658466815948486 500
1607609707323 0.3560953736305237 501
1607609707442 0.35620757937431335 502
1607609707566 0.35596203804016113 503
1607609707686 0.3560495972633362 504
1607609707806 0.3556468188762665 505
1607609707937 0.35547542572021484 506
1607609708060 0.355149507522583 507
1607609708184 0.355010449886322 508
1607609708305 0.3552559018135071 509
1607609708427 0.3550454080104828 510
1607609708548 0.3554918169975281 511
1607609708672 0.3552040159702301 512
1607609708801 0.35555973649024963 513
1607609708918 0.35584646463394165 514
1607609709045 0.355960875749588 515
1607609709165 0.35580742359161377 516
1607609709305 0.3563418686389923 517
1607609709439 0.35621461272239685 518
1607609709562 0.35703912377357483 519
1607609709681 0.35700514912605286 520
1607609709799 0.35755282640457153 521
1607609709937 0.35765784978866577 522
1607609710070 0.35794323682785034 523
1607609710198 0.3576951324939728 524
1607609710321 0.35720136761665344 525
1607609710442 0.3563995957374573 526
1607609710581 0.3559194803237915 527
1607609710706 0.3553471863269806 528
1607609710825 0.35511428117752075 529
1607609710946 0.3554307818412781 530
1607609711071 0.355349600315094 531
1607609711192 0.3558984100818634 532
1607609711319 0.3562045097351074 533
1607609711444 0.35650956630706787 534
1607609711567 0.35732415318489075 535
1607609711715 0.3573375344276428 536
1607609711847 0.3574559688568115 537
1607609711974 0.3572849929332733 538
1607609712092 0.3572063446044922 539
1607609712210 0.3575228750705719 540
1607609712349 0.3567658066749573 541
1607609712482 0.35672610998153687 542
1607609712605 0.3559749126434326 543
1607609712729 0.35595399141311646 544
1607609712852 0.35490092635154724 545
1607609712990 0.35503384470939636 546
1607609713113 0.3550458550453186 547
1607609713240 0.3556293249130249 548
1607609713360 0.35585081577301025 549
1607609713486 0.35640838742256165 550
1607609713631 0.3567981719970703 551
1607609713755 0.35753917694091797 552
1607609713888 0.35802310705184937 553
1607609714010 0.3574715256690979 554
1607609714126 0.3570365309715271 555
1607609714267 0.35652288794517517 556
1607609714412 0.3564399480819702 557
1607609714542 0.35651805996894836 558
1607609714664 0.3558463752269745 559
1607609714786 0.3560379445552826 560
1607609714914 0.35535576939582825 561
1607609715043 0.35551631450653076 562
1607609715193 0.35499054193496704 563
1607609715347 0.3549712002277374 564
1607609715473 0.3544195592403412 565
1607609715596 0.35418540239334106 566
1607609715712 0.35406801104545593 567
1607609715828 0.3542131781578064 568
1607609715951 0.3540661633014679 569
1607609716078 0.35424482822418213 570
1607609716202 0.3544210195541382 571
1607609716322 0.35529419779777527 572
1607609716439 0.3550266623497009 573
1607609716559 0.35598787665367126 574
1607609716685 0.3552011549472809 575
1607609716804 0.35536429286003113 576
1607609716924 0.3546842038631439 577
1607609717054 0.3546932339668274 578
1607609717343 0.3544432818889618 579
1607609717465 0.35450270771980286 580
1607609717588 0.35487648844718933 581
1607609717709 0.35516229271888733 582
1607609717824 0.3560630679130554 583
1607609717945 0.3561846613883972 584
1607609718061 0.3563486635684967 585
1607609718177 0.35676294565200806 586
1607609718301 0.35633495450019836 587
1607609718421 0.35611623525619507 588
1607609718538 0.3553982377052307 589
1607609718656 0.35544130206108093 590
1607609718774 0.3554164171218872 591
1607609718893 0.35506686568260193 592
1607609719010 0.35535943508148193 593
1607609719129 0.35508033633232117 594
1607609719247 0.3555428683757782 595
1607609719365 0.3549167215824127 596
1607609719501 0.35542210936546326 597
1607609719628 0.3549802303314209 598
1607609719746 0.3554404675960541 599
1607609719861 0.35505548119544983 600
1607609719982 0.3552211821079254 601
1607609720122 0.35531532764434814 602
1607609720256 0.3552718758583069 603
1607609720373 0.35525044798851013 604
1607609720492 0.3551346957683563 605
1607609720615 0.355014830827713 606
1607609720750 0.3548685908317566 607
1607609720871 0.35440975427627563 608
1607609721000 0.35437923669815063 609
1607609721117 0.3540536165237427 610
1607609721240 0.35396504402160645 611
1607609721376 0.35442477464675903 612
1607609721509 0.35406336188316345 613
1607609721626 0.35415247082710266 614
1607609721742 0.3543678820133209 615
1607609721864 0.35458967089653015 616
1607609722001 0.3550255000591278 617
1607609722131 0.355093389749527 618
1607609722245 0.3559176027774811 619
1607609722368 0.3557024598121643 620
1607609722492 0.3566276729106903 621
1607609722626 0.3567839562892914 622
1607609722746 0.356825590133667 623
1607609722872 0.355609267950058 624
1607609722989 0.3549523651599884 625
1607609723135 0.3546815514564514 626
1607609723255 0.3544876277446747 627
1607609723377 0.35404732823371887 628
1607609723506 0.3543855547904968 629
1607609723637 0.3542464077472687 630
1607609723778 0.3553031086921692 631
1607609723905 0.35522863268852234 632
1607609724021 0.35601580142974854 633
1607609724148 0.35594385862350464 634
1607609724280 0.3560146391391754 635
1607609724430 0.3555234670639038 636
1607609724557 0.35536012053489685 637
1607609724686 0.3549097180366516 638
1607609724803 0.3543294370174408 639
1607609724945 0.354352205991745 640
1607609725098 0.35368993878364563 641
1607609725253 0.35385051369667053 642
1607609725382 0.35335680842399597 643
1607609725535 0.35335275530815125 644
1607609725691 0.3532950282096863 645
1607609725818 0.3529233932495117 646
1607609725975 0.35338813066482544 647
1607609726104 0.3528553247451782 648
1607609726224 0.353487491607666 649
1607609726341 0.35338929295539856 650
1607609726473 0.35375040769577026 651
1607609726590 0.35391509532928467 652
1607609726710 0.3539362847805023 653
1607609726831 0.3540360629558563 654
1607609726952 0.3539583683013916 655
1607609727077 0.35366401076316833 656
1607609727203 0.353572815656662 657
1607609727330 0.35356155037879944 658
1607609727449 0.35368436574935913 659
1607609727569 0.3536514639854431 660
1607609727692 0.35422348976135254 661
1607609727808 0.3543052077293396 662
1607609727929 0.35498639941215515 663
1607609728043 0.35506072640419006 664
1607609728166 0.354673832654953 665
1607609728290 0.3550739288330078 666
1607609728414 0.35458943247795105 667
1607609728551 0.35497352480888367 668
1607609728678 0.3546648919582367 669
1607609728798 0.354811429977417 670
1607609728919 0.35498520731925964 671
1607609729038 0.35522276163101196 672
1607609729160 0.3552478849887848 673
1607609729292 0.3559398651123047 674
1607609729417 0.3554004728794098 675
1607609729542 0.35584568977355957 676
1607609729661 0.3545101284980774 677
1607609729778 0.35468584299087524 678
1607609729899 0.3538701832294464 679
1607609730018 0.3537178635597229 680
1607609730161 0.3528711795806885 681
1607609730295 0.3527873754501343 682
1607609730417 0.35273757576942444 683
1607609730539 0.35328158736228943 684
1607609730660 0.35317444801330566 685
1607609730808 0.35360413789749146 686
1607609730941 0.3536257743835449 687
1607609731056 0.35382333397865295 688
1607609731177 0.3543952405452728 689
1607609731295 0.35386449098587036 690
1607609731435 0.35438692569732666 691
1607609731564 0.35387077927589417 692
1607609731683 0.3544428050518036 693
1607609731805 0.3541896939277649 694
1607609731928 0.3547312021255493 695
1607609732071 0.3544021248817444 696
1607609732196 0.35470864176750183 697
1607609732317 0.3542948365211487 698
1607609732441 0.3543863892555237 699
1607609732566 0.35372331738471985 700
1607609732711 0.35309919714927673 701
1607609732836 0.35253775119781494 702
1607609732961 0.35239219665527344 703
1607609733089 0.3520810604095459 704
1607609733208 0.3520481288433075 705
1607609733356 0.3521716892719269 706
1607609733480 0.35266026854515076 707
1607609733596 0.35284551978111267 708
1607609733715 0.3536519706249237 709
1607609733837 0.35383695363998413 710
1607609733980 0.35399049520492554 711
1607609734109 0.3538619875907898 712
1607609734229 0.3540465235710144 713
1607609734351 0.3532237708568573 714
1607609734476 0.3534018397331238 715
1607609734626 0.35278642177581787 716
1607609734753 0.3531148135662079 717
1607609734883 0.35293447971343994 718
1607609735015 0.35306423902511597 719
1607609735144 0.35297444462776184 720
1607609735293 0.35295769572257996 721
1607609735438 0.353471577167511 722
1607609735565 0.3531379699707031 723
1607609735701 0.3533948063850403 724
1607609735841 0.3529244363307953 725
1607609735986 0.35355857014656067 726
1607609736140 0.35349300503730774 727
1607609736294 0.3532731235027313 728
1607609736424 0.3531810939311981 729
1607609736583 0.35311707854270935 730
1607609736737 0.35332152247428894 731
1607609736883 0.3529479205608368 732
1607609737011 0.35333162546157837 733
1607609737135 0.35337162017822266 734
1607609737262 0.35421690344810486 735
1607609737391 0.35362672805786133 736
1607609737542 0.3541506826877594 737
1607609737695 0.35355615615844727 738
1607609737834 0.3535410761833191 739
1607609737964 0.3534270226955414 740
1607609738098 0.3529946804046631 741
1607609738239 0.3530013859272003 742
1607609738361 0.35264214873313904 743
1607609738486 0.3524172306060791 744
1607609738606 0.35275712609291077 745
1607609738735 0.35312017798423767 746
1607609738873 0.3531206250190735 747
1607609739002 0.3531639575958252 748
1607609739125 0.3528582453727722 749
1607609739252 0.35316789150238037 750
1607609739375 0.3532613217830658 751
1607609739497 0.35341426730155945 752
1607609739615 0.353127658367157 753
1607609739738 0.3532770574092865 754
1607609739875 0.3527703583240509 755
1607609740007 0.3531495928764343 756
1607609740126 0.3527333438396454 757
1607609740252 0.35291412472724915 758
1607609740372 0.35268425941467285 759
1607609740497 0.35276976227760315 760
1607609740621 0.3531845808029175 761
1607609740747 0.35349735617637634 762
1607609740874 0.35421836376190186 763
1607609741003 0.3539924919605255 764
1607609741122 0.35435035824775696 765
1607609741248 0.3540346324443817 766
1607609741375 0.35406067967414856 767
1607609741502 0.3532105088233948 768
1607609741618 0.35296836495399475 769
1607609741739 0.3520592451095581 770
1607609741878 0.3514551818370819 771
1607609742031 0.3507889211177826 772
1607609742185 0.3507719337940216 773
1607609742347 0.350443035364151 774
1607609742504 0.3503572344779968 775
1607609742627 0.35057371854782104 776
1607609742786 0.3507465422153473 777
1607609742943 0.3515019416809082 778
1607609743071 0.35214295983314514 779
1607609743197 0.35313934087753296 780
1607609743318 0.35416528582572937 781
1607609743445 0.35506847500801086 782
1607609743565 0.35553622245788574 783
1607609743689 0.35552337765693665 784
1607609743817 0.3550499677658081 785
1607609743942 0.35428521037101746 786
1607609744059 0.3530937731266022 787
1607609744175 0.3523932695388794 788
1607609744293 0.3516310751438141 789
1607609744413 0.35167253017425537 790
1607609744542 0.3511427044868469 791
1607609744664 0.35139235854148865 792
1607609744793 0.3513597846031189 793
1607609744914 0.35224348306655884 794
1607609745039 0.3524191379547119 795
1607609745160 0.3539637625217438 796
1607609745280 0.3538810908794403 797
1607609745399 0.354879766702652 798
1607609745523 0.3545665442943573 799
1607609745652 0.35459333658218384 800
1607609745772 0.3542596995830536 801
1607609745894 0.3538230061531067 802
1607609746015 0.3529212474822998 803
1607609746133 0.35271140933036804 804
1607609746253 0.35233408212661743 805
1607609746389 0.35217729210853577 806
1607609746509 0.3516043424606323 807
1607609746625 0.3516426980495453 808
1607609746748 0.3511570990085602 809
1607609746890 0.35142946243286133 810
1607609747040 0.35117051005363464 811
1607609747191 0.35172101855278015 812
1607609747322 0.351795494556427 813
1607609747476 0.35228073596954346 814
1607609747633 0.3529101014137268 815
1607609747785 0.353298157453537 816
1607609747937 0.354327529668808 817
1607609748074 0.3544159233570099 818
1607609748205 0.35467177629470825 819
1607609748332 0.353821337223053 820
1607609748457 0.35344940423965454 821
1607609748585 0.35358574986457825 822
1607609748707 0.35340556502342224 823
1607609748827 0.3534913957118988 824
1607609748944 0.35306063294410706 825
1607609749059 0.3534400165081024 826
1607609749187 0.35335734486579895 827
1607609749316 0.35315924882888794 828
1607609749440 0.3522423505783081 829
1607609749564 0.35191142559051514 830
1607609749686 0.35130754113197327 831
1607609749808 0.3508862257003784 832
1607609749934 0.3503221869468689 833
1607609750053 0.3500153720378876 834
1607609750171 0.3497672379016876 835
1607609750298 0.3498136103153229 836
1607609750428 0.35008952021598816 837
1607609750547 0.3504931330680847 838
1607609750672 0.3511193096637726 839
1607609750793 0.35168445110321045 840
1607609750932 0.352146178483963 841
1607609751051 0.3529297113418579 842
1607609751176 0.35287049412727356 843
1607609751300 0.35297274589538574 844
1607609751424 0.3522703945636749 845
1607609751547 0.3520202040672302 846
1607609751674 0.3513590693473816 847
1607609751799 0.35106685757637024 848
1607609751944 0.3506486415863037 849
1607609752098 0.35080525279045105 850
1607609752255 0.3506716787815094 851
1607609752388 0.3508608341217041 852
1607609752538 0.3509890139102936 853
1607609752671 0.35147711634635925 854
1607609752800 0.3520161807537079 855
1607609752920 0.3523414134979248 856
1607609753050 0.3527645170688629 857
1607609753164 0.35257643461227417 858
1607609753282 0.35292932391166687 859
1607609753397 0.3531239628791809 860
1607609753514 0.3534826636314392 861
1607609753631 0.35288864374160767 862
1607609753757 0.3525720536708832 863
1607609753887 0.3516334593296051 864
1607609754009 0.3514876961708069 865
1607609754127 0.3510454595088959 866
1607609754247 0.35057032108306885 867
1607609754373 0.3502059280872345 868
1607609754491 0.3500577509403229 869
1607609754615 0.3499973714351654 870
1607609754742 0.3506815731525421 871
1607609754864 0.35052409768104553 872
1607609754988 0.3516162931919098 873
1607609755116 0.35217007994651794 874
1607609755235 0.352139949798584 875
1607609755359 0.3529081344604492 876
1607609755479 0.35344138741493225 877
1607609755599 0.35424068570137024 878
1607609755719 0.3545244336128235 879
1607609755839 0.3539374768733978 880
1607609755972 0.35387367010116577 881
1607609756100 0.35376977920532227 882
1607609756218 0.3533185124397278 883
1607609756338 0.35327085852622986 884
1607609756465 0.35233259201049805 885
1607609756585 0.3528751730918884 886
1607609756703 0.352322518825531 887
1607609756829 0.3527628481388092 888
1607609756981 0.35184210538864136 889
1607609757136 0.35188230872154236 890
1607609757294 0.3514423370361328 891
1607609757444 0.35137316584587097 892
1607609757571 0.35095086693763733 893
1607609757699 0.35078129172325134 894
1607609757823 0.3507125973701477 895
1607609757984 0.35076430439949036 896
1607609758110 0.35076406598091125 897
1607609758234 0.35097548365592957 898
1607609758359 0.3508840799331665 899
1607609758489 0.35116270184516907 900
1607609758608 0.35160699486732483 901
1607609758734 0.35153159499168396 902
1607609758862 0.351754754781723 903
1607609758984 0.35168179869651794 904
1607609759104 0.35280799865722656 905
1607609759222 0.35307568311691284 906
1607609759346 0.3537555932998657 907
1607609759473 0.3534185588359833 908
1607609759602 0.3534756898880005 909
1607609759722 0.3525400161743164 910
1607609759849 0.35227566957473755 911
1607609759972 0.35113489627838135 912
1607609760089 0.35067620873451233 913
1607609760207 0.34970328211784363 914
1607609760335 0.3493395447731018 915
1607609760460 0.3492605984210968 916
1607609760582 0.34930306673049927 917
1607609760704 0.3498796820640564 918
1607609760833 0.3505578339099884 919
1607609760960 0.351225346326828 920
1607609761081 0.3522413969039917 921
1607609761201 0.3527979254722595 922
1607609761325 0.35346755385398865 923
1607609761446 0.3531700670719147 924
1607609761576 0.3528521656990051 925
1607609761699 0.3521932065486908 926
1607609761820 0.3519856333732605 927
1607609761939 0.3513835370540619 928
1607609762066 0.35107752680778503 929
1607609762185 0.3507530093193054 930
1607609762303 0.3505050241947174 931
1607609762425 0.35065463185310364 932
1607609762550 0.35070866346359253 933
1607609762668 0.35092952847480774 934
1607609762802 0.35102400183677673 935
1607609762937 0.35110270977020264 936
1607609763057 0.35163548588752747 937
1607609763183 0.3513723611831665 938
1607609763303 0.3515462577342987 939
1607609763429 0.3515291213989258 940
1607609763545 0.35159793496131897 941
1607609763670 0.35113611817359924 942
1607609763783 0.3514496684074402 943
1607609763914 0.3512333929538727 944
1607609764045 0.35239970684051514 945
1607609764166 0.35226836800575256 946
1607609764289 0.35282912850379944 947
1607609764409 0.3520038425922394 948
1607609764527 0.35219618678092957 949
1607609764643 0.3520624339580536 950
1607609764763 0.35153305530548096 951
1607609764888 0.350919634103775 952
1607609765019 0.35025233030319214 953
1607609765146 0.35009995102882385 954
1607609765272 0.35027459263801575 955
1607609765390 0.3500124216079712 956
1607609765517 0.35017117857933044 957
1607609765637 0.35008376836776733 958
1607609765755 0.35051092505455017 959
1607609765877 0.350972980260849 960
1607609765999 0.3516407012939453 961
1607609766127 0.35173413157463074 962
1607609766246 0.35242751240730286 963
1607609766373 0.351927250623703 964
1607609766502 0.35279589891433716 965
1607609766619 0.352829247713089 966
1607609766742 0.352450430393219 967
1607609766870 0.3518639802932739 968
1607609767014 0.35147541761398315 969
1607609767167 0.3510856628417969 970
1607609767320 0.3508867621421814 971
1607609767477 0.34987735748291016 972
1607609767634 0.349917471408844 973
1607609767786 0.3492945730686188 974
1607609767921 0.3494657278060913 975
1607609768085 0.34944209456443787 976
1607609768229 0.3497371971607208 977
1607609768387 0.35006532073020935 978
1607609768528 0.3503827750682831 979
1607609768686 0.3507484495639801 980
1607609768827 0.35106948018074036 981
1607609768976 0.3512718677520752 982
1607609769129 0.35135355591773987 983
1607609769265 0.35122573375701904 984
1607609769402 0.3508491814136505 985
1607609769528 0.3505077660083771 986
1607609769645 0.3503347933292389 987
1607609769765 0.3498848080635071 988
1607609769901 0.3497796058654785 989
1607609770027 0.3498198390007019 990
1607609770155 0.3496822118759155 991
1607609770278 0.34984758496284485 992
1607609770406 0.3498997986316681 993
1607609770525 0.35022079944610596 994
1607609770644 0.35049042105674744 995
1607609770760 0.35091596841812134 996
1607609770880 0.35110244154930115 997
1607609771004 0.3520100712776184 998
1607609771124 0.3524187207221985 999
