1607613469819 0.47398120164871216 0
1607613470038 0.4667968153953552 1
1607613470269 0.4561125636100769 2
1607613470498 0.44920170307159424 3
1607613470716 0.4437899589538574 4
1607613470931 0.4415469169616699 5
1607613471144 0.44020408391952515 6
1607613471361 0.43906891345977783 7
1607613471580 0.43854835629463196 8
1607613471802 0.43872490525245667 9
1607613472014 0.4382980763912201 10
1607613472234 0.43811771273612976 11
1607613472460 0.4382372498512268 12
1607613472676 0.4363105297088623 13
1607613472896 0.4341212809085846 14
1607613473120 0.43306979537010193 15
1607613473330 0.4325698912143707 16
1607613473541 0.43178683519363403 17
1607613473758 0.4314345419406891 18
1607613473972 0.43037986755371094 19
1607613474189 0.42934858798980713 20
1607613474401 0.42872485518455505 21
1607613474615 0.42792385816574097 22
1607613474828 0.42740997672080994 23
1607613475047 0.4274178147315979 24
1607613475263 0.42772623896598816 25
1607613475477 0.4280478358268738 26
1607613475690 0.4269517660140991 27
1607613475903 0.4260445237159729 28
1607613476117 0.42471960186958313 29
1607613476335 0.4236505925655365 30
1607613476557 0.4225340485572815 31
1607613476773 0.4218702018260956 32
1607613476993 0.421324223279953 33
1607613477211 0.4212592542171478 34
1607613477434 0.42058730125427246 35
1607613477652 0.4187736511230469 36
1607613477876 0.41729727387428284 37
1607613478097 0.4160008430480957 38
1607613478319 0.4155518412590027 39
1607613478534 0.41535571217536926 40
1607613478747 0.4157872498035431 41
1607613478957 0.41466474533081055 42
1607613479174 0.4132326543331146 43
1607613479390 0.41188350319862366 44
1607613479600 0.41160503029823303 45
1607613479811 0.4111608862876892 46
1607613480023 0.4103401303291321 47
1607613480235 0.4102746546268463 48
1607613480456 0.4092887341976166 49
1607613480681 0.4080583155155182 50
1607613480896 0.40735676884651184 51
1607613481105 0.407274067401886 52
1607613481323 0.4080841839313507 53
1607613481532 0.40691909193992615 54
1607613481732 0.4061501622200012 55
1607613481939 0.40468618273735046 56
1607613482150 0.40401968359947205 57
1607613482370 0.4040778577327728 58
1607613482587 0.40303775668144226 59
1607613482795 0.4022115170955658 60
1607613483003 0.4013288617134094 61
1607613483209 0.4010298252105713 62
1607613483421 0.40033239126205444 63
1607613483626 0.39968061447143555 64
1607613483835 0.3994661569595337 65
1607613484037 0.3987841308116913 66
1607613484244 0.3987186551094055 67
1607613484445 0.3980264365673065 68
1607613484649 0.39762866497039795 69
1607613484859 0.39658623933792114 70
1607613485065 0.3957325220108032 71
1607613485268 0.3948586583137512 72
1607613485468 0.39504727721214294 73
1607613485677 0.3950600326061249 74
1607613485886 0.39605948328971863 75
1607613486101 0.39457210898399353 76
1607613486313 0.3936838209629059 77
1607613486520 0.3924640715122223 78
1607613486731 0.39204543828964233 79
1607613486935 0.3910124599933624 80
1607613487145 0.39076632261276245 81
1607613487344 0.39009183645248413 82
1607613487546 0.3896554112434387 83
1607613487751 0.3891482651233673 84
1607613487958 0.38945573568344116 85
1607613488162 0.3905177712440491 86
1607613488367 0.3913463354110718 87
1607613488573 0.39122772216796875 88
1607613488776 0.3905865252017975 89
1607613488992 0.3892214596271515 90
1607613489198 0.38865920901298523 91
1607613489401 0.3878398835659027 92
1607613489602 0.3877410292625427 93
1607613489835 0.3875436782836914 94
1607613490044 0.3870757818222046 95
1607613490279 0.3869381248950958 96
1607613490517 0.3858848214149475 97
1607613490758 0.3855913281440735 98
1607613490980 0.38554900884628296 99
1607613491198 0.38427209854125977 100
1607613491428 0.38421812653541565 101
1607613491658 0.3835720419883728 102
1607613491894 0.3831821084022522 103
1607613492107 0.38242819905281067 104
1607613492333 0.3815637230873108 105
1607613492549 0.38145506381988525 106
1607613492751 0.3807890713214874 107
1607613492954 0.38109076023101807 108
1607613493156 0.38135313987731934 109
1607613493355 0.3820714056491852 110
1607613493559 0.38304588198661804 111
1607613493768 0.38352832198143005 112
1607613493970 0.3827422559261322 113
1607613494178 0.38190728425979614 114
1607613494380 0.38159942626953125 115
1607613494584 0.38121524453163147 116
1607613494784 0.3809741139411926 117
1607613494990 0.3812275826931 118
1607613495193 0.38086506724357605 119
1607613495395 0.380548357963562 120
1607613495601 0.38001808524131775 121
1607613495802 0.37904614210128784 122
1607613496004 0.37850579619407654 123
1607613496211 0.3784700632095337 124
1607613496409 0.3787500858306885 125
1607613496612 0.37915945053100586 126
1607613496817 0.3787291944026947 127
1607613497019 0.37897276878356934 128
1607613497221 0.37824201583862305 129
1607613497431 0.3785243630409241 130
1607613497770 0.37802204489707947 131
1607613497980 0.3775087594985962 132
1607613498198 0.3771754503250122 133
1607613498407 0.3769797384738922 134
1607613498621 0.37709975242614746 135
1607613498828 0.3765932619571686 136
1607613499035 0.3766106069087982 137
1607613499244 0.37620314955711365 138
1607613499458 0.3762929141521454 139
1607613499675 0.37602874636650085 140
1607613499886 0.37677642703056335 141
1607613500098 0.3761545717716217 142
1607613500302 0.3758774697780609 143
1607613500508 0.374875009059906 144
1607613500718 0.37442415952682495 145
1607613500930 0.3738130033016205 146
1607613501143 0.3732958137989044 147
1607613501355 0.37291696667671204 148
1607613501567 0.3729504346847534 149
1607613501775 0.37311720848083496 150
1607613501988 0.37386980652809143 151
1607613502200 0.37428879737854004 152
1607613502407 0.37510180473327637 153
1607613502611 0.3760799765586853 154
1607613502829 0.37556666135787964 155
1607613503046 0.37534353137016296 156
1607613503260 0.37413349747657776 157
1607613503474 0.3737146854400635 158
1607613503687 0.37280774116516113 159
1607613503898 0.3729603588581085 160
1607613504106 0.3725961744785309 161
1607613504319 0.37316298484802246 162
1607613504536 0.37402042746543884 163
1607613504748 0.37546515464782715 164
1607613504962 0.37604832649230957 165
1607613505173 0.37669071555137634 166
1607613505386 0.3750508427619934 167
1607613505595 0.3738437294960022 168
1607613505812 0.37330111861228943 169
1607613506024 0.3721371293067932 170
1607613506247 0.37203776836395264 171
1607613506469 0.3715403378009796 172
1607613506689 0.37167829275131226 173
1607613506900 0.37169671058654785 174
1607613507112 0.3715793192386627 175
1607613507345 0.3721836507320404 176
1607613507558 0.372651070356369 177
1607613507777 0.3729526400566101 178
1607613507989 0.37308284640312195 179
1607613508230 0.37273603677749634 180
1607613508456 0.372061163187027 181
1607613508685 0.37167805433273315 182
1607613508904 0.37114405632019043 183
1607613509160 0.3707587420940399 184
1607613509393 0.370508074760437 185
1607613509610 0.36995700001716614 186
1607613509853 0.37030744552612305 187
1607613510075 0.3701682388782501 188
1607613510310 0.3708002269268036 189
1607613510558 0.37058156728744507 190
1607613510788 0.37072989344596863 191
1607613511007 0.37073075771331787 192
1607613511218 0.37039321660995483 193
1607613511435 0.3697226345539093 194
1607613511644 0.3697424829006195 195
1607613511857 0.36913806200027466 196
1607613512071 0.36931112408638 197
1607613512291 0.36889922618865967 198
1607613512507 0.3695659637451172 199
1607613512719 0.3694910407066345 200
1607613512937 0.3700135052204132 201
1607613513149 0.3701654374599457 202
1607613513361 0.3699316084384918 203
1607613513569 0.3696848154067993 204
1607613513777 0.3690795302391052 205
1607613513988 0.36880260705947876 206
1607613514213 0.36881816387176514 207
1607613514432 0.3684941828250885 208
1607613514653 0.368742436170578 209
1607613514870 0.36864808201789856 210
1607613515079 0.3684612512588501 211
1607613515288 0.3686792850494385 212
1607613515500 0.36879321932792664 213
1607613515711 0.3684372901916504 214
1607613515928 0.36849838495254517 215
1607613516146 0.3678366541862488 216
1607613516367 0.3683460056781769 217
1607613516593 0.3680672347545624 218
1607613516802 0.3687030076980591 219
1607613517017 0.3681578040122986 220
1607613517233 0.3682060241699219 221
1607613517447 0.3682590425014496 222
1607613517664 0.36816778779029846 223
1607613517886 0.36799147725105286 224
1607613518104 0.36757442355155945 225
1607613518313 0.3672858476638794 226
1607613518527 0.3676753044128418 227
1607613518741 0.3676045536994934 228
1607613518956 0.36825165152549744 229
1607613519171 0.3685505986213684 230
1607613519383 0.3686302900314331 231
1607613519601 0.3688875734806061 232
1607613519815 0.36871179938316345 233
1607613520030 0.3679128587245941 234
1607613520247 0.3676402270793915 235
1607613520460 0.36682769656181335 236
1607613520674 0.36681511998176575 237
1607613520887 0.3668310046195984 238
1607613521100 0.3670787513256073 239
1607613521311 0.36775916814804077 240
1607613521524 0.36724069714546204 241
1607613521733 0.3674890100955963 242
1607613521948 0.3671613335609436 243
1607613522160 0.3669220507144928 244
1607613522370 0.36632242798805237 245
1607613522583 0.3663293123245239 246
1607613522794 0.3666936457157135 247
1607613523002 0.3669581115245819 248
1607613523211 0.36736857891082764 249
1607613523420 0.3676780164241791 250
1607613523630 0.36767470836639404 251
1607613523848 0.3674691617488861 252
1607613524058 0.36736005544662476 253
1607613524267 0.3667704164981842 254
1607613524478 0.3666245937347412 255
1607613524689 0.36619043350219727 256
1607613524899 0.36600494384765625 257
1607613525108 0.3652017414569855 258
1607613525336 0.36505937576293945 259
1607613525554 0.3643837571144104 260
1607613525770 0.3646623492240906 261
1607613525980 0.3643788993358612 262
1607613526197 0.364805668592453 263
1607613526429 0.36508047580718994 264
1607613526663 0.3651933968067169 265
1607613526887 0.3656012713909149 266
1607613527120 0.36535704135894775 267
1607613527370 0.3651333153247833 268
1607613527618 0.36441823840141296 269
1607613527865 0.36428436636924744 270
1607613528098 0.3640710115432739 271
1607613528333 0.36395564675331116 272
1607613528574 0.3642754852771759 273
1607613528812 0.3647501468658447 274
1607613529045 0.36539405584335327 275
1607613529261 0.36622852087020874 276
1607613529471 0.3667679727077484 277
1607613529686 0.3672124445438385 278
1607613529907 0.3670007884502411 279
1607613530120 0.36704564094543457 280
1607613530334 0.3663831949234009 281
1607613530547 0.36602914333343506 282
1607613530769 0.36570003628730774 283
1607613530982 0.3650958836078644 284
1607613531203 0.36511802673339844 285
1607613531412 0.3650604486465454 286
1607613531622 0.3648768365383148 287
1607613531838 0.3650300204753876 288
1607613532045 0.36524733901023865 289
1607613532258 0.3658207356929779 290
1607613532468 0.36611953377723694 291
1607613532685 0.36675798892974854 292
1607613532900 0.3667757511138916 293
1607613533112 0.3665975034236908 294
1607613533335 0.365984708070755 295
1607613533544 0.3653586208820343 296
1607613533758 0.36496099829673767 297
1607613533973 0.3645996153354645 298
1607613534188 0.36411818861961365 299
1607613534412 0.36392736434936523 300
1607613534626 0.3637351393699646 301
1607613534838 0.36377623677253723 302
1607613535056 0.3640340268611908 303
1607613535271 0.36422988772392273 304
1607613535480 0.36412864923477173 305
1607613535698 0.3639428913593292 306
1607613535917 0.36390748620033264 307
1607613536126 0.3640125095844269 308
1607613536339 0.3636309504508972 309
1607613536555 0.36348286271095276 310
1607613536771 0.3633463680744171 311
1607613536982 0.3636082708835602 312
1607613537198 0.36336031556129456 313
1607613537420 0.36348316073417664 314
1607613537644 0.36292898654937744 315
1607613537858 0.363068550825119 316
1607613538067 0.36235275864601135 317
1607613538288 0.362397164106369 318
1607613538504 0.3623049259185791 319
1607613538726 0.3619917929172516 320
1607613538941 0.362441748380661 321
1607613539150 0.3621685802936554 322
1607613539359 0.36285948753356934 323
1607613539574 0.36262789368629456 324
1607613539792 0.3627942204475403 325
1607613539998 0.36267492175102234 326
1607613540215 0.3624823987483978 327
1607613540418 0.3622342050075531 328
1607613540633 0.3623071014881134 329
1607613540837 0.36221641302108765 330
1607613541037 0.3625081181526184 331
1607613541244 0.3628492057323456 332
1607613541461 0.3634195923805237 333
1607613541664 0.3638334274291992 334
1607613541867 0.36444276571273804 335
1607613542071 0.3641033172607422 336
1607613542273 0.3645199239253998 337
1607613542477 0.3642849028110504 338
1607613542678 0.3638055920600891 339
1607613542880 0.36331236362457275 340
1607613543084 0.36296629905700684 341
1607613543291 0.3627978265285492 342
1607613543497 0.3625366687774658 343
1607613543698 0.36222216486930847 344
1607613543913 0.36172178387641907 345
1607613544123 0.3620726764202118 346
1607613544329 0.36167392134666443 347
1607613544532 0.36197441816329956 348
1607613544762 0.36285728216171265 349
1607613544998 0.3629454970359802 350
1607613545232 0.364199161529541 351
1607613545446 0.36380553245544434 352
1607613545668 0.3643350899219513 353
1607613545902 0.3635341227054596 354
1607613546151 0.36309361457824707 355
1607613546382 0.36228764057159424 356
1607613546606 0.36212003231048584 357
1607613546839 0.3614978790283203 358
1607613547048 0.3610673248767853 359
1607613547283 0.36094966530799866 360
1607613547493 0.3609449565410614 361
1607613547704 0.3611028492450714 362
1607613547908 0.3610021770000458 363
1607613548108 0.36114034056663513 364
1607613548309 0.361343115568161 365
1607613548511 0.3612600862979889 366
1607613548714 0.3612796664237976 367
1607613548915 0.36078131198883057 368
1607613549123 0.3609899580478668 369
1607613549324 0.36066943407058716 370
1607613549527 0.36074376106262207 371
1607613549730 0.3603726029396057 372
1607613549932 0.3609473705291748 373
1607613550134 0.3611886501312256 374
1607613550335 0.36172381043434143 375
1607613550533 0.3627666234970093 376
1607613550741 0.3624018132686615 377
1607613550947 0.3631978929042816 378
1607613551152 0.36230549216270447 379
1607613551354 0.362636923789978 380
1607613551560 0.36190828680992126 381
1607613551765 0.3618290424346924 382
1607613551964 0.3617391288280487 383
1607613552165 0.36213722825050354 384
1607613552364 0.3619774878025055 385
1607613552571 0.36193814873695374 386
1607613552778 0.36195847392082214 387
1607613552980 0.3615218698978424 388
1607613553183 0.36134764552116394 389
1607613553385 0.3604344427585602 390
1607613553588 0.360196053981781 391
1607613553788 0.35964512825012207 392
1607613553990 0.35929468274116516 393
1607613554192 0.3592418432235718 394
1607613554392 0.35902026295661926 395
1607613554597 0.35925620794296265 396
1607613554799 0.35945481061935425 397
1607613555002 0.3598532974720001 398
1607613555206 0.36075422167778015 399
1607613555410 0.36088642477989197 400
1607613555613 0.3613528609275818 401
1607613555817 0.36130887269973755 402
1607613556016 0.3612101972103119 403
1607613556219 0.36071568727493286 404
1607613556425 0.36006808280944824 405
1607613556629 0.3600499927997589 406
1607613556835 0.36020633578300476 407
1607613557045 0.3606090247631073 408
1607613557255 0.3611350357532501 409
1607613557457 0.36130568385124207 410
1607613557659 0.3623674511909485 411
1607613557864 0.3628736734390259 412
1607613558071 0.3628457486629486 413
1607613558282 0.36249345541000366 414
1607613558488 0.3615427017211914 415
1607613558690 0.36109670996665955 416
1607613558893 0.3606361448764801 417
1607613559095 0.3597579300403595 418
1607613559298 0.35975465178489685 419
1607613559501 0.3590128719806671 420
1607613559701 0.35935264825820923 421
1607613559906 0.35949698090553284 422
1607613560115 0.359549343585968 423
1607613560320 0.36009031534194946 424
1607613560523 0.3609194755554199 425
1607613560726 0.3610183000564575 426
1607613560931 0.36187508702278137 427
1607613561132 0.3614882230758667 428
1607613561334 0.36186859011650085 429
1607613561560 0.3611561059951782 430
1607613561769 0.3613201379776001 431
1607613561975 0.36043161153793335 432
1607613562176 0.36070355772972107 433
1607613562384 0.3603590130805969 434
1607613562613 0.3598531186580658 435
1607613562824 0.35954970121383667 436
1607613563026 0.3587722182273865 437
1607613563230 0.35901227593421936 438
1607613563436 0.35836756229400635 439
1607613563635 0.35811159014701843 440
1607613563843 0.3580562472343445 441
1607613564072 0.358106404542923 442
1607613564306 0.3584691882133484 443
1607613564544 0.35875579714775085 444
1607613564782 0.3588832914829254 445
1607613565024 0.359767347574234 446
1607613565258 0.35987377166748047 447
1607613565494 0.36085599660873413 448
1607613565704 0.36036956310272217 449
1607613565941 0.360867440700531 450
1607613566149 0.36060649156570435 451
1607613566382 0.36053410172462463 452
1607613566591 0.3600280284881592 453
1607613566802 0.3597879409790039 454
1607613567003 0.3593074381351471 455
1607613567208 0.3591424822807312 456
1607613567410 0.35902488231658936 457
1607613567616 0.35867464542388916 458
1607613567827 0.35862624645233154 459
1607613568032 0.35859215259552 460
1607613568237 0.3587961494922638 461
1607613568443 0.35898491740226746 462
1607613568646 0.3589135408401489 463
1607613568852 0.3590058982372284 464
1607613569059 0.35915619134902954 465
1607613569259 0.3590657413005829 466
1607613569461 0.35927462577819824 467
1607613569673 0.35904231667518616 468
1607613569874 0.3594166934490204 469
1607613570077 0.35997945070266724 470
1607613570284 0.36017534136772156 471
1607613570487 0.36041244864463806 472
1607613570687 0.36078211665153503 473
1607613570892 0.3610089123249054 474
1607613571099 0.36096087098121643 475
1607613571298 0.36058902740478516 476
1607613571503 0.3595459759235382 477
1607613571710 0.3593904674053192 478
1607613571929 0.35840868949890137 479
1607613572133 0.35805460810661316 480
1607613572338 0.3573441207408905 481
1607613572552 0.35705363750457764 482
1607613572764 0.3566872179508209 483
1607613572967 0.35662299394607544 484
1607613573171 0.35657116770744324 485
1607613573381 0.35663607716560364 486
1607613573589 0.35681790113449097 487
1607613573793 0.35721495747566223 488
1607613573999 0.3578675389289856 489
1607613574201 0.3586027920246124 490
1607613574403 0.35947129130363464 491
1607613574615 0.3599330484867096 492
1607613574820 0.3603636920452118 493
1607613575029 0.36020946502685547 494
1607613575239 0.3594096899032593 495
1607613575443 0.3587038815021515 496
1607613575651 0.3580031991004944 497
1607613575869 0.35774073004722595 498
1607613576074 0.3578794002532959 499
1607613576278 0.35773903131484985 500
1607613576484 0.35850781202316284 501
1607613576700 0.3588522672653198 502
1607613576911 0.3594406843185425 503
1607613577118 0.35898080468177795 504
1607613577320 0.35939139127731323 505
1607613577530 0.3586885631084442 506
1607613577739 0.35867130756378174 507
1607613577943 0.3580470383167267 508
1607613578150 0.35803908109664917 509
1607613578357 0.35832616686820984 510
1607613578563 0.35852599143981934 511
1607613578774 0.3595382571220398 512
1607613578984 0.359915554523468 513
1607613579194 0.360921174287796 514
1607613579425 0.36028626561164856 515
1607613579638 0.35986053943634033 516
1607613579841 0.35847124457359314 517
1607613580048 0.3578212559223175 518
1607613580258 0.357101708650589 519
1607613580484 0.356458842754364 520
1607613580690 0.35617369413375854 521
1607613580905 0.3559681475162506 522
1607613581112 0.3561025559902191 523
1607613581321 0.356442928314209 524
1607613581556 0.3568889796733856 525
1607613581769 0.357621431350708 526
1607613581972 0.35796332359313965 527
1607613582176 0.3587856590747833 528
1607613582382 0.35890626907348633 529
1607613582610 0.3591984212398529 530
1607613582827 0.3591324985027313 531
1607613583057 0.3586094081401825 532
1607613583297 0.358560174703598 533
1607613583524 0.35819441080093384 534
1607613583753 0.3577790856361389 535
1607613583973 0.35739338397979736 536
1607613584206 0.3576344847679138 537
1607613584444 0.3571172058582306 538
1607613584679 0.3573291599750519 539
1607613584923 0.3568110167980194 540
1607613585136 0.356990784406662 541
1607613585337 0.3571469485759735 542
1607613585539 0.3569397032260895 543
1607613585752 0.3570002019405365 544
1607613585963 0.3568262457847595 545
1607613586163 0.35721832513809204 546
1607613586367 0.35713303089141846 547
1607613586567 0.35743921995162964 548
1607613586785 0.3577873408794403 549
1607613586988 0.3581123352050781 550
1607613587198 0.3582327961921692 551
1607613587407 0.3585972189903259 552
1607613587615 0.35851767659187317 553
1607613587820 0.3586134910583496 554
1607613588028 0.358344167470932 555
1607613588232 0.35801640152931213 556
1607613588431 0.35790377855300903 557
1607613588641 0.3574730157852173 558
1607613588846 0.3575071394443512 559
1607613589050 0.35752153396606445 560
1607613589257 0.3575139045715332 561
1607613589463 0.3577699661254883 562
1607613589667 0.35750409960746765 563
1607613589873 0.3579414188861847 564
1607613590076 0.3576885163784027 565
1607613590280 0.358144611120224 566
1607613590492 0.3580758273601532 567
1607613590873 0.35822612047195435 568
1607613591090 0.35794568061828613 569
1607613591301 0.3578709065914154 570
1607613591503 0.3576858937740326 571
1607613591706 0.3580886423587799 572
1607613591909 0.3575887382030487 573
1607613592114 0.35762226581573486 574
1607613592317 0.3577345907688141 575
1607613592525 0.35751524567604065 576
1607613592726 0.3572560250759125 577
1607613592931 0.35700440406799316 578
1607613593137 0.35654860734939575 579
1607613593347 0.356183797121048 580
1607613593546 0.3560445010662079 581
1607613593753 0.35604414343833923 582
1607613593956 0.3561078906059265 583
1607613594162 0.35634157061576843 584
1607613594363 0.35674795508384705 585
1607613594565 0.3571358621120453 586
1607613594768 0.3574132025241852 587
1607613594969 0.3575029969215393 588
1607613595173 0.35762718319892883 589
1607613595382 0.3573349416255951 590
1607613595587 0.35706648230552673 591
1607613595792 0.3564824163913727 592
1607613596005 0.3561583459377289 593
1607613596206 0.3556850552558899 594
1607613596407 0.35555797815322876 595
1607613596606 0.35515961050987244 596
1607613596810 0.35564160346984863 597
1607613597015 0.35524797439575195 598
1607613597218 0.3558867573738098 599
1607613597452 0.3560647964477539 600
1607613597664 0.3565253019332886 601
1607613597876 0.356637567281723 602
1607613598090 0.35712411999702454 603
1607613598297 0.3573133647441864 604
1607613598516 0.3576909899711609 605
1607613598733 0.35753050446510315 606
1607613598941 0.35731810331344604 607
1607613599154 0.35787537693977356 608
1607613599383 0.3570850193500519 609
1607613599593 0.3578910529613495 610
1607613599800 0.3568243682384491 611
1607613600006 0.3570117950439453 612
1607613600210 0.3562270700931549 613
1607613600433 0.35600918531417847 614
1607613600670 0.3557182252407074 615
1607613600893 0.35550686717033386 616
1607613601121 0.35549116134643555 617
1607613601333 0.3558087646961212 618
1607613601571 0.3562580347061157 619
1607613601804 0.35669800639152527 620
1607613602048 0.3575580418109894 621
1607613602285 0.35783860087394714 622
1607613602534 0.35800549387931824 623
1607613602775 0.35771918296813965 624
1607613602988 0.35721665620803833 625
1607613603214 0.35651895403862 626
1607613603430 0.3560991883277893 627
1607613603640 0.3549689054489136 628
1607613603847 0.3550141751766205 629
1607613604047 0.3545939326286316 630
1607613604247 0.35503894090652466 631
1607613604449 0.35488587617874146 632
1607613604655 0.35533407330513 633
1607613604861 0.3553723692893982 634
1607613605066 0.35565444827079773 635
1607613605268 0.35568875074386597 636
1607613605472 0.3558803200721741 637
1607613605677 0.3557746410369873 638
1607613605881 0.3561207950115204 639
1607613606085 0.3565164804458618 640
1607613606286 0.3570212721824646 641
1607613606487 0.3576880991458893 642
1607613606689 0.35831212997436523 643
1607613606897 0.35867610573768616 644
1607613607099 0.3585439622402191 645
1607613607304 0.35777747631073 646
1607613607542 0.35733291506767273 647
1607613607747 0.35712480545043945 648
1607613607961 0.3564052879810333 649
1607613608161 0.35662025213241577 650
1607613608361 0.3561358153820038 651
1607613608564 0.35625216364860535 652
1607613608770 0.3556799590587616 653
1607613608979 0.35572147369384766 654
1607613609190 0.35518836975097656 655
1607613609399 0.3549136221408844 656
1607613609605 0.3541922867298126 657
1607613609812 0.3540556728839874 658
1607613610017 0.35375043749809265 659
1607613610225 0.3538549542427063 660
1607613610429 0.3538024425506592 661
1607613610639 0.3544536530971527 662
1607613610849 0.3546662926673889 663
1607613611063 0.355338454246521 664
1607613611275 0.3556786775588989 665
1607613611485 0.35599207878112793 666
1607613611688 0.35623547434806824 667
1607613611891 0.3561212420463562 668
1607613612098 0.35622265934944153 669
1607613612300 0.35610994696617126 670
1607613612518 0.35572826862335205 671
1607613612729 0.355817586183548 672
1607613612933 0.3556508719921112 673
1607613613139 0.3560585677623749 674
1607613613344 0.3564937114715576 675
1607613613548 0.35689282417297363 676
1607613613764 0.357794851064682 677
1607613613975 0.35796287655830383 678
1607613614178 0.3578260540962219 679
1607613614385 0.3566822409629822 680
1607613614595 0.35619670152664185 681
1607613614801 0.3553031086921692 682
1607613615003 0.35496628284454346 683
1607613615208 0.35446012020111084 684
1607613615433 0.3544301688671112 685
1607613615644 0.35420241951942444 686
1607613615852 0.3544546961784363 687
1607613616060 0.35457274317741394 688
1607613616269 0.35474106669425964 689
1607613616480 0.355320006608963 690
1607613616693 0.35534363985061646 691
1607613616902 0.35612133145332336 692
1607613617104 0.3560790717601776 693
1607613617329 0.3563440442085266 694
1607613617541 0.35626527667045593 695
1607613617742 0.35602930188179016 696
1607613617944 0.3557961583137512 697
1607613618151 0.35527536273002625 698
1607613618378 0.35497352480888367 699
1607613618624 0.3547520041465759 700
1607613618856 0.35438427329063416 701
1607613619085 0.354425311088562 702
1607613619296 0.3542148172855377 703
1607613619534 0.3543122112751007 704
1607613619760 0.3547073006629944 705
1607613619987 0.3548998534679413 706
1607613620225 0.35579007863998413 707
1607613620463 0.35584333539009094 708
1607613620718 0.35691189765930176 709
1607613620931 0.3569115400314331 710
1607613621135 0.35667189955711365 711
1607613621335 0.3563612699508667 712
1607613621535 0.35571256279945374 713
1607613621742 0.35574597120285034 714
1607613621942 0.35531434416770935 715
1607613622147 0.35470110177993774 716
1607613622351 0.3545924127101898 717
1607613622559 0.3542787432670593 718
1607613622765 0.3542875647544861 719
1607613622968 0.3543660342693329 720
1607613623175 0.3546324372291565 721
1607613623377 0.3548452854156494 722
1607613623579 0.35570818185806274 723
1607613623782 0.35579484701156616 724
1607613623994 0.3565179109573364 725
1607613624200 0.3566933274269104 726
1607613624407 0.3564586043357849 727
1607613624615 0.3562166094779968 728
1607613624820 0.35551217198371887 729
1607613625028 0.35531845688819885 730
1607613625231 0.3547172546386719 731
1607613625433 0.35460445284843445 732
1607613625638 0.3537811040878296 733
1607613625848 0.35392317175865173 734
1607613626052 0.35362228751182556 735
1607613626255 0.3538849949836731 736
1607613626459 0.3540564775466919 737
1607613626664 0.35398268699645996 738
1607613626873 0.35450035333633423 739
1607613627073 0.3543623387813568 740
1607613627270 0.3550349175930023 741
1607613627471 0.35472190380096436 742
1607613627679 0.3548171818256378 743
1607613627891 0.35492968559265137 744
1607613628094 0.3547297418117523 745
1607613628295 0.3550785481929779 746
1607613628500 0.35475054383277893 747
1607613628703 0.35480427742004395 748
1607613628909 0.3547714054584503 749
1607613629115 0.35458049178123474 750
1607613629319 0.3545672595500946 751
1607613629526 0.3548200726509094 752
1607613629732 0.3543691337108612 753
1607613629939 0.35457801818847656 754
1607613630140 0.35425570607185364 755
1607613630343 0.3544366657733917 756
1607613630554 0.354708194732666 757
1607613630757 0.3545317053794861 758
1607613630961 0.3549763560295105 759
1607613631164 0.3547775149345398 760
1607613631374 0.3549807071685791 761
1607613631579 0.3546517789363861 762
1607613631788 0.3546772301197052 763
1607613632003 0.3543507754802704 764
1607613632217 0.35398155450820923 765
1607613632422 0.35373127460479736 766
1607613632627 0.3533708155155182 767
1607613632832 0.3534441590309143 768
1607613633031 0.35339245200157166 769
1607613633262 0.35331991314888 770
1607613633468 0.3534395694732666 771
1607613633672 0.35349833965301514 772
1607613633882 0.354276180267334 773
1607613634087 0.35425376892089844 774
1607613634311 0.3550776243209839 775
1607613634516 0.35561326146125793 776
1607613634727 0.35590213537216187 777
1607613634929 0.3565793037414551 778
1607613635142 0.3566199243068695 779
1607613635359 0.3573048412799835 780
1607613635571 0.3570600748062134 781
1607613635778 0.35645484924316406 782
1607613635987 0.35597681999206543 783
1607613636210 0.3551865220069885 784
1607613636447 0.3547569811344147 785
1607613636685 0.3540242612361908 786
1607613636917 0.35358333587646484 787
1607613637155 0.35336408019065857 788
1607613637383 0.3535279333591461 789
1607613637615 0.35335567593574524 790
1607613637831 0.35342252254486084 791
1607613638065 0.3532561659812927 792
1607613638306 0.3535590171813965 793
1607613638542 0.35350301861763 794
1607613638755 0.35328182578086853 795
1607613638966 0.3530777394771576 796
1607613639186 0.3531251549720764 797
1607613639391 0.3526967763900757 798
1607613639596 0.3528134524822235 799
1607613639799 0.35232028365135193 800
1607613640002 0.35275545716285706 801
1607613640212 0.3524715304374695 802
1607613640412 0.3533758223056793 803
1607613640634 0.3534509539604187 804
1607613640856 0.35469985008239746 805
1607613641061 0.35496389865875244 806
1607613641263 0.35629549622535706 807
1607613641473 0.35676515102386475 808
1607613641709 0.3573445677757263 809
1607613641924 0.35675325989723206 810
1607613642127 0.35616767406463623 811
1607613642332 0.3551933169364929 812
1607613642540 0.3543265163898468 813
1607613642747 0.3536738157272339 814
1607613642966 0.3530949652194977 815
1607613643183 0.3529278635978699 816
1607613643401 0.35281503200531006 817
1607613643609 0.35346680879592896 818
1607613643815 0.3536311686038971 819
1607613644018 0.35441112518310547 820
1607613644217 0.35474804043769836 821
1607613644420 0.3548993766307831 822
1607613644623 0.35539284348487854 823
1607613644837 0.35495975613594055 824
1607613645045 0.35506945848464966 825
1607613645247 0.35376524925231934 826
1607613645452 0.35350707173347473 827
1607613645656 0.35272079706192017 828
1607613645864 0.3527997136116028 829
1607613646069 0.3524286448955536 830
1607613646291 0.35272327065467834 831
1607613646492 0.3528277277946472 832
1607613646704 0.3533448576927185 833
1607613646909 0.3536928594112396 834
1607613647114 0.3541351556777954 835
1607613647321 0.35446271300315857 836
1607613647527 0.35467764735221863 837
1607613647741 0.3546625077724457 838
1607613647945 0.3542693853378296 839
1607613648153 0.35408899188041687 840
1607613648364 0.35366591811180115 841
1607613648576 0.3537749648094177 842
1607613648782 0.35338225960731506 843
1607613648987 0.35305655002593994 844
1607613649192 0.35276561975479126 845
1607613649396 0.3527311384677887 846
1607613649600 0.3528299331665039 847
1607613649803 0.3526037633419037 848
1607613650008 0.3529561460018158 849
1607613650211 0.3527727723121643 850
1607613650423 0.3531777262687683 851
1607613650629 0.35311633348464966 852
1607613650837 0.3530994653701782 853
1607613651064 0.3529282808303833 854
1607613651271 0.352758526802063 855
1607613651474 0.35240834951400757 856
1607613651677 0.35243865847587585 857
1607613651879 0.3523402214050293 858
1607613652083 0.3525671660900116 859
1607613652296 0.35278409719467163 860
1607613652500 0.35358870029449463 861
1607613652728 0.3540283441543579 862
1607613652938 0.35432755947113037 863
1607613653143 0.35473430156707764 864
1607613653345 0.35452473163604736 865
1607613653566 0.3543704152107239 866
1607613653769 0.3534553050994873 867
1607613653967 0.35327818989753723 868
1607613654175 0.3530174791812897 869
1607613654401 0.35308727622032166 870
1607613654631 0.35309329628944397 871
1607613654872 0.3535888195037842 872
1607613655119 0.35407117009162903 873
1607613655359 0.35480472445487976 874
1607613655576 0.35528242588043213 875
1607613655813 0.35549435019493103 876
1607613656027 0.3555859923362732 877
1607613656273 0.3552371859550476 878
1607613656504 0.35478460788726807 879
1607613656750 0.3539029061794281 880
1607613656960 0.3539023697376251 881
1607613657164 0.3536451756954193 882
1607613657370 0.353097528219223 883
1607613657572 0.352938175201416 884
1607613657774 0.3523441255092621 885
1607613657978 0.35249581933021545 886
1607613658184 0.3521518409252167 887
1607613658392 0.35262542963027954 888
1607613658602 0.35287269949913025 889
1607613658818 0.35356107354164124 890
1607613659035 0.3541988432407379 891
1607613659245 0.3547448515892029 892
1607613659451 0.3558031916618347 893
1607613659652 0.3556549549102783 894
1607613659857 0.35545286536216736 895
1607613660078 0.35480111837387085 896
1607613660284 0.3545698821544647 897
1607613660492 0.35358983278274536 898
1607613660701 0.3532756567001343 899
1607613660926 0.3526104986667633 900
1607613661136 0.3522516191005707 901
1607613661351 0.3524295687675476 902
1607613661567 0.3521483838558197 903
1607613661774 0.35300347208976746 904
1607613661989 0.35274001955986023 905
1607613662197 0.3534321188926697 906
1607613662410 0.3533487915992737 907
1607613662619 0.3533419966697693 908
1607613662827 0.35363519191741943 909
1607613663034 0.3530191481113434 910
1607613663238 0.3532935380935669 911
1607613663448 0.35275495052337646 912
1607613663653 0.35301828384399414 913
1607613663869 0.3529963195323944 914
1607613664075 0.35304370522499084 915
1607613664286 0.35285529494285583 916
1607613664500 0.3530910313129425 917
1607613664709 0.35290366411209106 918
1607613664924 0.35317274928092957 919
1607613665127 0.35298073291778564 920
1607613665336 0.3530377447605133 921
1607613665546 0.35304978489875793 922
1607613665766 0.3527339994907379 923
1607613665976 0.35282382369041443 924
1607613666185 0.3526820242404938 925
1607613666394 0.3527902364730835 926
1607613666610 0.35277989506721497 927
1607613666814 0.35233384370803833 928
1607613667014 0.35242488980293274 929
1607613667214 0.35174399614334106 930
1607613667414 0.3518322706222534 931
1607613667622 0.3512424826622009 932
1607613667827 0.3512295186519623 933
1607613668037 0.35095861554145813 934
1607613668241 0.3514469563961029 935
1607613668452 0.3514217138290405 936
1607613668668 0.3526349365711212 937
1607613668894 0.3530014455318451 938
1607613669108 0.35367000102996826 939
1607613669315 0.3542836606502533 940
1607613669532 0.35418397188186646 941
1607613669744 0.35448190569877625 942
1607613669980 0.3540523648262024 943
1607613670204 0.3540843725204468 944
1607613670420 0.35331660509109497 945
1607613670631 0.3535926043987274 946
1607613670875 0.35303089022636414 947
1607613671086 0.3533058762550354 948
1607613671289 0.352752149105072 949
1607613671520 0.3527740240097046 950
1607613671746 0.3524611294269562 951
1607613671965 0.3527054786682129 952
1607613672171 0.3522985875606537 953
1607613672418 0.3522700071334839 954
1607613672646 0.35211533308029175 955
1607613672859 0.35243746638298035 956
1607613673082 0.35233113169670105 957
1607613673290 0.3529594838619232 958
1607613673519 0.3527616262435913 959
1607613673739 0.3532271981239319 960
1607613673972 0.35330891609191895 961
1607613674199 0.3532990515232086 962
1607613674429 0.3535348176956177 963
1607613674662 0.35274383425712585 964
1607613674882 0.3528768718242645 965
1607613675096 0.3525388836860657 966
1607613675308 0.352707177400589 967
1607613675525 0.35260263085365295 968
1607613675732 0.3522679805755615 969
1607613675944 0.3524117171764374 970
1607613676151 0.3521386384963989 971
1607613676367 0.35208550095558167 972
1607613676575 0.352045476436615 973
1607613676779 0.35168886184692383 974
1607613676979 0.3519260287284851 975
1607613677179 0.35168129205703735 976
1607613677386 0.3518439531326294 977
1607613677593 0.3518889546394348 978
1607613677804 0.3523131310939789 979
1607613678015 0.35227417945861816 980
1607613678228 0.35268092155456543 981
1607613678434 0.3521152436733246 982
1607613678646 0.35236358642578125 983
1607613678856 0.3519234359264374 984
1607613679066 0.3516228199005127 985
1607613679273 0.3514981269836426 986
1607613679478 0.3510688245296478 987
1607613679692 0.3512508273124695 988
1607613679910 0.35122355818748474 989
1607613680121 0.3510279059410095 990
1607613680335 0.35160183906555176 991
1607613680548 0.3514585494995117 992
1607613680761 0.35213300585746765 993
1607613680974 0.35219278931617737 994
1607613681189 0.35263338685035706 995
1607613681395 0.3527463972568512 996
1607613681611 0.3531632423400879 997
1607613681829 0.3530963659286499 998
1607613682043 0.3531697988510132 999
