1607612402110 0.47398513555526733 0
1607612402243 0.46659961342811584 1
1607612402369 0.45636284351348877 2
1607612402485 0.4499416649341583 3
1607612402608 0.4445090889930725 4
1607612402737 0.4411567747592926 5
1607612402858 0.43953949213027954 6
1607612402990 0.43872228264808655 7
1607612403118 0.43702009320259094 8
1607612403264 0.43637165427207947 9
1607612403384 0.43608778715133667 10
1607612403498 0.4352104961872101 11
1607612403615 0.43409523367881775 12
1607612403741 0.43271154165267944 13
1607612403868 0.4315014183521271 14
1607612404009 0.43140077590942383 15
1607612404139 0.43065354228019714 16
1607612404256 0.43034160137176514 17
1607612404390 0.4297182559967041 18
1607612404523 0.42917633056640625 19
1607612404646 0.4290209114551544 20
1607612404766 0.4289989769458771 21
1607612404886 0.4294265806674957 22
1607612405009 0.4273182153701782 23
1607612405134 0.42540645599365234 24
1607612405262 0.4235193431377411 25
1607612405395 0.42219415307044983 26
1607612405521 0.4218638837337494 27
1607612405642 0.4220322072505951 28
1607612405766 0.4210983216762543 29
1607612405886 0.41934433579444885 30
1607612406010 0.41740289330482483 31
1607612406143 0.41654229164123535 32
1607612406273 0.41578829288482666 33
1607612406392 0.4155489206314087 34
1607612406508 0.4162819981575012 35
1607612406636 0.4170911908149719 36
1607612406761 0.41699671745300293 37
1607612406888 0.4149702191352844 38
1607612407023 0.4123418927192688 39
1607612407153 0.41074830293655396 40
1607612407282 0.40952929854393005 41
1607612407412 0.4087674915790558 42
1607612407551 0.4080785810947418 43
1607612407705 0.40817853808403015 44
1607612407836 0.4082052409648895 45
1607612407968 0.4077628552913666 46
1607612408096 0.4075220227241516 47
1607612408225 0.40661340951919556 48
1607612408361 0.4054534137248993 49
1607612408500 0.4047427475452423 50
1607612408633 0.40430814027786255 51
1607612408780 0.4038763642311096 52
1607612408923 0.40299248695373535 53
1607612409058 0.4018329083919525 54
1607612409187 0.4019013047218323 55
1607612409309 0.4010396897792816 56
1607612409432 0.40091395378112793 57
1607612409553 0.40080228447914124 58
1607612409687 0.4006887376308441 59
1607612409817 0.39999818801879883 60
1607612409944 0.39828744530677795 61
1607612410077 0.3984609544277191 62
1607612410211 0.3967116177082062 63
1607612410355 0.39667969942092896 64
1607612410491 0.39622291922569275 65
1607612410631 0.3958333730697632 66
1607612410758 0.39586010575294495 67
1607612410885 0.395538866519928 68
1607612411006 0.39538949728012085 69
1607612411133 0.3948744833469391 70
1607612411272 0.39376839995384216 71
1607612411393 0.3926032483577728 72
1607612411518 0.39201807975769043 73
1607612411643 0.3921404778957367 74
1607612411760 0.391695499420166 75
1607612411882 0.39099135994911194 76
1607612412013 0.390596866607666 77
1607612412131 0.3898901343345642 78
1607612412271 0.38949689269065857 79
1607612412411 0.390336811542511 80
1607612412551 0.38983216881752014 81
1607612412691 0.38949552178382874 82
1607612412816 0.38907456398010254 83
1607612412965 0.38792684674263 84
1607612413106 0.38789063692092896 85
1607612413258 0.3879741430282593 86
1607612413412 0.3873707354068756 87
1607612413562 0.38699838519096375 88
1607612413699 0.3867846131324768 89
1607612413825 0.386217325925827 90
1607612413956 0.38621366024017334 91
1607612414098 0.3860989511013031 92
1607612414227 0.3853198289871216 93
1607612414345 0.38440290093421936 94
1607612414485 0.38363027572631836 95
1607612414618 0.3835814595222473 96
1607612414758 0.38319119811058044 97
1607612414882 0.38288062810897827 98
1607612415014 0.3830687701702118 99
1607612415143 0.3821057975292206 100
1607612415290 0.38141533732414246 101
1607612415437 0.3806554675102234 102
1607612415592 0.38087767362594604 103
1607612415757 0.3805227279663086 104
1607612415901 0.3807566165924072 105
1607612416036 0.3807094991207123 106
1607612416177 0.3804798126220703 107
1607612416323 0.37914445996284485 108
1607612416462 0.37871602177619934 109
1607612416603 0.37800589203834534 110
1607612416741 0.377634197473526 111
1607612416869 0.37777450680732727 112
1607612417004 0.3782441020011902 113
1607612417127 0.37824368476867676 114
1607612417253 0.3785915970802307 115
1607612417384 0.37794482707977295 116
1607612417518 0.37770357728004456 117
1607612417646 0.3769872486591339 118
1607612417764 0.37641197443008423 119
1607612417889 0.37660956382751465 120
1607612418026 0.3767441213130951 121
1607612418158 0.3768952488899231 122
1607612418281 0.37761273980140686 123
1607612418416 0.3785645663738251 124
1607612418537 0.3790590167045593 125
1607612418664 0.37859880924224854 126
1607612418784 0.37861815094947815 127
1607612418906 0.37695738673210144 128
1607612419027 0.37627819180488586 129
1607612419146 0.37567535042762756 130
1607612419272 0.3759640157222748 131
1607612419392 0.37626466155052185 132
1607612419519 0.3772719204425812 133
1607612419637 0.37723416090011597 134
1607612419755 0.3758235573768616 135
1607612419877 0.3747921288013458 136
1607612419993 0.37326329946517944 137
1607612420108 0.3727424144744873 138
1607612420227 0.3721129596233368 139
1607612420360 0.3714836537837982 140
1607612420624 0.3716442286968231 141
1607612420756 0.3716377019882202 142
1607612420882 0.3722081780433655 143
1607612421000 0.37269651889801025 144
1607612421130 0.37283843755722046 145
1607612421260 0.3725752830505371 146
1607612421385 0.37275588512420654 147
1607612421506 0.3719075620174408 148
1607612421635 0.371969074010849 149
1607612421754 0.37084320187568665 150
1607612421870 0.37116357684135437 151
1607612421986 0.370898574590683 152
1607612422107 0.3711138665676117 153
1607612422248 0.3717629313468933 154
1607612422369 0.37180647253990173 155
1607612422490 0.37244483828544617 156
1607612422614 0.37337547540664673 157
1607612422742 0.3729756772518158 158
1607612422886 0.37345170974731445 159
1607612423008 0.3730558454990387 160
1607612423133 0.3722681701183319 161
1607612423261 0.37191465497016907 162
1607612423397 0.371050089597702 163
1607612423520 0.37062427401542664 164
1607612423641 0.3697233498096466 165
1607612423763 0.3693414628505707 166
1607612423914 0.3691674470901489 167
1607612424036 0.36952340602874756 168
1607612424157 0.3698156177997589 169
1607612424272 0.37038668990135193 170
1607612424412 0.36995819211006165 171
1607612424533 0.37036484479904175 172
1607612424660 0.3699367344379425 173
1607612424776 0.3700176775455475 174
1607612424898 0.3693263530731201 175
1607612425033 0.36898499727249146 176
1607612425157 0.3687497675418854 177
1607612425276 0.3684721887111664 178
1607612425394 0.36832109093666077 179
1607612425542 0.3682841658592224 180
1607612425673 0.3682442903518677 181
1607612425794 0.36932066082954407 182
1607612425917 0.3701136112213135 183
1607612426035 0.3702097237110138 184
1607612426173 0.3717465102672577 185
1607612426299 0.3705787658691406 186
1607612426424 0.3698757290840149 187
1607612426544 0.36843791604042053 188
1607612426677 0.3676145076751709 189
1607612426825 0.36724674701690674 190
1607612426980 0.36738330125808716 191
1607612427129 0.36746975779533386 192
1607612427311 0.3677321970462799 193
1607612427465 0.3681756854057312 194
1607612427614 0.3688472807407379 195
1607612427741 0.36873355507850647 196
1607612427861 0.3694468140602112 197
1607612427976 0.36899229884147644 198
1607612428099 0.3690224289894104 199
1607612428217 0.3691539168357849 200
1607612428337 0.3688396215438843 201
1607612428454 0.36885592341423035 202
1607612428576 0.36782321333885193 203
1607612428706 0.3675520122051239 204
1607612428842 0.3665584921836853 205
1607612428965 0.3663251996040344 206
1607612429095 0.3661107122898102 207
1607612429235 0.36608177423477173 208
1607612429364 0.3665352463722229 209
1607612429493 0.36649593710899353 210
1607612429622 0.36648648977279663 211
1607612429739 0.36573562026023865 212
1607612429863 0.36608177423477173 213
1607612429986 0.3651403486728668 214
1607612430107 0.36530423164367676 215
1607612430226 0.36498722434043884 216
1607612430353 0.3648260533809662 217
1607612430489 0.364889919757843 218
1607612430608 0.3653165400028229 219
1607612430726 0.3657531440258026 220
1607612430843 0.36640697717666626 221
1607612430971 0.36652758717536926 222
1607612431091 0.3660810589790344 223
1607612431214 0.3655039966106415 224
1607612431362 0.3655323088169098 225
1607612431488 0.36509716510772705 226
1607612431616 0.36558493971824646 227
1607612431736 0.36468982696533203 228
1607612431859 0.3652248978614807 229
1607612431988 0.3652741312980652 230
1607612432129 0.3658832907676697 231
1607612432281 0.36638519167900085 232
1607612432430 0.3661690354347229 233
1607612432556 0.3660915195941925 234
1607612432678 0.3652692437171936 235
1607612432808 0.3653130829334259 236
1607612432960 0.36423224210739136 237
1607612433114 0.36408519744873047 238
1607612433263 0.3638875186443329 239
1607612433389 0.36445558071136475 240
1607612433540 0.36456307768821716 241
1607612433688 0.3655673563480377 242
1607612433818 0.36587539315223694 243
1607612433942 0.3663089871406555 244
1607612434097 0.36669933795928955 245
1607612434228 0.3657986521720886 246
1607612434346 0.36543455719947815 247
1607612434469 0.3656206429004669 248
1607612434587 0.36488908529281616 249
1607612434713 0.3642904758453369 250
1607612434830 0.3639419376850128 251
1607612434959 0.36308684945106506 252
1607612435077 0.3629107177257538 253
1607612435201 0.3628215193748474 254
1607612435327 0.3632254898548126 255
1607612435446 0.36371541023254395 256
1607612435564 0.3648814260959625 257
1607612435682 0.36524727940559387 258
1607612435802 0.36560651659965515 259
1607612435928 0.36584508419036865 260
1607612436053 0.36487990617752075 261
1607612436176 0.3639831840991974 262
1607612436298 0.36283621191978455 263
1607612436418 0.3621399700641632 264
1607612436540 0.3613315522670746 265
1607612436666 0.36079099774360657 266
1607612436794 0.3603605628013611 267
1607612436916 0.360658198595047 268
1607612437038 0.3605077564716339 269
1607612437153 0.360925555229187 270
1607612437271 0.36162352561950684 271
1607612437396 0.36234810948371887 272
1607612437519 0.36344659328460693 273
1607612437639 0.36456099152565 274
1607612437757 0.3651927709579468 275
1607612437874 0.3652644157409668 276
1607612437989 0.3646172285079956 277
1607612438110 0.36365196108818054 278
1607612438226 0.36302733421325684 279
1607612438343 0.362134724855423 280
1607612438470 0.36168161034584045 281
1607612438590 0.3615201711654663 282
1607612438717 0.3622561991214752 283
1607612438834 0.3629288971424103 284
1607612438952 0.36372584104537964 285
1607612439074 0.3640783131122589 286
1607612439193 0.3644504249095917 287
1607612439310 0.3645402491092682 288
1607612439431 0.36439910531044006 289
1607612439556 0.36395230889320374 290
1607612439679 0.362540066242218 291
1607612439805 0.36198073625564575 292
1607612439935 0.36108455061912537 293
1607612440061 0.36132022738456726 294
1607612440186 0.36073970794677734 295
1607612440315 0.36075958609580994 296
1607612440429 0.36060717701911926 297
1607612440545 0.3604450225830078 298
1607612440673 0.36081463098526 299
1607612440795 0.36109620332717896 300
1607612440921 0.3608826696872711 301
1607612441047 0.3618059754371643 302
1607612441166 0.3619050085544586 303
1607612441290 0.36191999912261963 304
1607612441425 0.3620245158672333 305
1607612441548 0.3616492748260498 306
1607612441666 0.36184385418891907 307
1607612441786 0.3619645833969116 308
1607612441911 0.3617120683193207 309
1607612442059 0.3614429533481598 310
1607612442189 0.36068904399871826 311
1607612442306 0.3601842522621155 312
1607612442426 0.35984840989112854 313
1607612442546 0.3598500192165375 314
1607612442685 0.3595370352268219 315
1607612442818 0.3594432771205902 316
1607612442944 0.3595867156982422 317
1607612443068 0.35971397161483765 318
1607612443193 0.3601580560207367 319
1607612443338 0.36086487770080566 320
1607612443489 0.3610914945602417 321
1607612443616 0.36170992255210876 322
1607612443748 0.36192214488983154 323
1607612443876 0.36244431138038635 324
1607612444000 0.36235132813453674 325
1607612444134 0.36195990443229675 326
1607612444280 0.3610333800315857 327
1607612444425 0.36045873165130615 328
1607612444580 0.3596302568912506 329
1607612444744 0.35947683453559875 330
1607612444896 0.35902830958366394 331
1607612445029 0.358930766582489 332
1607612445179 0.35894882678985596 333
1607612445305 0.3590468764305115 334
1607612445453 0.35957321524620056 335
1607612445580 0.35946404933929443 336
1607612445707 0.35979902744293213 337
1607612445856 0.3594290316104889 338
1607612446008 0.3595291078090668 339
1607612446133 0.35924994945526123 340
1607612446256 0.35924848914146423 341
1607612446375 0.35895276069641113 342
1607612446496 0.35972723364830017 343
1607612446622 0.3603341579437256 344
1607612446746 0.36083829402923584 345
1607612446870 0.36141639947891235 346
1607612446993 0.36105459928512573 347
1607612447116 0.36147138476371765 348
1607612447237 0.36062225699424744 349
1607612447364 0.36043277382850647 350
1607612447485 0.3601577877998352 351
1607612447605 0.35979536175727844 352
1607612447741 0.3605915904045105 353
1607612447866 0.3606290817260742 354
1607612447991 0.360958456993103 355
1607612448115 0.3607628047466278 356
1607612448236 0.3602595925331116 357
1607612448358 0.35987481474876404 358
1607612448481 0.3589667081832886 359
1607612448608 0.359051913022995 360
1607612448729 0.3585965037345886 361
1607612448859 0.35897475481033325 362
1607612448976 0.3584299385547638 363
1607612449093 0.3589155077934265 364
1607612449213 0.3587442934513092 365
1607612449335 0.3594399094581604 366
1607612449456 0.3593374788761139 367
1607612449583 0.3593730628490448 368
1607612449704 0.3592006266117096 369
1607612449824 0.35940834879875183 370
1607612449952 0.3593570590019226 371
1607612450071 0.36007076501846313 372
1607612450188 0.3597521185874939 373
1607612450308 0.36074328422546387 374
1607612450431 0.3596910238265991 375
1607612450553 0.3601215183734894 376
1607612450670 0.3591635525226593 377
1607612450795 0.3588574528694153 378
1607612450916 0.3582477867603302 379
1607612451044 0.3582347333431244 380
1607612451167 0.35848695039749146 381
1607612451288 0.35834187269210815 382
1607612451410 0.3584633469581604 383
1607612451528 0.3585205376148224 384
1607612451669 0.3589153587818146 385
1607612451789 0.3590141236782074 386
1607612451909 0.3593466281890869 387
1607612452029 0.3587755560874939 388
1607612452167 0.3591054379940033 389
1607612452310 0.3593496084213257 390
1607612452438 0.3594101369380951 391
1607612452557 0.3604406416416168 392
1607612452684 0.3600448668003082 393
1607612452827 0.36010006070137024 394
1607612452953 0.3604327142238617 395
1607612453080 0.3597928285598755 396
1607612453201 0.3596837818622589 397
1607612453335 0.3588181436061859 398
1607612453493 0.3584602475166321 399
1607612453622 0.35801857709884644 400
1607612453747 0.35792964696884155 401
1607612453873 0.35779955983161926 402
1607612453994 0.3578075170516968 403
1607612454140 0.35760483145713806 404
1607612454265 0.3576500415802002 405
1607612454382 0.3576580882072449 406
1607612454508 0.35794544219970703 407
1607612454657 0.35822993516921997 408
1607612454784 0.35812583565711975 409
1607612454914 0.3581897020339966 410
1607612455041 0.3580086827278137 411
1607612455162 0.35797733068466187 412
1607612455293 0.3579992353916168 413
1607612455421 0.35778698325157166 414
1607612455536 0.3581150472164154 415
1607612455658 0.3583139479160309 416
1607612455775 0.3582625389099121 417
1607612455923 0.35829398036003113 418
1607612456050 0.35789522528648376 419
1607612456172 0.3575232923030853 420
1607612456289 0.35682427883148193 421
1607612456406 0.35638514161109924 422
1607612456547 0.3563021719455719 423
1607612456693 0.35624992847442627 424
1607612456852 0.35640275478363037 425
1607612457014 0.35698410868644714 426
1607612457168 0.35730037093162537 427
1607612457293 0.35823705792427063 428
1607612457444 0.35811030864715576 429
1607612457594 0.35814976692199707 430
1607612457758 0.35809409618377686 431
1607612457891 0.35784974694252014 432
1607612458008 0.3575863838195801 433
1607612458130 0.35708510875701904 434
1607612458247 0.3569704294204712 435
1607612458365 0.3567273020744324 436
1607612458488 0.3572283387184143 437
1607612458610 0.35685527324676514 438
1607612458731 0.35741379857063293 439
1607612458852 0.35717281699180603 440
1607612458971 0.35743868350982666 441
1607612459097 0.357694536447525 442
1607612459224 0.3578784763813019 443
1607612459346 0.35835689306259155 444
1607612459473 0.3581981062889099 445
1607612459596 0.35793522000312805 446
1607612459721 0.3576233983039856 447
1607612459848 0.35718342661857605 448
1607612459974 0.35674867033958435 449
1607612460093 0.3566977381706238 450
1607612460221 0.35648074746131897 451
1607612460352 0.357174277305603 452
1607612460491 0.35695698857307434 453
1607612460635 0.3572395145893097 454
1607612460778 0.35758495330810547 455
1607612460918 0.35717418789863586 456
1607612461047 0.3570162355899811 457
1607612461182 0.35659030079841614 458
1607612461314 0.3562692403793335 459
1607612461445 0.3561478555202484 460
1607612461580 0.35577499866485596 461
1607612461714 0.35542356967926025 462
1607612461876 0.3560997545719147 463
1607612462038 0.35621997714042664 464
1607612462186 0.3563649356365204 465
1607612462310 0.35625556111335754 466
1607612462435 0.35649317502975464 467
1607612462575 0.35628265142440796 468
1607612462717 0.35654139518737793 469
1607612462860 0.355917364358902 470
1607612462996 0.35573458671569824 471
1607612463144 0.35536518692970276 472
1607612463303 0.3554214537143707 473
1607612463443 0.3554564416408539 474
1607612463582 0.3554765582084656 475
1607612463716 0.35552269220352173 476
1607612463853 0.3560289740562439 477
1607612464001 0.3566426932811737 478
1607612464146 0.35716119408607483 479
1607612464292 0.35717037320137024 480
1607612464455 0.3573963940143585 481
1607612464599 0.3569799065589905 482
1607612464747 0.3570546805858612 483
1607612464895 0.356576532125473 484
1607612465047 0.3566151559352875 485
1607612465187 0.3560958206653595 486
1607612465306 0.3565371036529541 487
1607612465439 0.3561162054538727 488
1607612465583 0.35625216364860535 489
1607612465709 0.355917751789093 490
1607612465830 0.3558019697666168 491
1607612465958 0.35583892464637756 492
1607612466080 0.3556874096393585 493
1607612466221 0.35590416193008423 494
1607612466358 0.35616326332092285 495
1607612466480 0.3564114570617676 496
1607612466623 0.3567831218242645 497
1607612466757 0.3567955493927002 498
1607612466904 0.35669559240341187 499
1607612467056 0.3565959632396698 500
1607612467181 0.35595259070396423 501
1607612467333 0.35584455728530884 502
1607612467464 0.35556352138519287 503
1607612467615 0.35542890429496765 504
1607612467772 0.35562562942504883 505
1607612467934 0.35548755526542664 506
1607612468094 0.35596123337745667 507
1607612468223 0.3572644591331482 508
1607612468353 0.3570791780948639 509
1607612468470 0.35791948437690735 510
1607612468593 0.3570617437362671 511
1607612468711 0.35707148909568787 512
1607612468840 0.3562970757484436 513
1607612468962 0.35568809509277344 514
1607612469094 0.3556540608406067 515
1607612469231 0.35494765639305115 516
1607612469367 0.3553158640861511 517
1607612469512 0.3552049398422241 518
1607612469646 0.35524696111679077 519
1607612469782 0.3556094169616699 520
1607612469918 0.35563015937805176 521
1607612470043 0.35636818408966064 522
1607612470161 0.35643982887268066 523
1607612470290 0.3567689061164856 524
1607612470408 0.3564627766609192 525
1607612470533 0.35660526156425476 526
1607612470657 0.3563046455383301 527
1607612470780 0.35600706934928894 528
1607612470905 0.3551405668258667 529
1607612471026 0.354525625705719 530
1607612471142 0.3543913662433624 531
1607612471263 0.35422831773757935 532
1607612471389 0.3541361689567566 533
1607612471507 0.3540177047252655 534
1607612471632 0.3543606102466583 535
1607612471752 0.35422319173812866 536
1607612471877 0.35436803102493286 537
1607612472005 0.35432374477386475 538
1607612472137 0.35414740443229675 539
1607612472285 0.35462039709091187 540
1607612472422 0.3542981743812561 541
1607612472565 0.35462793707847595 542
1607612472693 0.3551287055015564 543
1607612472835 0.3554729223251343 544
1607612472967 0.3559192717075348 545
1607612473099 0.3557542562484741 546
1607612473224 0.3562227189540863 547
1607612473377 0.3557272255420685 548
1607612473516 0.3560185730457306 549
1607612473641 0.3553657531738281 550
1607612473778 0.35499757528305054 551
1607612473931 0.35483518242836 552
1607612474071 0.35455137491226196 553
1607612474199 0.35424789786338806 554
1607612474326 0.3540123701095581 555
1607612474467 0.3540990650653839 556
1607612474598 0.3542444407939911 557
1607612474729 0.35497164726257324 558
1607612474859 0.35515323281288147 559
1607612474999 0.3553280830383301 560
1607612475151 0.35546764731407166 561
1607612475284 0.3549588918685913 562
1607612475411 0.3546175956726074 563
1607612475533 0.3541603088378906 564
1607612475668 0.35364121198654175 565
1607612475834 0.35390543937683105 566
1607612475984 0.3537670373916626 567
1607612476109 0.35452133417129517 568
1607612476244 0.3546041250228882 569
1607612476369 0.35514941811561584 570
1607612476520 0.35515326261520386 571
1607612476647 0.3551613986492157 572
1607612476781 0.35504356026649475 573
1607612476911 0.3546283543109894 574
1607612477040 0.35450682044029236 575
1607612477186 0.35376349091529846 576
1607612477337 0.353647381067276 577
1607612477472 0.3534344732761383 578
1607612477765 0.3533966839313507 579
1607612477891 0.35366296768188477 580
1607612478020 0.3543015718460083 581
1607612478148 0.35508376359939575 582
1607612478304 0.3560115694999695 583
1607612478451 0.35713621973991394 584
1607612478591 0.3573302924633026 585
1607612478754 0.35797879099845886 586
1607612478908 0.3572748601436615 587
1607612479059 0.35699671506881714 588
1607612479219 0.35524243116378784 589
1607612479344 0.35446956753730774 590
1607612479470 0.35358601808547974 591
1607612479590 0.3531552851200104 592
1607612479709 0.35262399911880493 593
1607612479826 0.35253509879112244 594
1607612479948 0.35222169756889343 595
1607612480077 0.3524150252342224 596
1607612480194 0.3522332012653351 597
1607612480320 0.35289832949638367 598
1607612480441 0.35325729846954346 599
1607612480560 0.353214830160141 600
1607612480675 0.35388243198394775 601
1607612480794 0.3535589575767517 602
1607612480920 0.35408973693847656 603
1607612481045 0.35359135270118713 604
1607612481169 0.35371923446655273 605
1607612481283 0.3531849682331085 606
1607612481401 0.353410929441452 607
1607612481519 0.3530011773109436 608
1607612481635 0.35363832116127014 609
1607612481753 0.353830486536026 610
1607612481883 0.35426655411720276 611
1607612482019 0.3546704053878784 612
1607612482139 0.3549676537513733 613
1607612482256 0.3551352322101593 614
1607612482380 0.3550094664096832 615
1607612482503 0.3542637526988983 616
1607612482625 0.3533285856246948 617
1607612482770 0.3530814051628113 618
1607612482903 0.3525732159614563 619
1607612483033 0.35279709100723267 620
1607612483170 0.3523004949092865 621
1607612483296 0.3528614342212677 622
1607612483422 0.35272207856178284 623
1607612483545 0.3536809980869293 624
1607612483695 0.3537520468235016 625
1607612483840 0.35445648431777954 626
1607612483964 0.3537856936454773 627
1607612484118 0.35371485352516174 628
1607612484276 0.35328876972198486 629
1607612484434 0.35312193632125854 630
1607612484588 0.3528984785079956 631
1607612484742 0.35295313596725464 632
1607612484874 0.35270822048187256 633
1607612485028 0.3538080155849457 634
1607612485165 0.35370439291000366 635
1607612485322 0.3545297086238861 636
1607612485472 0.3544956147670746 637
1607612485630 0.3544301986694336 638
1607612485787 0.3542035222053528 639
1607612485911 0.35387709736824036 640
1607612486033 0.35344043374061584 641
1607612486155 0.3530105948448181 642
1607612486275 0.35300886631011963 643
1607612486402 0.35270777344703674 644
1607612486519 0.3528537154197693 645
1607612486643 0.3528198301792145 646
1607612486775 0.3531815707683563 647
1607612486909 0.35360050201416016 648
1607612487040 0.3541966676712036 649
1607612487163 0.3546448349952698 650
1607612487292 0.3550119698047638 651
1607612487416 0.354586124420166 652
1607612487537 0.3551204800605774 653
1607612487667 0.3539260923862457 654
1607612487788 0.3537502586841583 655
1607612487910 0.35293838381767273 656
1607612488043 0.3526550829410553 657
1607612488163 0.35232892632484436 658
1607612488283 0.3519948422908783 659
1607612488407 0.3522582948207855 660
1607612488533 0.3524540066719055 661
1607612488652 0.3522903025150299 662
1607612488793 0.3525262176990509 663
1607612488943 0.35214725136756897 664
1607612489102 0.3526064157485962 665
1607612489259 0.35259270668029785 666
1607612489386 0.35256069898605347 667
1607612489513 0.35260239243507385 668
1607612489659 0.35205015540122986 669
1607612489797 0.35245683789253235 670
1607612489946 0.3525024354457855 671
1607612490085 0.3529641628265381 672
1607612490208 0.3525978922843933 673
1607612490332 0.3530731797218323 674
1607612490452 0.353147953748703 675
1607612490568 0.35339587926864624 676
1607612490689 0.35396474599838257 677
1607612490815 0.35385408997535706 678
1607612490936 0.35378509759902954 679
1607612491056 0.35368964076042175 680
1607612491178 0.3532664477825165 681
1607612491302 0.35298436880111694 682
1607612491431 0.352340966463089 683
1607612491560 0.3519185483455658 684
1607612491696 0.35140711069107056 685
1607612491820 0.3509371280670166 686
1607612491942 0.35093173384666443 687
1607612492075 0.3509047329425812 688
1607612492196 0.3512287139892578 689
1607612492312 0.3514062166213989 690
1607612492428 0.35177356004714966 691
1607612492556 0.35246890783309937 692
1607612492684 0.3526310622692108 693
1607612492808 0.35275498032569885 694
1607612492931 0.3533076047897339 695
1607612493056 0.3537026047706604 696
1607612493178 0.354481965303421 697
1607612493305 0.3549550771713257 698
1607612493425 0.3551551103591919 699
1607612493545 0.3553822934627533 700
1607612493676 0.3550274968147278 701
1607612493806 0.3545628786087036 702
1607612493942 0.3545725643634796 703
1607612494080 0.35433584451675415 704
1607612494241 0.35427430272102356 705
1607612494376 0.35414227843284607 706
1607612494504 0.3543042838573456 707
1607612494664 0.3534987270832062 708
1607612494812 0.3532906472682953 709
1607612494955 0.3521074652671814 710
1607612495082 0.3517466187477112 711
1607612495211 0.35068631172180176 712
1607612495338 0.3502310514450073 713
1607612495458 0.34981125593185425 714
1607612495580 0.34937143325805664 715
1607612495708 0.3495250642299652 716
1607612495828 0.34965959191322327 717
1607612495950 0.3498918116092682 718
1607612496077 0.3506918251514435 719
1607612496197 0.35119226574897766 720
1607612496316 0.3526219427585602 721
1607612496441 0.35330280661582947 722
1607612496567 0.353902131319046 723
1607612496685 0.3537181615829468 724
1607612496803 0.3535933792591095 725
1607612496921 0.3530111312866211 726
1607612497041 0.3528718948364258 727
1607612497174 0.3516208529472351 728
1607612497302 0.3516002297401428 729
1607612497442 0.35064831376075745 730
1607612497565 0.3508950471878052 731
1607612497690 0.35054683685302734 732
1607612497834 0.35095250606536865 733
1607612497954 0.35131242871284485 734
1607612498080 0.35208040475845337 735
1607612498230 0.3525356650352478 736
1607612498393 0.3527430295944214 737
1607612498547 0.3530190885066986 738
1607612498697 0.35255423188209534 739
1607612498871 0.351833313703537 740
1607612499021 0.35120585560798645 741
1607612499150 0.3509690463542938 742
1607612499278 0.35083648562431335 743
1607612499404 0.35151204466819763 744
1607612499535 0.351790189743042 745
1607612499685 0.3530747592449188 746
1607612499818 0.3544161915779114 747
1607612499943 0.3552541136741638 748
1607612500082 0.35590943694114685 749
1607612500234 0.355548232793808 750
1607612500382 0.3547862470149994 751
1607612500564 0.3537352681159973 752
1607612500720 0.35240840911865234 753
1607612500852 0.3513597249984741 754
1607612500988 0.3505956530570984 755
1607612501136 0.3501843810081482 756
1607612501295 0.35033363103866577 757
1607612501454 0.3501688539981842 758
1607612501608 0.35053586959838867 759
1607612501751 0.3506409227848053 760
1607612501888 0.3512991964817047 761
1607612502028 0.35133275389671326 762
1607612502175 0.35213929414749146 763
1607612502328 0.35194724798202515 764
1607612502485 0.35242584347724915 765
1607612502607 0.3523044288158417 766
1607612502725 0.35284289717674255 767
1607612502854 0.3530386984348297 768
1607612502974 0.3537300229072571 769
1607612503099 0.353663831949234 770
1607612503218 0.35439321398735046 771
1607612503340 0.35450834035873413 772
1607612503471 0.35413774847984314 773
1607612503591 0.35299986600875854 774
1607612503711 0.3522145748138428 775
1607612503839 0.3514903783798218 776
1607612503966 0.35124558210372925 777
1607612504098 0.3506143093109131 778
1607612504227 0.35051649808883667 779
1607612504350 0.35054486989974976 780
1607612504472 0.35054442286491394 781
1607612504602 0.3508136570453644 782
1607612504723 0.3508756756782532 783
1607612504844 0.35109615325927734 784
1607612504991 0.3512492775917053 785
1607612505138 0.35124003887176514 786
1607612505292 0.35099658370018005 787
1607612505444 0.351592093706131 788
1607612505599 0.35097864270210266 789
1607612505743 0.351633220911026 790
1607612505920 0.35106050968170166 791
1607612506046 0.3517542779445648 792
1607612506174 0.35209548473358154 793
1607612506296 0.3526283800601959 794
1607612506420 0.35276249051094055 795
1607612506553 0.3525608777999878 796
1607612506676 0.3523639142513275 797
1607612506801 0.3519463539123535 798
1607612506929 0.3515302240848541 799
1607612507065 0.35065957903862 800
1607612507199 0.35031816363334656 801
1607612507323 0.3499971032142639 802
1607612507442 0.349932461977005 803
1607612507564 0.35002362728118896 804
1607612507689 0.34993645548820496 805
1607612507814 0.350404292345047 806
1607612507936 0.35046088695526123 807
1607612508060 0.3505895137786865 808
1607612508193 0.3509179949760437 809
1607612508315 0.3508642613887787 810
1607612508436 0.35148781538009644 811
1607612508576 0.3515515923500061 812
1607612508709 0.3513159155845642 813
1607612508837 0.35171863436698914 814
1607612508962 0.35143783688545227 815
1607612509088 0.3513290286064148 816
1607612509227 0.35082128643989563 817
1607612509357 0.3504001796245575 818
1607612509482 0.35023730993270874 819
1607612509605 0.3504403233528137 820
1607612509733 0.35056301951408386 821
1607612509861 0.3511298894882202 822
1607612509985 0.35194337368011475 823
1607612510111 0.3521616756916046 824
1607612510234 0.3528226315975189 825
1607612510355 0.35195255279541016 826
1607612510487 0.3517604172229767 827
1607612510610 0.35143816471099854 828
1607612510736 0.3509615659713745 829
1607612510858 0.351111501455307 830
1607612510992 0.35130754113197327 831
1607612511129 0.3518528938293457 832
1607612511250 0.3518688380718231 833
1607612511375 0.352853000164032 834
1607612511493 0.3528435230255127 835
1607612511621 0.3533475399017334 836
1607612511741 0.35285046696662903 837
1607612511860 0.35198748111724854 838
1607612511983 0.35169917345046997 839
1607612512106 0.35040661692619324 840
1607612512225 0.35021916031837463 841
1607612512350 0.34949833154678345 842
1607612512474 0.3495165705680847 843
1607612512596 0.3493874669075012 844
1607612512725 0.34983256459236145 845
1607612512847 0.3499178886413574 846
1607612512968 0.3506593108177185 847
1607612513087 0.35112038254737854 848
1607612513207 0.351537823677063 849
1607612513324 0.3521990180015564 850
1607612513448 0.3523908257484436 851
1607612513565 0.35230544209480286 852
1607612513684 0.35242313146591187 853
1607612513815 0.35200852155685425 854
1607612513932 0.3520108163356781 855
1607612514050 0.35146865248680115 856
1607612514173 0.3516071140766144 857
1607612514289 0.3512161672115326 858
1607612514407 0.35103583335876465 859
1607612514525 0.35098907351493835 860
1607612514644 0.35098332166671753 861
1607612514786 0.3509941101074219 862
1607612514922 0.3507540225982666 863
1607612515046 0.3507012128829956 864
1607612515172 0.35064318776130676 865
1607612515292 0.3508210778236389 866
1607612515411 0.3508666753768921 867
1607612515555 0.3508956730365753 868
1607612515681 0.35102033615112305 869
1607612515800 0.350965291261673 870
1607612515914 0.351157009601593 871
1607612516040 0.35088810324668884 872
1607612516184 0.3509611487388611 873
1607612516337 0.3506479263305664 874
1607612516493 0.35087406635284424 875
1607612516618 0.35030263662338257 876
1607612516744 0.3505101799964905 877
1607612516878 0.3502195477485657 878
1607612517032 0.3503074645996094 879
1607612517185 0.3503040373325348 880
1607612517359 0.3501107692718506 881
1607612517503 0.3504336476325989 882
1607612517659 0.3500065207481384 883
1607612517814 0.3505675196647644 884
1607612517958 0.35021957755088806 885
1607612518092 0.3508457839488983 886
1607612518262 0.35020530223846436 887
1607612518405 0.35068321228027344 888
1607612518540 0.34999775886535645 889
1607612518683 0.3504515588283539 890
1607612518839 0.3501238226890564 891
1607612518970 0.3502900302410126 892
1607612519118 0.35050883889198303 893
1607612519257 0.35079044103622437 894
1607612519388 0.3514157235622406 895
1607612519509 0.35171636939048767 896
1607612519637 0.3520536422729492 897
1607612519761 0.35218626260757446 898
1607612519899 0.35174375772476196 899
1607612520055 0.3514920473098755 900
1607612520183 0.3505955934524536 901
1607612520328 0.35050973296165466 902
1607612520464 0.34991011023521423 903
1607612520594 0.34996429085731506 904
1607612520717 0.35013583302497864 905
1607612520836 0.3501802086830139 906
1607612520962 0.35080260038375854 907
1607612521115 0.3511238992214203 908
1607612521261 0.3516191840171814 909
1607612521390 0.35127073526382446 910
1607612521508 0.3511088192462921 911
1607612521631 0.3506027162075043 912
1607612521756 0.3502490520477295 913
1607612521877 0.34975555539131165 914
1607612522007 0.3497210443019867 915
1607612522135 0.34907951951026917 916
1607612522265 0.3495731055736542 917
1607612522389 0.34893497824668884 918
1607612522517 0.3491452634334564 919
1607612522641 0.34912264347076416 920
1607612522760 0.3491460978984833 921
1607612522889 0.34914493560791016 922
1607612523011 0.34954142570495605 923
1607612523136 0.3491378724575043 924
1607612523252 0.34965071082115173 925
1607612523385 0.34949418902397156 926
1607612523520 0.35004398226737976 927
1607612523660 0.3503008484840393 928
1607612523810 0.3511388897895813 929
1607612523953 0.35171446204185486 930
1607612524098 0.35155290365219116 931
1607612524233 0.352032870054245 932
1607612524367 0.3514017164707184 933
1607612524521 0.35086366534233093 934
1607612524678 0.34991198778152466 935
1607612524836 0.349261999130249 936
1607612524982 0.3493584990501404 937
1607612525173 0.3489839434623718 938
1607612525325 0.34904319047927856 939
1607612525478 0.3488692343235016 940
1607612525616 0.34917405247688293 941
1607612525772 0.34905049204826355 942
1607612525909 0.3492315709590912 943
1607612526048 0.3486365079879761 944
1607612526191 0.3487406075000763 945
1607612526322 0.34834563732147217 946
1607612526483 0.3482219874858856 947
1607612526654 0.3483377695083618 948
1607612526804 0.3481157422065735 949
1607612526966 0.34882795810699463 950
1607612527100 0.3490429222583771 951
1607612527236 0.3503080904483795 952
1607612527383 0.35084614157676697 953
1607612527535 0.3517683744430542 954
1607612527679 0.3517630100250244 955
1607612527816 0.35189786553382874 956
1607612527940 0.351057767868042 957
1607612528062 0.35071900486946106 958
1607612528191 0.34993359446525574 959
1607612528328 0.34948673844337463 960
1607612528459 0.34956061840057373 961
1607612528593 0.34954461455345154 962
1607612528719 0.3494887053966522 963
1607612528853 0.34994378685951233 964
1607612528995 0.3497805595397949 965
1607612529146 0.35015401244163513 966
1607612529297 0.34984397888183594 967
1607612529427 0.34978166222572327 968
1607612529583 0.34969961643218994 969
1607612529737 0.34940478205680847 970
1607612529882 0.3494126498699188 971
1607612530040 0.34913933277130127 972
1607612530178 0.34923937916755676 973
1607612530315 0.3491297960281372 974
1607612530445 0.3494485020637512 975
1607612530582 0.3495102524757385 976
1607612530715 0.34970247745513916 977
1607612530842 0.35023418068885803 978
1607612530973 0.35033977031707764 979
1607612531108 0.3513736128807068 980
1607612531237 0.3517635464668274 981
1607612531367 0.352145254611969 982
1607612531495 0.3524956703186035 983
1607612531637 0.35160428285598755 984
1607612531800 0.3519080579280853 985
1607612531956 0.3509974479675293 986
1607612532092 0.3507101237773895 987
1607612532225 0.34975311160087585 988
1607612532363 0.34945008158683777 989
1607612532500 0.3488355278968811 990
1607612532635 0.34880995750427246 991
1607612532775 0.3485834300518036 992
1607612532912 0.34842830896377563 993
1607612533043 0.34892040491104126 994
1607612533166 0.34902483224868774 995
1607612533297 0.3493976294994354 996
1607612533421 0.3498349189758301 997
1607612533549 0.35003772377967834 998
1607612533696 0.35012802481651306 999
