1607666656227 0.4739919602870941 0
1607666656362 0.46464046835899353 1
1607666656500 0.45681387186050415 2
1607666656634 0.4524569511413574 3
1607666656764 0.4463596045970917 4
1607666656896 0.44238606095314026 5
1607666657026 0.4402477443218231 6
1607666657165 0.4390248954296112 7
1607666657292 0.4383850693702698 8
1607666657429 0.4380081593990326 9
1607666657561 0.4372294545173645 10
1607666657694 0.43545499444007874 11
1607666657834 0.4346339702606201 12
1607666657981 0.43403393030166626 13
1607666658119 0.4336509108543396 14
1607666658258 0.4335308074951172 15
1607666658395 0.4317057430744171 16
1607666658534 0.4305627942085266 17
1607666658667 0.42979854345321655 18
1607666658804 0.42946144938468933 19
1607666658936 0.4290993809700012 20
1607666659069 0.42800456285476685 21
1607666659203 0.4269140660762787 22
1607666659338 0.42617475986480713 23
1607666659470 0.42669451236724854 24
1607666659606 0.4253092408180237 25
1607666659738 0.423985093832016 26
1607666659880 0.4227217137813568 27
1607666660020 0.42214879393577576 28
1607666660159 0.42159903049468994 29
1607666660296 0.4210597574710846 30
1607666660431 0.4208235740661621 31
1607666660562 0.419939249753952 32
1607666660696 0.4188339114189148 33
1607666660831 0.4173347055912018 34
1607666660965 0.4160543382167816 35
1607666661103 0.4152625799179077 36
1607666661236 0.41472548246383667 37
1607666661368 0.41500940918922424 38
1607666661496 0.4142993986606598 39
1607666661626 0.413975328207016 40
1607666661760 0.41280850768089294 41
1607666661892 0.4121744930744171 42
1607666662022 0.4118710160255432 43
1607666662157 0.4114496409893036 44
1607666662291 0.4105779826641083 45
1607666662428 0.40876519680023193 46
1607666662558 0.4072851538658142 47
1607666662686 0.40619033575057983 48
1607666662818 0.405937135219574 49
1607666662952 0.40632450580596924 50
1607666663082 0.40528175234794617 51
1607666663217 0.40456199645996094 52
1607666663350 0.4027470350265503 53
1607666663492 0.4025173485279083 54
1607666663638 0.4027698338031769 55
1607666663773 0.4031398296356201 56
1607666663904 0.40327438712120056 57
1607666664038 0.4012449383735657 58
1607666664176 0.40012478828430176 59
1607666664315 0.39840060472488403 60
1607666664451 0.39825737476348877 61
1607666664589 0.3981264531612396 62
1607666664732 0.3982696831226349 63
1607666664865 0.39789676666259766 64
1607666664998 0.3977094292640686 65
1607666665128 0.3973658084869385 66
1607666665259 0.39603516459465027 67
1607666665385 0.3947533369064331 68
1607666665542 0.3944372236728668 69
1607666665696 0.3947359621524811 70
1607666665836 0.3951444923877716 71
1607666665992 0.3948788344860077 72
1607666666275 0.3935125470161438 73
1607666666421 0.39064741134643555 74
1607666666554 0.3894348740577698 75
1607666666688 0.389055997133255 76
1607666666821 0.3891337513923645 77
1607666666955 0.3896048665046692 78
1607666667086 0.3917315900325775 79
1607666667216 0.39216652512550354 80
1607666667362 0.39111146330833435 81
1607666667500 0.3891080617904663 82
1607666667633 0.38737520575523376 83
1607666667779 0.3875795602798462 84
1607666667921 0.3876152038574219 85
1607666668055 0.3884968161582947 86
1607666668196 0.38866952061653137 87
1607666668329 0.38785916566848755 88
1607666668471 0.3870191276073456 89
1607666668606 0.3862990140914917 90
1607666668741 0.38472023606300354 91
1607666668876 0.3843643367290497 92
1607666669016 0.3842129707336426 93
1607666669154 0.3839662969112396 94
1607666669295 0.3840360939502716 95
1607666669431 0.384625107049942 96
1607666669571 0.38599807024002075 97
1607666669708 0.3857112526893616 98
1607666669847 0.386491984128952 99
1607666669977 0.38374295830726624 100
1607666670108 0.3821071982383728 101
1607666670243 0.38139593601226807 102
1607666670373 0.3810756802558899 103
1607666670517 0.38122954964637756 104
1607666670656 0.3811933994293213 105
1607666670789 0.38097891211509705 106
1607666670918 0.38022297620773315 107
1607666671048 0.3797178864479065 108
1607666671183 0.37882721424102783 109
1607666671319 0.37837275862693787 110
1607666671461 0.37785065174102783 111
1607666671602 0.3775390684604645 112
1607666671735 0.37795791029930115 113
1607666671871 0.37877675890922546 114
1607666672002 0.37906503677368164 115
1607666672148 0.3788228929042816 116
1607666672286 0.378349244594574 117
1607666672418 0.37783780694007874 118
1607666672547 0.37728407979011536 119
1607666672677 0.3776208162307739 120
1607666672821 0.37833261489868164 121
1607666672974 0.37829211354255676 122
1607666673116 0.3781850337982178 123
1607666673258 0.3782374858856201 124
1607666673399 0.37893661856651306 125
1607666673527 0.3779173791408539 126
1607666673673 0.3765639364719391 127
1607666673808 0.3750041723251343 128
1607666673939 0.37445059418678284 129
1607666674067 0.37357476353645325 130
1607666674199 0.3736991882324219 131
1607666674352 0.3738105893135071 132
1607666674493 0.3743220269680023 133
1607666674629 0.37480396032333374 134
1607666674760 0.3751978576183319 135
1607666674895 0.37513238191604614 136
1607666675046 0.37480413913726807 137
1607666675183 0.3751662075519562 138
1607666675322 0.37508806586265564 139
1607666675452 0.3747851550579071 140
1607666675593 0.374163955450058 141
1607666675745 0.3731810748577118 142
1607666675883 0.3726777732372284 143
1607666676018 0.372315913438797 144
1607666676151 0.3719809651374817 145
1607666676278 0.37212637066841125 146
1607666676426 0.3721809983253479 147
1607666676575 0.3723580241203308 148
1607666676732 0.37224212288856506 149
1607666676883 0.3730356693267822 150
1607666677035 0.37372830510139465 151
1607666677201 0.373725950717926 152
1607666677357 0.3736628293991089 153
1607666677512 0.3728777766227722 154
1607666677666 0.37264594435691833 155
1607666677844 0.372280091047287 156
1607666677989 0.3713071346282959 157
1607666678145 0.3714042603969574 158
1607666678298 0.37125903367996216 159
1607666678429 0.3717661201953888 160
1607666678563 0.3717682957649231 161
1607666678694 0.3722187876701355 162
1607666678823 0.37183359265327454 163
1607666678953 0.37223559617996216 164
1607666679084 0.37182924151420593 165
1607666679219 0.3712356984615326 166
1607666679357 0.37059786915779114 167
1607666679495 0.37051793932914734 168
1607666679635 0.370115727186203 169
1607666679776 0.3698464632034302 170
1607666679912 0.3701179027557373 171
1607666680047 0.3696969151496887 172
1607666680180 0.3704904615879059 173
1607666680314 0.3702969551086426 174
1607666680451 0.3701935112476349 175
1607666680598 0.3712064027786255 176
1607666680739 0.36983779072761536 177
1607666680881 0.36978116631507874 178
1607666681014 0.3687096834182739 179
1607666681146 0.3693981468677521 180
1607666681278 0.3691265285015106 181
1607666681414 0.36949852108955383 182
1607666681559 0.3678528368473053 183
1607666681702 0.36729294061660767 184
1607666681838 0.36750760674476624 185
1607666681979 0.3682192265987396 186
1607666682110 0.3685895800590515 187
1607666682244 0.3697538673877716 188
1607666682383 0.3706105351448059 189
1607666682522 0.3707427382469177 190
1607666682662 0.37110117077827454 191
1607666682805 0.3699387013912201 192
1607666682946 0.3695012331008911 193
1607666683081 0.3690337538719177 194
1607666683218 0.3688717186450958 195
1607666683349 0.3685895800590515 196
1607666683481 0.36874330043792725 197
1607666683616 0.3688149154186249 198
1607666683760 0.3690062463283539 199
1607666683899 0.36840441823005676 200
1607666684034 0.36725929379463196 201
1607666684166 0.36676469445228577 202
1607666684319 0.3660846948623657 203
1607666684464 0.3653501272201538 204
1607666684601 0.36455023288726807 205
1607666684737 0.3642997741699219 206
1607666684877 0.36426612734794617 207
1607666685034 0.3641986846923828 208
1607666685177 0.3646619915962219 209
1607666685311 0.36476489901542664 210
1607666685442 0.36579445004463196 211
1607666685576 0.3666784167289734 212
1607666685734 0.3679163157939911 213
1607666685872 0.36846137046813965 214
1607666686001 0.36940428614616394 215
1607666686139 0.36883607506752014 216
1607666686271 0.3677685558795929 217
1607666686428 0.3666701018810272 218
1607666686571 0.3653479516506195 219
1607666686705 0.3654848337173462 220
1607666686837 0.3642827570438385 221
1607666686972 0.3643040955066681 222
1607666687128 0.36406177282333374 223
1607666687275 0.3647146224975586 224
1607666687409 0.3648258447647095 225
1607666687543 0.36581361293792725 226
1607666687684 0.36601290106773376 227
1607666687837 0.3666492998600006 228
1607666687985 0.3658488988876343 229
1607666688127 0.36571452021598816 230
1607666688262 0.3656049370765686 231
1607666688395 0.36589953303337097 232
1607666688531 0.3668050169944763 233
1607666688659 0.36696434020996094 234
1607666688792 0.36723849177360535 235
1607666688954 0.36700865626335144 236
1607666689109 0.3666194677352905 237
1607666689261 0.3660404086112976 238
1607666689416 0.36512061953544617 239
1607666689570 0.36443865299224854 240
1607666689737 0.36393770575523376 241
1607666689892 0.3636387884616852 242
1607666690051 0.36360931396484375 243
1607666690200 0.36362630128860474 244
1607666690356 0.36364293098449707 245
1607666690519 0.36457139253616333 246
1607666690659 0.3653293251991272 247
1607666690789 0.36560890078544617 248
1607666690933 0.367082804441452 249
1607666691073 0.36742350459098816 250
1607666691213 0.36694154143333435 251
1607666691351 0.3662216067314148 252
1607666691493 0.36494195461273193 253
1607666691627 0.36475658416748047 254
1607666691770 0.3642598092556 255
1607666691912 0.3632662296295166 256
1607666692044 0.3630579113960266 257
1607666692182 0.36272966861724854 258
1607666692317 0.3629336655139923 259
1607666692456 0.3629001975059509 260
1607666692589 0.36292099952697754 261
1607666692722 0.3626708984375 262
1607666692859 0.362565279006958 263
1607666692996 0.36329391598701477 264
1607666693125 0.3636011779308319 265
1607666693256 0.3642156720161438 266
1607666693393 0.365060031414032 267
1607666693532 0.3662067651748657 268
1607666693664 0.36603695154190063 269
1607666693797 0.3660510778427124 270
1607666693926 0.36497774720191956 271
1607666694056 0.3640516400337219 272
1607666694188 0.3631590008735657 273
1607666694316 0.3626644015312195 274
1607666694443 0.3622855246067047 275
1607666694584 0.36260542273521423 276
1607666694718 0.363020122051239 277
1607666694852 0.3635653555393219 278
1607666694984 0.36370623111724854 279
1607666695123 0.36398637294769287 280
1607666695254 0.3637230396270752 281
1607666695388 0.36394640803337097 282
1607666695527 0.36268535256385803 283
1607666695664 0.36264973878860474 284
1607666695812 0.3621402978897095 285
1607666695947 0.36210232973098755 286
1607666696083 0.36220359802246094 287
1607666696218 0.3615992069244385 288
1607666696354 0.36243942379951477 289
1607666696505 0.3614917993545532 290
1607666696644 0.36182689666748047 291
1607666696779 0.3611908555030823 292
1607666696911 0.36174479126930237 293
1607666697053 0.36168763041496277 294
1607666697217 0.36186686158180237 295
1607666697358 0.362043559551239 296
1607666697492 0.3620668649673462 297
1607666697632 0.3624938428401947 298
1607666697765 0.3628079891204834 299
1607666697925 0.36255478858947754 300
1607666698059 0.36235731840133667 301
1607666698198 0.3615046441555023 302
1607666698350 0.3615572452545166 303
1607666698498 0.36142903566360474 304
1607666698662 0.3611845374107361 305
1607666698808 0.36156177520751953 306
1607666698945 0.3618457019329071 307
1607666699077 0.36261826753616333 308
1607666699212 0.3629951477050781 309
1607666699375 0.36322447657585144 310
1607666699510 0.36364150047302246 311
1607666699655 0.36357802152633667 312
1607666699791 0.36334237456321716 313
1607666699927 0.36274269223213196 314
1607666700086 0.3621233105659485 315
1607666700238 0.3626061677932739 316
1607666700377 0.36181169748306274 317
1607666700519 0.36210504174232483 318
1607666700655 0.3617699146270752 319
1607666700808 0.3613511025905609 320
1607666700953 0.3612901568412781 321
1607666701102 0.3610648214817047 322
1607666701250 0.3610270321369171 323
1607666701385 0.3613574206829071 324
1607666701540 0.3614521920681 325
1607666701693 0.3612858057022095 326
1607666701851 0.3614943325519562 327
1607666702018 0.36068594455718994 328
1607666702167 0.36056169867515564 329
1607666702323 0.36016836762428284 330
1607666702474 0.35969653725624084 331
1607666702642 0.3597641885280609 332
1607666702778 0.3594419062137604 333
1607666702913 0.3593958020210266 334
1607666703056 0.3598082959651947 335
1607666703190 0.359812468290329 336
1607666703324 0.36016401648521423 337
1607666703464 0.3604987561702728 338
1607666703605 0.3608061969280243 339
1607666703747 0.36114493012428284 340
1607666703887 0.3621491491794586 341
1607666704035 0.36175328493118286 342
1607666704179 0.3616692125797272 343
1607666704318 0.3613366186618805 344
1607666704456 0.3613595962524414 345
1607666704597 0.36060401797294617 346
1607666704732 0.3605492115020752 347
1607666704881 0.3599640130996704 348
1607666705018 0.3595726490020752 349
1607666705155 0.3591431677341461 350
1607666705290 0.35922110080718994 351
1607666705421 0.35913899540901184 352
1607666705561 0.35885271430015564 353
1607666705701 0.3588695526123047 354
1607666705831 0.3589223325252533 355
1607666705964 0.35900843143463135 356
1607666706106 0.3595770001411438 357
1607666706238 0.3593958020210266 358
1607666706372 0.3596147894859314 359
1607666706505 0.35959798097610474 360
1607666706645 0.3598589301109314 361
1607666706786 0.35983794927597046 362
1607666706916 0.3595263659954071 363
1607666707047 0.35903337597846985 364
1607666707185 0.3572656214237213 365
1607666707331 0.3572424650192261 366
1607666707479 0.35765498876571655 367
1607666707614 0.3581456243991852 368
1607666707759 0.35847383737564087 369
1607666707898 0.3599097728729248 370
1607666708045 0.3603493869304657 371
1607666708179 0.36133483052253723 372
1607666708320 0.36126086115837097 373
1607666708451 0.3615158498287201 374
1607666708588 0.36086100339889526 375
1607666708726 0.36078938841819763 376
1607666708878 0.3601076006889343 377
1607666709016 0.36036422848701477 378
1607666709152 0.36025047302246094 379
1607666709288 0.35999801754951477 380
1607666709428 0.3595326840877533 381
1607666709581 0.35967591404914856 382
1607666709721 0.3594527542591095 383
1607666709862 0.3592527508735657 384
1607666709990 0.3587876260280609 385
1607666710128 0.3586718738079071 386
1607666710283 0.3582655191421509 387
1607666710426 0.3583519458770752 388
1607666710570 0.35782769322395325 389
1607666710707 0.35790562629699707 390
1607666710854 0.35766366124153137 391
1607666711005 0.35766148567199707 392
1607666711158 0.3577772378921509 393
1607666711304 0.3581857681274414 394
1607666711446 0.35819607973098755 395
1607666711580 0.35937952995300293 396
1607666711729 0.3598146438598633 397
1607666711875 0.3603729009628296 398
1607666712020 0.3601432144641876 399
1607666712148 0.36030977964401245 400
1607666712282 0.35983580350875854 401
1607666712439 0.35918548703193665 402
1607666712583 0.3579499423503876 403
1607666712722 0.3575311005115509 404
1607666712863 0.3571563959121704 405
1607666713001 0.35735639929771423 406
1607666713136 0.3570004999637604 407
1607666713279 0.35720503330230713 408
1607666713424 0.3570804297924042 409
1607666713560 0.3579059839248657 410
1607666713713 0.3584299087524414 411
1607666713863 0.35862991213798523 412
1607666714017 0.3591878116130829 413
1607666714169 0.3592529296875 414
1607666714327 0.3600510060787201 415
1607666714489 0.35996654629707336 416
1607666714652 0.3597835302352905 417
1607666714799 0.3596634566783905 418
1607666714935 0.35923412442207336 419
1607666715082 0.35891205072402954 420
1607666715216 0.35874783992767334 421
1607666715354 0.3579416275024414 422
1607666715492 0.35833948850631714 423
1607666715626 0.35808485746383667 424
1607666715762 0.3583940863609314 425
1607666715897 0.3586196005344391 426
1607666716030 0.35877513885498047 427
1607666716161 0.3595164120197296 428
1607666716308 0.35960665345191956 429
1607666716454 0.35874131321907043 430
1607666716603 0.35819029808044434 431
1607666716741 0.35718169808387756 432
1607666716873 0.3569355905056 433
1607666717006 0.3566408157348633 434
1607666717134 0.35632920265197754 435
1607666717265 0.35658401250839233 436
1607666717398 0.35691243410110474 437
1607666717536 0.35726380348205566 438
1607666717670 0.3581586480140686 439
1607666717806 0.3583499789237976 440
1607666717937 0.3583691418170929 441
1607666718067 0.3583984375 442
1607666718199 0.3578808605670929 443
1607666718328 0.35776060819625854 444
1607666718457 0.3571735620498657 445
1607666718591 0.3566408157348633 446
1607666718728 0.35641583800315857 447
1607666718866 0.3559293746948242 448
1607666719000 0.35580530762672424 449
1607666719133 0.35551902651786804 450
1607666719265 0.35564741492271423 451
1607666719396 0.35576966404914856 452
1607666719524 0.35608524084091187 453
1607666719669 0.3566686511039734 454
1607666719805 0.3571670651435852 455
1607666719942 0.358068585395813 456
1607666720075 0.3575459420681 457
1607666720207 0.3579000234603882 458
1607666720341 0.3565966784954071 459
1607666720474 0.3566938042640686 460
1607666720604 0.35583043098449707 461
1607666720742 0.35598018765449524 462
1607666720884 0.35584941506385803 463
1607666721018 0.35631275177001953 464
1607666721159 0.3571569323539734 465
1607666721300 0.3578743636608124 466
1607666721462 0.3592536449432373 467
1607666721598 0.35825538635253906 468
1607666721733 0.3580031096935272 469
1607666721862 0.3573840856552124 470
1607666721992 0.3568473160266876 471
1607666722144 0.3564852774143219 472
1607666722275 0.35609376430511475 473
1607666722410 0.3557528555393219 474
1607666722539 0.35568541288375854 475
1607666722676 0.35578450560569763 476
1607666722837 0.35629159212112427 477
1607666722975 0.3566981256008148 478
1607666723107 0.3568115234375 479
1607666723241 0.35695910453796387 480
1607666723376 0.3574768602848053 481
1607666723530 0.35773780941963196 482
1607666723673 0.3575190007686615 483
1607666723807 0.35696324706077576 484
1607666723939 0.35634005069732666 485
1607666724068 0.35614654421806335 486
1607666724224 0.35601815581321716 487
1607666724365 0.35576117038726807 488
1607666724495 0.3561655580997467 489
1607666724633 0.35629159212112427 490
1607666724764 0.35664549469947815 491
1607666724923 0.35708531737327576 492
1607666725061 0.3572663366794586 493
1607666725193 0.35766205191612244 494
1607666725332 0.3581041991710663 495
1607666725464 0.35775265097618103 496
1607666725620 0.35811468958854675 497
1607666725768 0.3576030731201172 498
1607666725920 0.3571549355983734 499
1607666726083 0.3568263649940491 500
1607666726239 0.3562203347682953 501
1607666726395 0.35555917024612427 502
1607666726553 0.35513001680374146 503
1607666726742 0.3549782931804657 504
1607666726899 0.35508355498313904 505
1607666727051 0.35524994134902954 506
1607666727209 0.35539713501930237 507
1607666727346 0.3558414578437805 508
1607666727484 0.35627079010009766 509
1607666727624 0.3567400872707367 510
1607666727756 0.3572307229042053 511
1607666727894 0.35691696405410767 512
1607666728031 0.35704120993614197 513
1607666728161 0.3565675616264343 514
1607666728296 0.35639920830726624 515
1607666728434 0.3555993139743805 516
1607666728568 0.35494881868362427 517
1607666728704 0.35422906279563904 518
1607666728839 0.35377225279808044 519
1607666728969 0.35335755348205566 520
1607666729104 0.3533134460449219 521
1607666729236 0.3531787097454071 522
1607666729373 0.35360604524612427 523
1607666729502 0.35389450192451477 524
1607666729639 0.3547048568725586 525
1607666729774 0.3559868633747101 526
1607666729898 0.35731300711631775 527
1607666730039 0.3585926592350006 528
1607666730339 0.35874223709106445 529
1607666730470 0.3594536781311035 530
1607666730607 0.3586138188838959 531
1607666730741 0.35786619782447815 532
1607666730870 0.3558962643146515 533
1607666731005 0.35455313324928284 534
1607666731137 0.3541639447212219 535
1607666731267 0.35365235805511475 536
1607666731406 0.3535027801990509 537
1607666731540 0.35371148586273193 538
1607666731671 0.3542858362197876 539
1607666731808 0.3551175594329834 540
1607666731947 0.356253981590271 541
1607666732076 0.3572942018508911 542
1607666732207 0.3579358458518982 543
1607666732343 0.358678936958313 544
1607666732479 0.35750868916511536 545
1607666732617 0.35599881410598755 546
1607666732759 0.35394078493118286 547
1607666732895 0.35319969058036804 548
1607666733045 0.3533134460449219 549
1607666733182 0.35316190123558044 550
1607666733319 0.3538082242012024 551
1607666733449 0.35438060760498047 552
1607666733587 0.3553153872489929 553
1607666733823 0.3555615246295929 554
1607666733960 0.3558541238307953 555
1607666734107 0.35575103759765625 556
1607666734248 0.35550040006637573 557
1607666734386 0.3551217019557953 558
1607666734522 0.35456380248069763 559
1607666734652 0.35397857427597046 560
1607666734814 0.3540187478065491 561
1607666734954 0.3535512387752533 562
1607666735085 0.35373246669769287 563
1607666735217 0.35377657413482666 564
1607666735345 0.3540945053100586 565
1607666735498 0.35439759492874146 566
1607666735633 0.35469022393226624 567
1607666735762 0.3550902307033539 568
1607666735894 0.3557130694389343 569
1607666736031 0.35646069049835205 570
1607666736183 0.3565295934677124 571
1607666736316 0.3564038872718811 572
1607666736452 0.3555908203125 573
1607666736585 0.35576823353767395 574
1607666736714 0.3549719750881195 575
1607666736865 0.3546777367591858 576
1607666737002 0.35369646549224854 577
1607666737135 0.3539304733276367 578
1607666737270 0.3534291684627533 579
1607666737408 0.3537348210811615 580
1607666737563 0.3536270260810852 581
1607666737708 0.3543073534965515 582
1607666737865 0.35477015376091003 583
1607666738019 0.3551448583602905 584
1607666738178 0.355991393327713 585
1607666738343 0.35601815581321716 586
1607666738498 0.3567008376121521 587
1607666738649 0.35611292719841003 588
1607666738804 0.3558376729488373 589
1607666738970 0.3549511730670929 590
1607666739125 0.3544820547103882 591
1607666739262 0.35374096035957336 592
1607666739398 0.3535621166229248 593
1607666739525 0.3528694808483124 594
1607666739657 0.3528989553451538 595
1607666739790 0.35238969326019287 596
1607666739922 0.35272008180618286 597
1607666740052 0.35277271270751953 598
1607666740185 0.35297906398773193 599
1607666740317 0.3531052768230438 600
1607666740451 0.35379377007484436 601
1607666740592 0.35416197776794434 602
1607666740726 0.3550378084182739 603
1607666740853 0.35544613003730774 604
1607666740983 0.3556291460990906 605
1607666741117 0.35547345876693726 606
1607666741246 0.3553597033023834 607
1607666741381 0.3548735976219177 608
1607666741521 0.3546019494533539 609
1607666741659 0.35370731353759766 610
1607666741792 0.3532779812812805 611
1607666741923 0.35305067896842957 612
1607666742061 0.3530864715576172 613
1607666742191 0.35338759422302246 614
1607666742334 0.3537326455116272 615
1607666742473 0.35449254512786865 616
1607666742604 0.354753702878952 617
1607666742741 0.35521015524864197 618
1607666742877 0.3556841313838959 619
1607666743007 0.3553047180175781 620
1607666743142 0.3552839159965515 621
1607666743273 0.3542294204235077 622
1607666743405 0.3536356985569 623
1607666743550 0.3530465066432953 624
1607666743685 0.3527853786945343 625
1607666743821 0.3525539040565491 626
1607666743956 0.3529244363307953 627
1607666744090 0.35313910245895386 628
1607666744226 0.3536507189273834 629
1607666744359 0.35437265038490295 630
1607666744490 0.35515153408050537 631
1607666744630 0.35551756620407104 632
1607666744774 0.35614094138145447 633
1607666744912 0.35519132018089294 634
1607666745055 0.3550967574119568 635
1607666745205 0.35474517941474915 636
1607666745343 0.3542252480983734 637
1607666745471 0.35408222675323486 638
1607666745601 0.35342955589294434 639
1607666745753 0.353532999753952 640
1607666745894 0.3535158038139343 641
1607666746032 0.3535434603691101 642
1607666746168 0.3530674874782562 643
1607666746300 0.3529645800590515 644
1607666746454 0.35272660851478577 645
1607666746595 0.3525392413139343 646
1607666746731 0.3523372411727905 647
1607666746869 0.3522193431854248 648
1607666747008 0.35240668058395386 649
1607666747162 0.35265499353408813 650
1607666747307 0.3529772460460663 651
1607666747441 0.35351380705833435 652
1607666747585 0.3544529378414154 653
1607666747719 0.3546755611896515 654
1607666747870 0.35553911328315735 655
1607666748009 0.3550819158554077 656
1607666748142 0.3557516038417816 657
1607666748276 0.3550187945365906 658
1607666748415 0.35491156578063965 659
1607666748582 0.35401275753974915 660
1607666748717 0.3537369668483734 661
1607666748853 0.3532908260822296 662
1607666748992 0.3532508611679077 663
1607666749133 0.3527097702026367 664
1607666749283 0.3528783321380615 665
1607666749444 0.35248246788978577 666
1607666749579 0.3526846468448639 667
1607666749706 0.3526383340358734 668
1607666749841 0.3528781533241272 669
1607666749991 0.35323405265808105 670
1607666750138 0.3533666133880615 671
1607666750294 0.3534655272960663 672
1607666750447 0.35385072231292725 673
1607666750608 0.3533666133880615 674
1607666750812 0.3536655306816101 675
1607666750958 0.3536275625228882 676
1607666751110 0.353200227022171 677
1607666751261 0.3528803288936615 678
1607666751420 0.3523162603378296 679
1607666751558 0.35237303376197815 680
1607666751693 0.35287198424339294 681
1607666751826 0.3530908226966858 682
1607666751969 0.35334980487823486 683
1607666752100 0.35376664996147156 684
1607666752235 0.3539581596851349 685
1607666752374 0.35484012961387634 686
1607666752516 0.35410335659980774 687
1607666752657 0.3536360561847687 688
1607666752795 0.3526826500892639 689
1607666752935 0.35204896330833435 690
1607666753074 0.35164695978164673 691
1607666753206 0.35093966126441956 692
1607666753339 0.35097765922546387 693
1607666753470 0.35061976313591003 694
1607666753599 0.35115867853164673 695
1607666753737 0.35140281915664673 696
1607666753875 0.3518638014793396 697
1607666754008 0.3524911403656006 698
1607666754142 0.35320258140563965 699
1607666754272 0.3538255989551544 700
1607666754410 0.3543771803379059 701
1607666754546 0.3545033931732178 702
1607666754683 0.3547075688838959 703
1607666754816 0.35443413257598877 704
1607666754955 0.3542422652244568 705
1607666755090 0.353971004486084 706
1607666755222 0.3537539839744568 707
1607666755356 0.35316261649131775 708
1607666755490 0.3529329299926758 709
1607666755619 0.352278470993042 710
1607666755752 0.3517395555973053 711
1607666755883 0.3516196608543396 712
1607666756012 0.35147857666015625 713
1607666756151 0.3513796627521515 714
1607666756287 0.35144495964050293 715
1607666756418 0.35180699825286865 716
1607666756548 0.352032333612442 717
1607666756680 0.3525625765323639 718
1607666756808 0.3526870012283325 719
1607666756942 0.35278990864753723 720
1607666757095 0.35291430354118347 721
1607666757233 0.3527730703353882 722
1607666757373 0.35279008746147156 723
1607666757511 0.3522258400917053 724
1607666757654 0.3524070382118225 725
1607666757805 0.3525311052799225 726
1607666757941 0.3527437746524811 727
1607666758074 0.35224246978759766 728
1607666758209 0.3514975905418396 729
1607666758353 0.35158583521842957 730
1607666758494 0.35212910175323486 731
1607666758642 0.35224899649620056 732
1607666758787 0.353008896112442 733
1607666758916 0.3535836338996887 734
1607666759046 0.3542023003101349 735
1607666759197 0.35461100935935974 736
1607666759340 0.3543010354042053 737
1607666759479 0.35470378398895264 738
1607666759610 0.35474321246147156 739
1607666759742 0.35533925890922546 740
1607666759902 0.3548696041107178 741
1607666760051 0.3541474938392639 742
1607666760193 0.35357511043548584 743
1607666760331 0.3525920510292053 744
1607666760465 0.35254576802253723 745
1607666760622 0.35196903347969055 746
1607666760759 0.35131439566612244 747
1607666760892 0.35119664669036865 748
1607666761022 0.35116085410118103 749
1607666761165 0.3515545427799225 750
1607666761324 0.3517417311668396 751
1607666761466 0.35227033495903015 752
1607666761601 0.35242152214050293 753
1607666761736 0.3532743752002716 754
1607666761880 0.3530571758747101 755
1607666762035 0.3535414934158325 756
1607666762191 0.3525247871875763 757
1607666762343 0.3523186147212982 758
1607666762499 0.3515375554561615 759
1607666762653 0.35140931606292725 760
1607666762817 0.35074400901794434 761
1607666762972 0.35078632831573486 762
1607666763130 0.3503061830997467 763
1607666763284 0.35067057609558105 764
1607666763429 0.3503819406032562 765
1607666763608 0.3510579466819763 766
1607666763749 0.35061559081077576 767
1607666763889 0.3512241244316101 768
1607666764034 0.3511020541191101 769
1607666764173 0.3517060875892639 770
1607666764311 0.35194408893585205 771
1607666764447 0.3520764708518982 772
1607666764582 0.352104127407074 773
1607666764724 0.352295458316803 774
1607666764857 0.35207030177116394 775
1607666764999 0.3514302968978882 776
1607666765142 0.3510494530200958 777
1607666765278 0.3503568172454834 778
1607666765412 0.3506074547767639 779
1607666765547 0.35062211751937866 780
1607666765684 0.35091471672058105 781
1607666765813 0.3513566851615906 782
1607666765942 0.35219672322273254 783
1607666766073 0.3529752492904663 784
1607666766208 0.3547585606575012 785
1607666766349 0.35434749722480774 786
1607666766491 0.3547057509422302 787
1607666766626 0.35370153188705444 788
1607666766761 0.35365939140319824 789
1607666766892 0.352836549282074 790
1607666767024 0.3520216643810272 791
1607666767155 0.3514326512813568 792
1607666767286 0.35082826018333435 793
1607666767418 0.35103896260261536 794
1607666767555 0.3509778380393982 795
1607666767699 0.3510725796222687 796
1607666767832 0.3509378731250763 797
1607666767968 0.3514916002750397 798
1607666768098 0.35169559717178345 799
1607666768231 0.3528367280960083 800
1607666768362 0.3530721962451935 801
1607666768498 0.3540617823600769 802
1607666768629 0.3544487953186035 803
1607666768767 0.3548891544342041 804
1607666768902 0.353619247674942 805
1607666769033 0.3530872166156769 806
1607666769181 0.35151657462120056 807
1607666769321 0.351354718208313 808
1607666769449 0.35030636191368103 809
1607666769578 0.35030850768089294 810
1607666769722 0.34992966055870056 811
1607666769864 0.35050854086875916 812
1607666770005 0.3506622612476349 813
1607666770138 0.3513568937778473 814
1607666770288 0.35174641013145447 815
1607666770429 0.35211461782455444 816
1607666770566 0.35231462121009827 817
1607666770699 0.3521462678909302 818
1607666770861 0.3518471419811249 819
1607666771009 0.35199272632598877 820
1607666771145 0.3512934148311615 821
1607666771286 0.35163483023643494 822
1607666771421 0.3511272072792053 823
1607666771574 0.3512747883796692 824
1607666771713 0.3511483669281006 825
1607666771842 0.3507758378982544 826
1607666771984 0.3507758378982544 827
1607666772117 0.3507022261619568 828
1607666772264 0.3507653474807739 829
1607666772409 0.3506264388561249 830
1607666772552 0.35050636529922485 831
1607666772688 0.3506939113140106 832
1607666772823 0.3511715233325958 833
1607666772975 0.3512033522129059 834
1607666773119 0.3508957326412201 835
1607666773254 0.35110026597976685 836
1607666773389 0.3508937358856201 837
1607666773538 0.3511970043182373 838
1607666773677 0.35080549120903015 839
1607666773817 0.35096752643585205 840
1607666773956 0.3510308265686035 841
1607666774096 0.35132738947868347 842
1607666774248 0.3516852855682373 843
1607666774401 0.3518979549407959 844
1607666774560 0.35170212388038635 845
1607666774718 0.35195058584213257 846
1607666774871 0.35182833671569824 847
1607666775026 0.35171279311180115 848
1607666775189 0.35134005546569824 849
1607666775349 0.3512033522129059 850
1607666775501 0.35079699754714966 851
1607666775665 0.35060763359069824 852
1607666775807 0.350323349237442 853
1607666775939 0.35015517473220825 854
1607666776075 0.3500075936317444 855
1607666776209 0.3501446843147278 856
1607666776345 0.3500370681285858 857
1607666776485 0.3505973219871521 858
1607666776621 0.35088759660720825 859
1607666776759 0.3512769341468811 860
1607666776900 0.35167282819747925 861
1607666777038 0.3519757390022278 862
1607666777171 0.35232746601104736 863
1607666777301 0.3521292805671692 864
1607666777433 0.35238227248191833 865
1607666777559 0.35206615924835205 866
1607666777696 0.3523905873298645 867
1607666777828 0.3518809676170349 868
1607666777970 0.3525318205356598 869
1607666778111 0.3522135317325592 870
1607666778247 0.3526705503463745 871
1607666778383 0.3516136705875397 872
1607666778515 0.35146865248680115 873
1607666778653 0.35059496760368347 874
1607666778786 0.3502960503101349 875
1607666778925 0.34987303614616394 876
1607666779062 0.3496413826942444 877
1607666779197 0.34979528188705444 878
1607666779331 0.3495003283023834 879
1607666779465 0.35040998458862305 880
1607666779604 0.3505043685436249 881
1607666779741 0.3510498106479645 882
1607666779873 0.3511885106563568 883
1607666780002 0.3511192500591278 884
1607666780141 0.3519001305103302 885
1607666780276 0.35114437341690063 886
1607666780411 0.3509528636932373 887
1607666780550 0.35020363330841064 888
1607666780694 0.35019928216934204 889
1607666780828 0.34994250535964966 890
1607666780960 0.34986254572868347 891
1607666781092 0.35011717677116394 892
1607666781310 0.3507930040359497 893
1607666781453 0.35108959674835205 894
1607666781602 0.35159921646118164 895
1607666781744 0.35199254751205444 896
1607666781882 0.3524833619594574 897
1607666782011 0.3520619869232178 898
1607666782147 0.35192346572875977 899
1607666782293 0.351249635219574 900
1607666782436 0.35146230459213257 901
1607666782574 0.35089826583862305 902
1607666782715 0.3507044017314911 903
1607666782868 0.35056784749031067 904
1607666783010 0.35064759850502014 905
1607666783144 0.351161390542984 906
1607666783283 0.3512917757034302 907
1607666783414 0.3517844080924988 908
1607666783566 0.3516201972961426 909
1607666783705 0.3511168956756592 910
1607666783838 0.3497614562511444 911
1607666783979 0.3494856655597687 912
1607666784114 0.34934261441230774 913
1607666784267 0.34937843680381775 914
1607666784403 0.349645733833313 915
1607666784543 0.34991103410720825 916
1607666784678 0.349852055311203 917
1607666784813 0.350553035736084 918
1607666784965 0.35023728013038635 919
1607666785099 0.350639283657074 920
1607666785239 0.3503425121307373 921
1607666785371 0.35032352805137634 922
1607666785508 0.3502645790576935 923
1607666785661 0.35003310441970825 924
1607666785816 0.3497762978076935 925
1607666785954 0.3498479127883911 926
1607666786093 0.34934261441230774 927
1607666786257 0.3497280180454254 928
1607666786408 0.3493552803993225 929
1607666786559 0.35004594922065735 930
1607666786719 0.3495972454547882 931
1607666786878 0.3503112196922302 932
1607666787033 0.3502455949783325 933
1607666787188 0.35079535841941833 934
1607666787355 0.3504202961921692 935
1607666787505 0.3505258858203888 936
1607666787662 0.3504667580127716 937
1607666787803 0.35040581226348877 938
1607666787943 0.3502984046936035 939
1607666788080 0.3499321937561035 940
1607666788211 0.3501132130622864 941
1607666788350 0.3501826524734497 942
1607666788483 0.3505195677280426 943
1607666788614 0.3508434593677521 944
1607666788746 0.3510015308856964 945
1607666788878 0.35106444358825684 946
1607666789006 0.3513360917568207 947
1607666789143 0.35152778029441833 948
1607666789277 0.3511885106563568 949
1607666789410 0.35095956921577454 950
1607666789545 0.3499508202075958 951
1607666789680 0.350079745054245 952
1607666789811 0.3491531014442444 953
1607666789945 0.3492039144039154 954
1607666790075 0.34847548604011536 955
1607666790211 0.3489491045475006 956
1607666790348 0.34882089495658875 957
1607666790489 0.34920790791511536 958
1607666790618 0.3498777449131012 959
1607666790777 0.35015931725502014 960
1607666790962 0.3507365882396698 961
1607666791115 0.3512961268424988 962
1607666791270 0.3515174686908722 963
1607666791429 0.35118019580841064 964
1607666791579 0.351389080286026 965
1607666791740 0.35060763359069824 966
1607666791897 0.3510564863681793 967
1607666792053 0.3507087230682373 968
1607666792211 0.3511425852775574 969
1607666792469 0.35128146409988403 970
1607666792622 0.3510076701641083 971
1607666792784 0.350847989320755 972
1607666792933 0.3501425087451935 973
1607666793064 0.3501048982143402 974
1607666793209 0.34979528188705444 975
1607666793353 0.34979745745658875 976
1607666793487 0.3498668968677521 977
1607666793630 0.35017016530036926 978
1607666793763 0.3502267897129059 979
1607666793911 0.3510564863681793 980
1607666794054 0.35081398487091064 981
1607666794190 0.35107314586639404 982
1607666794326 0.35061848163604736 983
1607666794471 0.3501005470752716 984
1607666794798 0.3501933217048645 985
1607666794937 0.3498457372188568 986
1607666795071 0.349782794713974 987
1607666795209 0.34943538904190063 988
1607666795337 0.34940609335899353 989
1607666795469 0.349784791469574 990
1607666795597 0.34985658526420593 991
1607666795727 0.34951117634773254 992
1607666795862 0.3495050370693207 993
1607666795991 0.34952816367149353 994
1607666796120 0.34954696893692017 995
1607666796255 0.3499535322189331 996
1607666796387 0.3495384752750397 997
1607666796519 0.3503112196922302 998
1607666796651 0.35062482953071594 999
