1607666656227 0.47393736243247986 0
1607666656362 0.46462905406951904 1
1607666656500 0.4568032920360565 2
1607666656634 0.45246461033821106 3
1607666656764 0.4463484585285187 4
1607666656896 0.44236403703689575 5
1607666657026 0.44024887681007385 6
1607666657165 0.4390234053134918 7
1607666657292 0.43840283155441284 8
1607666657429 0.4379843473434448 9
1607666657561 0.4372172951698303 10
1607666657694 0.4354645013809204 11
1607666657834 0.4346116781234741 12
1607666657981 0.43399369716644287 13
1607666658119 0.43363887071609497 14
1607666658258 0.43353506922721863 15
1607666658395 0.4316898286342621 16
1607666658534 0.43057432770729065 17
1607666658667 0.4298158884048462 18
1607666658804 0.42940905690193176 19
1607666658936 0.42911192774772644 20
1607666659069 0.4279901683330536 21
1607666659203 0.42692703008651733 22
1607666659338 0.4261815845966339 23
1607666659470 0.4266967177391052 24
1607666659606 0.42532113194465637 25
1607666659738 0.4239652156829834 26
1607666659880 0.4227486252784729 27
1607666660020 0.42218026518821716 28
1607666660159 0.42158329486846924 29
1607666660296 0.4210849404335022 30
1607666660431 0.4207777678966522 31
1607666660562 0.4199424982070923 32
1607666660696 0.4188285768032074 33
1607666660831 0.41734039783477783 34
1607666660965 0.41605472564697266 35
1607666661103 0.4152306318283081 36
1607666661236 0.4147380590438843 37
1607666661368 0.41499218344688416 38
1607666661496 0.4143107533454895 39
1607666661626 0.4139924645423889 40
1607666661760 0.4127924144268036 41
1607666661892 0.412156879901886 42
1607666662022 0.4118606746196747 43
1607666662157 0.41142258048057556 44
1607666662291 0.4105434715747833 45
1607666662428 0.40872567892074585 46
1607666662558 0.4073130190372467 47
1607666662686 0.40617337822914124 48
1607666662818 0.4059619903564453 49
1607666662952 0.4063126742839813 50
1607666663082 0.40526723861694336 51
1607666663217 0.40453019738197327 52
1607666663350 0.4027692675590515 53
1607666663492 0.4025174379348755 54
1607666663638 0.4027824401855469 55
1607666663773 0.4031689763069153 56
1607666663904 0.4032406806945801 57
1607666664038 0.40122413635253906 58
1607666664176 0.4000928997993469 59
1607666664315 0.3984144330024719 60
1607666664451 0.3982311189174652 61
1607666664589 0.39813143014907837 62
1607666664732 0.39827868342399597 63
1607666664865 0.3978555500507355 64
1607666664998 0.397684782743454 65
1607666665128 0.3973780572414398 66
1607666665259 0.39603734016418457 67
1607666665385 0.3947311341762543 68
1607666665542 0.3943968415260315 69
1607666665696 0.3947336673736572 70
1607666665836 0.3951425552368164 71
1607666665992 0.3948874771595001 72
1607666666275 0.39349451661109924 73
1607666666421 0.390602171421051 74
1607666666554 0.389478862285614 75
1607666666688 0.38900986313819885 76
1607666666821 0.3891514837741852 77
1607666666955 0.38960954546928406 78
1607666667086 0.3917449414730072 79
1607666667216 0.3921266496181488 80
1607666667362 0.39112815260887146 81
1607666667500 0.38909193873405457 82
1607666667633 0.38734591007232666 83
1607666667779 0.3875330090522766 84
1607666667921 0.3876475691795349 85
1607666668055 0.3885025084018707 86
1607666668196 0.3886522650718689 87
1607666668329 0.38785919547080994 88
1607666668471 0.38705700635910034 89
1607666668606 0.3862905204296112 90
1607666668741 0.3847256004810333 91
1607666668876 0.38435980677604675 92
1607666669016 0.38423117995262146 93
1607666669154 0.3839699625968933 94
1607666669295 0.38404351472854614 95
1607666669431 0.38462913036346436 96
1607666669571 0.3859546482563019 97
1607666669708 0.38572219014167786 98
1607666669847 0.38648152351379395 99
1607666669977 0.38373345136642456 100
1607666670108 0.38209599256515503 101
1607666670243 0.3813713788986206 102
1607666670373 0.38105979561805725 103
1607666670517 0.381196528673172 104
1607666670656 0.3811819553375244 105
1607666670789 0.3809841275215149 106
1607666670918 0.38020986318588257 107
1607666671048 0.3797107934951782 108
1607666671183 0.3788260817527771 109
1607666671319 0.37838074564933777 110
1607666671461 0.37785160541534424 111
1607666671602 0.3775310516357422 112
1607666671735 0.37793582677841187 113
1607666671871 0.3787602484226227 114
1607666672002 0.37910404801368713 115
1607666672148 0.37880513072013855 116
1607666672286 0.3783494830131531 117
1607666672418 0.37784647941589355 118
1607666672547 0.3772725462913513 119
1607666672677 0.3775792419910431 120
1607666672821 0.3783390522003174 121
1607666672974 0.3782992362976074 122
1607666673116 0.3781543970108032 123
1607666673258 0.37821993231773376 124
1607666673399 0.37896230816841125 125
1607666673527 0.377897173166275 126
1607666673673 0.37655311822891235 127
1607666673808 0.3750160336494446 128
1607666673939 0.3744701147079468 129
1607666674067 0.37358811497688293 130
1607666674199 0.37369444966316223 131
1607666674352 0.3738325536251068 132
1607666674493 0.37428605556488037 133
1607666674629 0.3748404383659363 134
1607666674760 0.3751918077468872 135
1607666674895 0.37512996792793274 136
1607666675046 0.3747861385345459 137
1607666675183 0.3751586377620697 138
1607666675322 0.37510207295417786 139
1607666675452 0.3748181164264679 140
1607666675593 0.37421509623527527 141
1607666675745 0.37318357825279236 142
1607666675883 0.3726722002029419 143
1607666676018 0.3723161816596985 144
1607666676151 0.3720096945762634 145
1607666676278 0.3720839321613312 146
1607666676426 0.3721674382686615 147
1607666676575 0.3724009692668915 148
1607666676732 0.3722139596939087 149
1607666676883 0.37304621934890747 150
1607666677035 0.37368911504745483 151
1607666677201 0.3737327754497528 152
1607666677357 0.3736433684825897 153
1607666677512 0.37289291620254517 154
1607666677666 0.3726308047771454 155
1607666677844 0.37226372957229614 156
1607666677989 0.3712880611419678 157
1607666678145 0.37142327427864075 158
1607666678298 0.3712686002254486 159
1607666678429 0.3717620074748993 160
1607666678563 0.371726393699646 161
1607666678694 0.37222012877464294 162
1607666678823 0.3718453347682953 163
1607666678953 0.3722533583641052 164
1607666679084 0.3718411922454834 165
1607666679219 0.37125569581985474 166
1607666679357 0.37062937021255493 167
1607666679495 0.370510071516037 168
1607666679635 0.37010371685028076 169
1607666679776 0.3698018491268158 170
1607666679912 0.37012550234794617 171
1607666680047 0.3697302043437958 172
1607666680180 0.37047383189201355 173
1607666680314 0.3703254163265228 174
1607666680451 0.37016573548316956 175
1607666680598 0.3711872100830078 176
1607666680739 0.3698074221611023 177
1607666680881 0.36974403262138367 178
1607666681014 0.3686784505844116 179
1607666681146 0.36937564611434937 180
1607666681278 0.36916106939315796 181
1607666681414 0.36951181292533875 182
1607666681559 0.36785250902175903 183
1607666681702 0.367289274930954 184
1607666681838 0.3675042688846588 185
1607666681979 0.3682156801223755 186
1607666682110 0.368609756231308 187
1607666682244 0.36974209547042847 188
1607666682383 0.3706052601337433 189
1607666682522 0.37072786688804626 190
1607666682662 0.3710460066795349 191
1607666682805 0.36990872025489807 192
1607666682946 0.36950621008872986 193
1607666683081 0.3690251410007477 194
1607666683218 0.36884889006614685 195
1607666683349 0.36862775683403015 196
1607666683481 0.3687037527561188 197
1607666683616 0.3688102662563324 198
1607666683760 0.36896950006484985 199
1607666683899 0.3683857321739197 200
1607666684034 0.36726316809654236 201
1607666684166 0.36674848198890686 202
1607666684319 0.3660975694656372 203
1607666684464 0.3653426468372345 204
1607666684601 0.36457106471061707 205
1607666684737 0.3642982244491577 206
1607666684877 0.3642677962779999 207
1607666685034 0.3641895353794098 208
1607666685177 0.3646523952484131 209
1607666685311 0.36476749181747437 210
1607666685442 0.36581215262413025 211
1607666685576 0.3666711747646332 212
1607666685734 0.3679099380970001 213
1607666685872 0.36847472190856934 214
1607666686001 0.3694187104701996 215
1607666686139 0.36883145570755005 216
1607666686271 0.36775386333465576 217
1607666686428 0.36664485931396484 218
1607666686571 0.36535415053367615 219
1607666686705 0.36544784903526306 220
1607666686837 0.36426815390586853 221
1607666686972 0.3642975091934204 222
1607666687128 0.3640715777873993 223
1607666687275 0.36472833156585693 224
1607666687409 0.3648265600204468 225
1607666687543 0.36583971977233887 226
1607666687684 0.3660045564174652 227
1607666687837 0.36663082242012024 228
1607666687985 0.36583420634269714 229
1607666688127 0.36570867896080017 230
1607666688262 0.3656158447265625 231
1607666688395 0.36589524149894714 232
1607666688531 0.36680400371551514 233
1607666688659 0.36694878339767456 234
1607666688792 0.3672356903553009 235
1607666688954 0.3669694662094116 236
1607666689109 0.36659911274909973 237
1607666689261 0.3660350441932678 238
1607666689416 0.36512869596481323 239
1607666689570 0.36446335911750793 240
1607666689737 0.3639355003833771 241
1607666689892 0.36365970969200134 242
1607666690051 0.3635701835155487 243
1607666690200 0.3636397421360016 244
1607666690356 0.3636218309402466 245
1607666690519 0.3645753264427185 246
1607666690659 0.3653101623058319 247
1607666690789 0.3656253218650818 248
1607666690933 0.3670719265937805 249
1607666691073 0.36738622188568115 250
1607666691213 0.3669471740722656 251
1607666691351 0.36621224880218506 252
1607666691493 0.36497360467910767 253
1607666691627 0.36473655700683594 254
1607666691770 0.36424723267555237 255
1607666691912 0.36324599385261536 256
1607666692044 0.36308345198631287 257
1607666692182 0.3627195358276367 258
1607666692317 0.36291277408599854 259
1607666692456 0.3629373610019684 260
1607666692589 0.36289456486701965 261
1607666692722 0.36263594031333923 262
1607666692859 0.36259475350379944 263
1607666692996 0.3632970154285431 264
1607666693125 0.3636002242565155 265
1607666693256 0.36421218514442444 266
1607666693393 0.36505287885665894 267
1607666693532 0.36620840430259705 268
1607666693664 0.3660678565502167 269
1607666693797 0.3660743534564972 270
1607666693926 0.3649822175502777 271
1607666694056 0.36403173208236694 272
1607666694188 0.36317795515060425 273
1607666694316 0.36266055703163147 274
1607666694443 0.3622659742832184 275
1607666694584 0.36260831356048584 276
1607666694718 0.363035649061203 277
1607666694852 0.36355385184288025 278
1607666694984 0.36370760202407837 279
1607666695123 0.36400049924850464 280
1607666695254 0.3637010157108307 281
1607666695388 0.3639627993106842 282
1607666695527 0.3626803755760193 283
1607666695664 0.362678587436676 284
1607666695812 0.36212021112442017 285
1607666695947 0.3620522618293762 286
1607666696083 0.36222076416015625 287
1607666696218 0.36159056425094604 288
1607666696354 0.36244818568229675 289
1607666696505 0.36149343848228455 290
1607666696644 0.3618265986442566 291
1607666696779 0.36120590567588806 292
1607666696911 0.3617437183856964 293
1607666697053 0.3616938292980194 294
1607666697217 0.3618926703929901 295
1607666697358 0.3620406687259674 296
1607666697492 0.3621162176132202 297
1607666697632 0.36249518394470215 298
1607666697765 0.36276915669441223 299
1607666697925 0.36253610253334045 300
1607666698059 0.3623846769332886 301
1607666698198 0.3614931106567383 302
1607666698350 0.3615858852863312 303
1607666698498 0.3614443242549896 304
1607666698662 0.36121436953544617 305
1607666698808 0.3615477681159973 306
1607666698945 0.36184489727020264 307
1607666699077 0.3626507520675659 308
1607666699212 0.3629893362522125 309
1607666699375 0.3632237911224365 310
1607666699510 0.36361777782440186 311
1607666699655 0.3635486960411072 312
1607666699791 0.3633228838443756 313
1607666699927 0.36275267601013184 314
1607666700086 0.3621128797531128 315
1607666700238 0.36255156993865967 316
1607666700377 0.3618049919605255 317
1607666700519 0.3621147572994232 318
1607666700655 0.3617592453956604 319
1607666700808 0.36136165261268616 320
1607666700953 0.36124634742736816 321
1607666701102 0.3610328137874603 322
1607666701250 0.3610507845878601 323
1607666701385 0.3613338768482208 324
1607666701540 0.36143040657043457 325
1607666701693 0.36129793524742126 326
1607666701851 0.36149317026138306 327
1607666702018 0.360679566860199 328
1607666702167 0.3605685234069824 329
1607666702323 0.3602135479450226 330
1607666702474 0.35968711972236633 331
1607666702642 0.359788179397583 332
1607666702778 0.3594399392604828 333
1607666702913 0.35942313075065613 334
1607666703056 0.35980507731437683 335
1607666703190 0.3598088026046753 336
1607666703324 0.3601621091365814 337
1607666703464 0.360478013753891 338
1607666703605 0.3607504963874817 339
1607666703747 0.3611956536769867 340
1607666703887 0.36209386587142944 341
1607666704035 0.3617253601551056 342
1607666704179 0.3616757392883301 343
1607666704318 0.3613453209400177 344
1607666704456 0.36135122179985046 345
1607666704597 0.3605804443359375 346
1607666704732 0.36057043075561523 347
1607666704881 0.35994628071784973 348
1607666705018 0.359596848487854 349
1607666705155 0.35916486382484436 350
1607666705290 0.35923051834106445 351
1607666705421 0.35910460352897644 352
1607666705561 0.3588428199291229 353
1607666705701 0.35883259773254395 354
1607666705831 0.358923077583313 355
1607666705964 0.35899636149406433 356
1607666706106 0.35953810811042786 357
1607666706238 0.3593968451023102 358
1607666706372 0.3596116602420807 359
1607666706505 0.3595895767211914 360
1607666706645 0.3598429262638092 361
1607666706786 0.3598356246948242 362
1607666706916 0.3595503866672516 363
1607666707047 0.35903221368789673 364
1607666707185 0.35729414224624634 365
1607666707331 0.3572653532028198 366
1607666707479 0.3576428294181824 367
1607666707614 0.3581342101097107 368
1607666707759 0.35847994685173035 369
1607666707898 0.35988903045654297 370
1607666708045 0.3603508472442627 371
1607666708179 0.36135372519493103 372
1607666708320 0.3612731099128723 373
1607666708451 0.36152708530426025 374
1607666708588 0.3608722984790802 375
1607666708726 0.3607445955276489 376
1607666708878 0.36009660363197327 377
1607666709016 0.36038318276405334 378
1607666709152 0.36021849513053894 379
1607666709288 0.35997769236564636 380
1607666709428 0.3594883680343628 381
1607666709581 0.35964295268058777 382
1607666709721 0.3594234883785248 383
1607666709862 0.35924479365348816 384
1607666709990 0.3588392734527588 385
1607666710128 0.3586677610874176 386
1607666710283 0.35823896527290344 387
1607666710426 0.35836970806121826 388
1607666710570 0.35783663392066956 389
1607666710707 0.3579143285751343 390
1607666710854 0.3576260507106781 391
1607666711005 0.35765498876571655 392
1607666711158 0.3577921688556671 393
1607666711304 0.3582248389720917 394
1607666711446 0.3581744134426117 395
1607666711580 0.3593637943267822 396
1607666711729 0.35978198051452637 397
1607666711875 0.3604033887386322 398
1607666712020 0.36013785004615784 399
1607666712148 0.36029252409935 400
1607666712282 0.35982346534729004 401
1607666712439 0.35917094349861145 402
1607666712583 0.3579515814781189 403
1607666712722 0.3575410842895508 404
1607666712863 0.3571988344192505 405
1607666713001 0.35735005140304565 406
1607666713136 0.35697248578071594 407
1607666713279 0.3572041392326355 408
1607666713424 0.3570490777492523 409
1607666713560 0.3579162061214447 410
1607666713713 0.3584325909614563 411
1607666713863 0.3586733937263489 412
1607666714017 0.3592498302459717 413
1607666714169 0.35925066471099854 414
1607666714327 0.36005187034606934 415
1607666714489 0.3599838614463806 416
1607666714652 0.3597842752933502 417
1607666714799 0.3596760928630829 418
1607666714935 0.3592592775821686 419
1607666715082 0.3588976263999939 420
1607666715216 0.3587319254875183 421
1607666715354 0.3579515814781189 422
1607666715492 0.3583340048789978 423
1607666715626 0.3580738306045532 424
1607666715762 0.3584197461605072 425
1607666715897 0.358625590801239 426
1607666716030 0.3587630093097687 427
1607666716161 0.35948947072029114 428
1607666716308 0.3596119284629822 429
1607666716454 0.3587541878223419 430
1607666716603 0.3581925332546234 431
1607666716741 0.3571425974369049 432
1607666716873 0.3569296896457672 433
1607666717006 0.3566524386405945 434
1607666717134 0.356340229511261 435
1607666717265 0.35655325651168823 436
1607666717398 0.3569023907184601 437
1607666717536 0.357257217168808 438
1607666717670 0.3581295311450958 439
1607666717806 0.35836291313171387 440
1607666717937 0.3584001958370209 441
1607666718067 0.35841748118400574 442
1607666718199 0.35785964131355286 443
1607666718328 0.35776761174201965 444
1607666718457 0.35718655586242676 445
1607666718591 0.35663357377052307 446
1607666718728 0.35634738206863403 447
1607666718866 0.35593104362487793 448
1607666719000 0.3557729423046112 449
1607666719133 0.3555258512496948 450
1607666719265 0.3556542694568634 451
1607666719396 0.3558003306388855 452
1607666719524 0.3560985326766968 453
1607666719669 0.35665610432624817 454
1607666719805 0.3571339249610901 455
1607666719942 0.3580546975135803 456
1607666720075 0.3575142025947571 457
1607666720207 0.3578881621360779 458
1607666720341 0.3565935492515564 459
1607666720474 0.3566804826259613 460
1607666720604 0.35584717988967896 461
1607666720742 0.35598254203796387 462
1607666720884 0.3558478355407715 463
1607666721018 0.3562788963317871 464
1607666721159 0.357164204120636 465
1607666721300 0.35786378383636475 466
1607666721462 0.35921338200569153 467
1607666721598 0.35825273394584656 468
1607666721733 0.3580200970172882 469
1607666721862 0.3573959171772003 470
1607666721992 0.3568322956562042 471
1607666722144 0.35650014877319336 472
1607666722275 0.3560802936553955 473
1607666722410 0.35576629638671875 474
1607666722539 0.3557124733924866 475
1607666722676 0.35578298568725586 476
1607666722837 0.35629189014434814 477
1607666722975 0.3566730320453644 478
1607666723107 0.3567650318145752 479
1607666723241 0.3569459319114685 480
1607666723376 0.35746127367019653 481
1607666723530 0.3577292561531067 482
1607666723673 0.35750749707221985 483
1607666723807 0.3569648563861847 484
1607666723939 0.35638174414634705 485
1607666724068 0.3561340868473053 486
1607666724224 0.3559970557689667 487
1607666724365 0.3557402491569519 488
1607666724495 0.356149286031723 489
1607666724633 0.3562617301940918 490
1607666724764 0.356636106967926 491
1607666724923 0.3570614159107208 492
1607666725061 0.35725972056388855 493
1607666725193 0.3576512932777405 494
1607666725332 0.35808441042900085 495
1607666725464 0.35775062441825867 496
1607666725620 0.35807105898857117 497
1607666725768 0.35760581493377686 498
1607666725920 0.35713157057762146 499
1607666726083 0.3568461537361145 500
1607666726239 0.3561987578868866 501
1607666726395 0.3555794954299927 502
1607666726553 0.3551328182220459 503
1607666726742 0.35497748851776123 504
1607666726899 0.35512837767601013 505
1607666727051 0.3552314043045044 506
1607666727209 0.35543540120124817 507
1607666727346 0.35585376620292664 508
1607666727484 0.35629719495773315 509
1607666727624 0.3567560911178589 510
1607666727756 0.3571859300136566 511
1607666727894 0.35692718625068665 512
1607666728031 0.3570218086242676 513
1607666728161 0.3565703332424164 514
1607666728296 0.3563552796840668 515
1607666728434 0.35561227798461914 516
1607666728568 0.3549514710903168 517
1607666728704 0.3542253077030182 518
1607666728839 0.3537733256816864 519
1607666728969 0.3533453643321991 520
1607666729104 0.3533177077770233 521
1607666729236 0.3531685769557953 522
1607666729373 0.3536204993724823 523
1607666729502 0.35389837622642517 524
1607666729639 0.3546895682811737 525
1607666729774 0.3559638261795044 526
1607666729898 0.3572932779788971 527
1607666730039 0.35860273241996765 528
1607666730339 0.35873109102249146 529
1607666730470 0.35948634147644043 530
1607666730607 0.35862717032432556 531
1607666730741 0.3578747510910034 532
1607666730870 0.35591018199920654 533
1607666731005 0.3545440137386322 534
1607666731137 0.35417383909225464 535
1607666731267 0.3536505699157715 536
1607666731406 0.3534970283508301 537
1607666731540 0.35368630290031433 538
1607666731671 0.3542763888835907 539
1607666731808 0.355111300945282 540
1607666731947 0.3562294542789459 541
1607666732076 0.3572755753993988 542
1607666732207 0.35793349146842957 543
1607666732343 0.3586464524269104 544
1607666732479 0.3574868142604828 545
1607666732617 0.3559938371181488 546
1607666732759 0.35393109917640686 547
1607666732895 0.35319793224334717 548
1607666733045 0.3533015549182892 549
1607666733182 0.35316479206085205 550
1607666733319 0.3537699282169342 551
1607666733449 0.35437440872192383 552
1607666733587 0.35532987117767334 553
1607666733823 0.35556304454803467 554
1607666733960 0.35586097836494446 555
1607666734107 0.3557385802268982 556
1607666734248 0.35547488927841187 557
1607666734386 0.35513836145401 558
1607666734522 0.35456225275993347 559
1607666734652 0.35397714376449585 560
1607666734814 0.3539864420890808 561
1607666734954 0.3535153567790985 562
1607666735085 0.353699266910553 563
1607666735217 0.3537854850292206 564
1607666735345 0.35407859086990356 565
1607666735498 0.3543737828731537 566
1607666735633 0.3547199070453644 567
1607666735762 0.35512158274650574 568
1607666735894 0.35569262504577637 569
1607666736031 0.35645991563796997 570
1607666736183 0.3565283417701721 571
1607666736316 0.3563874065876007 572
1607666736452 0.3555637300014496 573
1607666736585 0.355763703584671 574
1607666736714 0.3549157977104187 575
1607666736865 0.35467612743377686 576
1607666737002 0.3537149131298065 577
1607666737135 0.3538971543312073 578
1607666737270 0.35344743728637695 579
1607666737408 0.353751003742218 580
1607666737563 0.3536035716533661 581
1607666737708 0.35429707169532776 582
1607666737865 0.35475265979766846 583
1607666738019 0.3551688492298126 584
1607666738178 0.3560088574886322 585
1607666738343 0.35600075125694275 586
1607666738498 0.3567042946815491 587
1607666738649 0.3561007082462311 588
1607666738804 0.35584333539009094 589
1607666738970 0.354941189289093 590
1607666739125 0.3544897139072418 591
1607666739262 0.353732705116272 592
1607666739398 0.35356342792510986 593
1607666739525 0.35288238525390625 594
1607666739657 0.3528883755207062 595
1607666739790 0.35237860679626465 596
1607666739922 0.35275423526763916 597
1607666740052 0.3527385890483856 598
1607666740185 0.35297703742980957 599
1607666740317 0.35306426882743835 600
1607666740451 0.35380175709724426 601
1607666740592 0.35421276092529297 602
1607666740726 0.3550448715686798 603
1607666740853 0.35546621680259705 604
1607666740983 0.35564565658569336 605
1607666741117 0.355440616607666 606
1607666741246 0.3553653657436371 607
1607666741381 0.3548664152622223 608
1607666741521 0.35461562871932983 609
1607666741659 0.3537120819091797 610
1607666741792 0.35326769948005676 611
1607666741923 0.35303136706352234 612
1607666742061 0.35307416319847107 613
1607666742191 0.3534160554409027 614
1607666742334 0.3537459671497345 615
1607666742473 0.3544791340827942 616
1607666742604 0.35479187965393066 617
1607666742741 0.35523009300231934 618
1607666742877 0.3556699752807617 619
1607666743007 0.3553089201450348 620
1607666743142 0.3552533984184265 621
1607666743273 0.3542104661464691 622
1607666743405 0.3536343276500702 623
1607666743550 0.35305219888687134 624
1607666743685 0.3527666926383972 625
1607666743821 0.35260048508644104 626
1607666743956 0.3529076874256134 627
1607666744090 0.3531404733657837 628
1607666744226 0.35364341735839844 629
1607666744359 0.35440364480018616 630
1607666744490 0.3551490604877472 631
1607666744630 0.3555157780647278 632
1607666744774 0.3561249375343323 633
1607666744912 0.35517001152038574 634
1607666745055 0.35510024428367615 635
1607666745205 0.3547004759311676 636
1607666745343 0.3542258143424988 637
1607666745471 0.3540770709514618 638
1607666745601 0.3534148633480072 639
1607666745753 0.3535408675670624 640
1607666745894 0.3534536063671112 641
1607666746032 0.3535221219062805 642
1607666746168 0.35303443670272827 643
1607666746300 0.3529451787471771 644
1607666746454 0.35274243354797363 645
1607666746595 0.3525511920452118 646
1607666746731 0.35234081745147705 647
1607666746869 0.35224199295043945 648
1607666747008 0.35240334272384644 649
1607666747162 0.3526848256587982 650
1607666747307 0.3529585897922516 651
1607666747441 0.35352063179016113 652
1607666747585 0.35443463921546936 653
1607666747719 0.3546450734138489 654
1607666747870 0.355501651763916 655
1607666748009 0.35507190227508545 656
1607666748142 0.3557376563549042 657
1607666748276 0.3550405204296112 658
1607666748415 0.35490620136260986 659
1607666748582 0.35399675369262695 660
1607666748717 0.3537650406360626 661
1607666748853 0.3532692790031433 662
1607666748992 0.3532373309135437 663
1607666749133 0.3527058959007263 664
1607666749283 0.3528798222541809 665
1607666749444 0.3524579107761383 666
1607666749579 0.352658748626709 667
1607666749706 0.35264164209365845 668
1607666749841 0.3528238832950592 669
1607666749991 0.3532264530658722 670
1607666750138 0.3533596992492676 671
1607666750294 0.3534255623817444 672
1607666750447 0.3537987470626831 673
1607666750608 0.35336825251579285 674
1607666750812 0.35367250442504883 675
1607666750958 0.35361340641975403 676
1607666751110 0.3532351553440094 677
1607666751261 0.35285645723342896 678
1607666751420 0.352308988571167 679
1607666751558 0.3523586690425873 680
1607666751693 0.3528580963611603 681
1607666751826 0.3530588448047638 682
1607666751969 0.35338523983955383 683
1607666752100 0.3537724018096924 684
1607666752235 0.35394778847694397 685
1607666752374 0.3548259735107422 686
1607666752516 0.3540768623352051 687
1607666752657 0.35361871123313904 688
1607666752795 0.3526950180530548 689
1607666752935 0.3520444333553314 690
1607666753074 0.35166096687316895 691
1607666753206 0.3509611189365387 692
1607666753339 0.35097306966781616 693
1607666753470 0.35063645243644714 694
1607666753599 0.3511471450328827 695
1607666753737 0.35138610005378723 696
1607666753875 0.3518732488155365 697
1607666754008 0.3525049686431885 698
1607666754142 0.353197306394577 699
1607666754272 0.35383713245391846 700
1607666754410 0.35437607765197754 701
1607666754546 0.3545146882534027 702
1607666754683 0.3546731472015381 703
1607666754816 0.35442158579826355 704
1607666754955 0.35423964262008667 705
1607666755090 0.35400235652923584 706
1607666755222 0.35373884439468384 707
1607666755356 0.3531801402568817 708
1607666755490 0.35290271043777466 709
1607666755619 0.35229671001434326 710
1607666755752 0.35172826051712036 711
1607666755883 0.35165610909461975 712
1607666756012 0.3514772951602936 713
1607666756151 0.3513801693916321 714
1607666756287 0.3514207601547241 715
1607666756418 0.3518294394016266 716
1607666756548 0.35201993584632874 717
1607666756680 0.3525412082672119 718
1607666756808 0.3526889383792877 719
1607666756942 0.3527791500091553 720
1607666757095 0.35292819142341614 721
1607666757233 0.3527388572692871 722
1607666757373 0.3527725636959076 723
1607666757511 0.35219863057136536 724
1607666757654 0.35240626335144043 725
1607666757805 0.35255110263824463 726
1607666757941 0.3527335524559021 727
1607666758074 0.3522452712059021 728
1607666758209 0.3514796793460846 729
1607666758353 0.3515489995479584 730
1607666758494 0.3521198630332947 731
1607666758642 0.3522478938102722 732
1607666758787 0.35297322273254395 733
1607666758916 0.35357218980789185 734
1607666759046 0.35416990518569946 735
1607666759197 0.35462644696235657 736
1607666759340 0.35428178310394287 737
1607666759479 0.35470813512802124 738
1607666759610 0.3546987473964691 739
1607666759742 0.3553338348865509 740
1607666759902 0.35486462712287903 741
1607666760051 0.3541421592235565 742
1607666760193 0.35353806614875793 743
1607666760331 0.3525637090206146 744
1607666760465 0.3525635600090027 745
1607666760622 0.35196009278297424 746
1607666760759 0.3513299226760864 747
1607666760892 0.3511720895767212 748
1607666761022 0.3511521816253662 749
1607666761165 0.35152843594551086 750
1607666761324 0.3517412543296814 751
1607666761466 0.3522603213787079 752
1607666761601 0.35240280628204346 753
1607666761736 0.35328012704849243 754
1607666761880 0.35305970907211304 755
1607666762035 0.35355231165885925 756
1607666762191 0.35252511501312256 757
1607666762343 0.3523516058921814 758
1607666762499 0.35154470801353455 759
1607666762653 0.35142606496810913 760
1607666762817 0.3507155179977417 761
1607666762972 0.35078442096710205 762
1607666763130 0.3502640128135681 763
1607666763284 0.3506890833377838 764
1607666763429 0.3503739535808563 765
1607666763608 0.35101455450057983 766
1607666763749 0.35063064098358154 767
1607666763889 0.35123395919799805 768
1607666764034 0.3511005640029907 769
1607666764173 0.3517002463340759 770
1607666764311 0.35193324089050293 771
1607666764447 0.35206282138824463 772
1607666764582 0.3521227240562439 773
1607666764724 0.35226061940193176 774
1607666764857 0.3520589768886566 775
1607666764999 0.3514483571052551 776
1607666765142 0.3510156571865082 777
1607666765278 0.3503530025482178 778
1607666765412 0.35059434175491333 779
1607666765547 0.35059505701065063 780
1607666765684 0.35094478726387024 781
1607666765813 0.3513498604297638 782
1607666765942 0.35218819975852966 783
1607666766073 0.35298845171928406 784
1607666766208 0.3547552227973938 785
1607666766349 0.3543851673603058 786
1607666766491 0.35470518469810486 787
1607666766626 0.3536975085735321 788
1607666766761 0.35362768173217773 789
1607666766892 0.35283875465393066 790
1607666767024 0.352017343044281 791
1607666767155 0.351420134305954 792
1607666767286 0.35084059834480286 793
1607666767418 0.35101431608200073 794
1607666767555 0.3509856164455414 795
1607666767699 0.35100919008255005 796
1607666767832 0.35091203451156616 797
1607666767968 0.3514863848686218 798
1607666768098 0.35168546438217163 799
1607666768231 0.3528231680393219 800
1607666768362 0.35304760932922363 801
1607666768498 0.35407543182373047 802
1607666768629 0.35446491837501526 803
1607666768767 0.3548721969127655 804
1607666768902 0.35360637307167053 805
1607666769033 0.3530809283256531 806
1607666769181 0.3515131175518036 807
1607666769321 0.3513456881046295 808
1607666769449 0.3502615988254547 809
1607666769578 0.3503086268901825 810
1607666769722 0.34992966055870056 811
1607666769864 0.35047703981399536 812
1607666770005 0.3506583571434021 813
1607666770138 0.3513304591178894 814
1607666770288 0.35176175832748413 815
1607666770429 0.35214540362358093 816
1607666770566 0.35228675603866577 817
1607666770699 0.3521869480609894 818
1607666770861 0.3518442213535309 819
1607666771009 0.35196223855018616 820
1607666771145 0.35129764676094055 821
1607666771286 0.35167086124420166 822
1607666771421 0.351117879152298 823
1607666771574 0.35122525691986084 824
1607666771713 0.35118746757507324 825
1607666771842 0.3507896959781647 826
1607666771984 0.3507828712463379 827
1607666772117 0.3506920635700226 828
1607666772264 0.35077956318855286 829
1607666772409 0.3506062924861908 830
1607666772552 0.3504907190799713 831
1607666772688 0.35070887207984924 832
1607666772823 0.35115867853164673 833
1607666772975 0.3511829674243927 834
1607666773119 0.3509078025817871 835
1607666773254 0.3511095643043518 836
1607666773389 0.3508857190608978 837
1607666773538 0.35118407011032104 838
1607666773677 0.3508041799068451 839
1607666773817 0.3509497046470642 840
1607666773956 0.35104069113731384 841
1607666774096 0.35130175948143005 842
1607666774248 0.35167714953422546 843
1607666774401 0.3518717885017395 844
1607666774560 0.3516969680786133 845
1607666774718 0.3520028293132782 846
1607666774871 0.3518083691596985 847
1607666775026 0.35170623660087585 848
1607666775189 0.35133153200149536 849
1607666775349 0.3512023389339447 850
1607666775501 0.3507794439792633 851
1607666775665 0.3505799472332001 852
1607666775807 0.3502994179725647 853
1607666775939 0.35014066100120544 854
1607666776075 0.3499641716480255 855
1607666776209 0.3501212000846863 856
1607666776345 0.3500766456127167 857
1607666776485 0.35059696435928345 858
1607666776621 0.3509008586406708 859
1607666776759 0.3512364327907562 860
1607666776900 0.3516722321510315 861
1607666777038 0.35195621848106384 862
1607666777171 0.3523317575454712 863
1607666777301 0.35209906101226807 864
1607666777433 0.3523470163345337 865
1607666777559 0.3520708680152893 866
1607666777696 0.35242822766304016 867
1607666777828 0.3518561124801636 868
1607666777970 0.35251110792160034 869
1607666778111 0.35219714045524597 870
1607666778247 0.35261812806129456 871
1607666778383 0.3516133427619934 872
1607666778515 0.35146939754486084 873
1607666778653 0.35056787729263306 874
1607666778786 0.3503017723560333 875
1607666778925 0.349852979183197 876
1607666779062 0.34965258836746216 877
1607666779197 0.3498324751853943 878
1607666779331 0.3495279848575592 879
1607666779465 0.35038015246391296 880
1607666779604 0.3505081832408905 881
1607666779741 0.35103803873062134 882
1607666779873 0.35115447640419006 883
1607666780002 0.35109594464302063 884
1607666780141 0.3518850803375244 885
1607666780276 0.3511430323123932 886
1607666780411 0.3509635925292969 887
1607666780550 0.3501974046230316 888
1607666780694 0.35018008947372437 889
1607666780828 0.3499085009098053 890
1607666780960 0.3498395085334778 891
1607666781092 0.3501313626766205 892
1607666781310 0.3507442772388458 893
1607666781453 0.35110944509506226 894
1607666781602 0.3516075611114502 895
1607666781744 0.3519996106624603 896
1607666781882 0.3524687588214874 897
1607666782011 0.35205522179603577 898
1607666782147 0.3519485294818878 899
1607666782293 0.3512827455997467 900
1607666782436 0.3514557182788849 901
1607666782574 0.3508788049221039 902
1607666782715 0.35067662596702576 903
1607666782868 0.3505239188671112 904
1607666783010 0.3506489396095276 905
1607666783144 0.3511369228363037 906
1607666783283 0.35128480195999146 907
1607666783414 0.3517386317253113 908
1607666783566 0.3516376316547394 909
1607666783705 0.3511202931404114 910
1607666783838 0.34977036714553833 911
1607666783979 0.3495098352432251 912
1607666784114 0.349346786737442 913
1607666784267 0.34941181540489197 914
1607666784403 0.3496350944042206 915
1607666784543 0.34992432594299316 916
1607666784678 0.3498884439468384 917
1607666784813 0.3505497872829437 918
1607666784965 0.3502179980278015 919
1607666785099 0.3506315052509308 920
1607666785239 0.350312739610672 921
1607666785371 0.3502926826477051 922
1607666785508 0.35024744272232056 923
1607666785661 0.3500572741031647 924
1607666785816 0.34978052973747253 925
1607666785954 0.34984907507896423 926
1607666786093 0.3493497669696808 927
1607666786257 0.3497238755226135 928
1607666786408 0.34932637214660645 929
1607666786559 0.3500630855560303 930
1607666786719 0.3495793342590332 931
1607666786878 0.35031843185424805 932
1607666787033 0.3502678871154785 933
1607666787188 0.3508179187774658 934
1607666787355 0.35042905807495117 935
1607666787505 0.35051822662353516 936
1607666787662 0.3504750728607178 937
1607666787803 0.35039910674095154 938
1607666787943 0.35031217336654663 939
1607666788080 0.3499380648136139 940
1607666788211 0.35008394718170166 941
1607666788350 0.35019195079803467 942
1607666788483 0.35052868723869324 943
1607666788614 0.35081639885902405 944
1607666788746 0.35098713636398315 945
1607666788878 0.35104814171791077 946
1607666789006 0.35133302211761475 947
1607666789143 0.3515278100967407 948
1607666789277 0.351167231798172 949
1607666789410 0.3509860932826996 950
1607666789545 0.34994107484817505 951
1607666789680 0.3501025140285492 952
1607666789811 0.3491618037223816 953
1607666789945 0.34922778606414795 954
1607666790075 0.34852156043052673 955
1607666790211 0.34891068935394287 956
1607666790348 0.3488196134567261 957
1607666790489 0.3492092192173004 958
1607666790618 0.3498618006706238 959
1607666790777 0.35015615820884705 960
1607666790962 0.3507522642612457 961
1607666791115 0.35132041573524475 962
1607666791270 0.35148656368255615 963
1607666791429 0.3511348068714142 964
1607666791579 0.3513675630092621 965
1607666791740 0.35060688853263855 966
1607666791897 0.3510459363460541 967
1607666792053 0.35069334506988525 968
1607666792211 0.35115933418273926 969
1607666792469 0.3512577414512634 970
1607666792622 0.3510079085826874 971
1607666792784 0.3508220911026001 972
1607666792933 0.35012879967689514 973
1607666793064 0.3501006066799164 974
1607666793209 0.3497937321662903 975
1607666793353 0.349794864654541 976
1607666793487 0.3498583734035492 977
1607666793630 0.35018837451934814 978
1607666793763 0.35019776225090027 979
1607666793911 0.35107091069221497 980
1607666794054 0.35079556703567505 981
1607666794190 0.3510734438896179 982
1607666794326 0.35059627890586853 983
1607666794471 0.350096195936203 984
1607666794798 0.3501768708229065 985
1607666794937 0.3498656749725342 986
1607666795071 0.3497762084007263 987
1607666795209 0.34941837191581726 988
1607666795337 0.34940722584724426 989
1607666795469 0.3497920334339142 990
1607666795597 0.34985482692718506 991
1607666795727 0.34954726696014404 992
1607666795862 0.3494628369808197 993
1607666795991 0.3495239317417145 994
1607666796120 0.34953275322914124 995
1607666796255 0.3499338626861572 996
1607666796387 0.34956517815589905 997
1607666796519 0.35026970505714417 998
1607666796651 0.3506298065185547 999
