1607612706639 0.47417810559272766 0
1607612706858 0.46883055567741394 1
1607612707085 0.4575813412666321 2
1607612707305 0.4499424397945404 3
1607612707516 0.44469255208969116 4
1607612707731 0.4426683783531189 5
1607612707955 0.44073617458343506 6
1607612708165 0.43979278206825256 7
1607612708383 0.43958979845046997 8
1607612708599 0.4397841989994049 9
1607612708817 0.4394533932209015 10
1607612709027 0.4380417764186859 11
1607612709243 0.43689045310020447 12
1607612709456 0.4361112117767334 13
1607612709674 0.4360261559486389 14
1607612709899 0.43567225337028503 15
1607612710118 0.4346590042114258 16
1607612710342 0.433977872133255 17
1607612710574 0.4330065846443176 18
1607612710793 0.43187469244003296 19
1607612711012 0.4307945966720581 20
1607612711232 0.4294038414955139 21
1607612711438 0.42834025621414185 22
1607612711660 0.42779216170310974 23
1607612711874 0.42681413888931274 24
1607612712089 0.4261783957481384 25
1607612712303 0.42617812752723694 26
1607612712518 0.4263272285461426 27
1607612712730 0.4260423481464386 28
1607612712948 0.42496103048324585 29
1607612713163 0.4235335886478424 30
1607612713384 0.42273151874542236 31
1607612713607 0.42175689339637756 32
1607612713824 0.4212229251861572 33
1607612714039 0.4208613336086273 34
1607612714254 0.4201454520225525 35
1607612714468 0.41900354623794556 36
1607612714691 0.4177466630935669 37
1607612714912 0.41729891300201416 38
1607612715134 0.4172191917896271 39
1607612715351 0.4170927405357361 40
1607612715566 0.4158475399017334 41
1607612715812 0.41408661007881165 42
1607612716057 0.4129909873008728 43
1607612716275 0.4129231870174408 44
1607612716489 0.4138222932815552 45
1607612716704 0.41459572315216064 46
1607612716929 0.41417625546455383 47
1607612717151 0.4137483239173889 48
1607612717373 0.4112318754196167 49
1607612717586 0.4096943736076355 50
1607612717804 0.4087286591529846 51
1607612718024 0.40857598185539246 52
1607612718244 0.408987820148468 53
1607612718467 0.40906521677970886 54
1607612718684 0.40883177518844604 55
1607612718902 0.40678486227989197 56
1607612719127 0.40529170632362366 57
1607612719349 0.40456363558769226 58
1607612719564 0.4045751988887787 59
1607612719778 0.4049348533153534 60
1607612719994 0.40520548820495605 61
1607612720211 0.4037490487098694 62
1607612720449 0.40192440152168274 63
1607612720676 0.39985188841819763 64
1607612720899 0.3989567160606384 65
1607612721131 0.3983616232872009 66
1607612721374 0.39867767691612244 67
1607612721614 0.3994235098361969 68
1607612721840 0.4011699855327606 69
1607612722051 0.4023464620113373 70
1607612722269 0.3989161550998688 71
1607612722490 0.39625710248947144 72
1607612722715 0.39526885747909546 73
1607612722929 0.39516574144363403 74
1607612723146 0.3945370018482208 75
1607612723375 0.3953501284122467 76
1607612723599 0.3965136706829071 77
1607612723817 0.39640936255455017 78
1607612724042 0.3963353931903839 79
1607612724267 0.39435723423957825 80
1607612724484 0.39439091086387634 81
1607612724702 0.3924187123775482 82
1607612724919 0.3910459280014038 83
1607612725131 0.39135733246803284 84
1607612725351 0.3921453654766083 85
1607612725571 0.3936660885810852 86
1607612725788 0.39309021830558777 87
1607612726009 0.39215877652168274 88
1607612726224 0.3901168406009674 89
1607612726438 0.3901154100894928 90
1607612726657 0.3885462284088135 91
1607612726861 0.38854315876960754 92
1607612727065 0.38830092549324036 93
1607612727282 0.3878690004348755 94
1607612727495 0.3883437216281891 95
1607612727715 0.38720548152923584 96
1607612727931 0.38624271750450134 97
1607612728143 0.3858625292778015 98
1607612728356 0.38533127307891846 99
1607612728569 0.3856494724750519 100
1607612728784 0.3851226568222046 101
1607612728989 0.3848567605018616 102
1607612729204 0.3852355480194092 103
1607612729428 0.38620588183403015 104
1607612729661 0.38614320755004883 105
1607612729897 0.38602036237716675 106
1607612730140 0.38507938385009766 107
1607612730362 0.38414207100868225 108
1607612730578 0.3832298517227173 109
1607612730805 0.3828493058681488 110
1607612731024 0.3833911120891571 111
1607612731246 0.3836783766746521 112
1607612731459 0.38381704688072205 113
1607612731689 0.38326722383499146 114
1607612731936 0.38276466727256775 115
1607612732186 0.38194409012794495 116
1607612732441 0.38060975074768066 117
1607612732688 0.3801579773426056 118
1607612732915 0.37933629751205444 119
1607612733162 0.3791438043117523 120
1607612733408 0.37969088554382324 121
1607612733662 0.37978076934814453 122
1607612733877 0.3799994885921478 123
1607612734087 0.38023117184638977 124
1607612734299 0.3800390064716339 125
1607612734507 0.3797679841518402 126
1607612734709 0.37876439094543457 127
1607612734922 0.3779878616333008 128
1607612735140 0.37742680311203003 129
1607612735368 0.3774469494819641 130
1607612735719 0.3771529197692871 131
1607612735934 0.3773711621761322 132
1607612736157 0.3779182434082031 133
1607612736378 0.37837401032447815 134
1607612736592 0.37929412722587585 135
1607612736803 0.37845733761787415 136
1607612737010 0.37864482402801514 137
1607612737222 0.3771775960922241 138
1607612737433 0.3768157362937927 139
1607612737643 0.37601497769355774 140
1607612737857 0.37534284591674805 141
1607612738078 0.3751058876514435 142
1607612738293 0.37505123019218445 143
1607612738513 0.37570253014564514 144
1607612738726 0.37585675716400146 145
1607612738942 0.37703418731689453 146
1607612739166 0.37727993726730347 147
1607612739381 0.3777349293231964 148
1607612739598 0.37789466977119446 149
1607612739810 0.37797585129737854 150
1607612740016 0.3765828311443329 151
1607612740219 0.37614595890045166 152
1607612740425 0.3751535713672638 153
1607612740640 0.37479040026664734 154
1607612740861 0.37486472725868225 155
1607612741090 0.374691367149353 156
1607612741310 0.37537452578544617 157
1607612741520 0.3755913972854614 158
1607612741734 0.37619349360466003 159
1607612741947 0.3766400218009949 160
1607612742165 0.3777681589126587 161
1607612742375 0.377001017332077 162
1607612742593 0.37713098526000977 163
1607612742805 0.37551236152648926 164
1607612743024 0.37440237402915955 165
1607612743243 0.37379348278045654 166
1607612743455 0.373500794172287 167
1607612743667 0.37359389662742615 168
1607612743879 0.372787743806839 169
1607612744092 0.3731767535209656 170
1607612744310 0.3728354573249817 171
1607612744530 0.37300702929496765 172
1607612744747 0.37278780341148376 173
1607612744959 0.3721165955066681 174
1607612745174 0.37156808376312256 175
1607612745387 0.3711065351963043 176
1607612745606 0.3711116909980774 177
1607612745819 0.37105387449264526 178
1607612746034 0.3709217607975006 179
1607612746252 0.37128400802612305 180
1607612746478 0.37231743335723877 181
1607612746687 0.3724973499774933 182
1607612746915 0.3731634318828583 183
1607612747132 0.37327033281326294 184
1607612747363 0.37362411618232727 185
1607612747578 0.3734467923641205 186
1607612747795 0.3725234866142273 187
1607612748014 0.37213075160980225 188
1607612748224 0.3722412884235382 189
1607612748461 0.37185364961624146 190
1607612748678 0.3717334568500519 191
1607612748895 0.3715241253376007 192
1607612749107 0.3714301884174347 193
1607612749331 0.3717375099658966 194
1607612749567 0.37140747904777527 195
1607612749809 0.3715313971042633 196
1607612750058 0.3717574179172516 197
1607612750292 0.37129926681518555 198
1607612750523 0.3709830939769745 199
1607612750769 0.3701736629009247 200
1607612751010 0.3695625960826874 201
1607612751255 0.3692092001438141 202
1607612751478 0.36907094717025757 203
1607612751695 0.36888614296913147 204
1607612751909 0.36875540018081665 205
1607612752122 0.3689468801021576 206
1607612752344 0.36965659260749817 207
1607612752563 0.36950749158859253 208
1607612752777 0.36984241008758545 209
1607612752995 0.36972901225090027 210
1607612753208 0.3699139952659607 211
1607612753417 0.37018120288848877 212
1607612753625 0.369804322719574 213
1607612753842 0.3694683015346527 214
1607612754053 0.36906880140304565 215
1607612754273 0.3686501979827881 216
1607612754488 0.36832985281944275 217
1607612754701 0.36797553300857544 218
1607612754921 0.3684042990207672 219
1607612755133 0.36817511916160583 220
1607612755343 0.3685247302055359 221
1607612755556 0.3688591420650482 222
1607612755775 0.3692006766796112 223
1607612756005 0.36931750178337097 224
1607612756237 0.3698037266731262 225
1607612756504 0.36911338567733765 226
1607612756750 0.3693438768386841 227
1607612756963 0.36843141913414 228
1607612757181 0.3682275712490082 229
1607612757394 0.3676040768623352 230
1607612757647 0.36751845479011536 231
1607612757874 0.367376446723938 232
1607612758088 0.3675471246242523 233
1607612758309 0.3671719431877136 234
1607612758519 0.36719226837158203 235
1607612758738 0.3673897981643677 236
1607612758959 0.3678121864795685 237
1607612759173 0.3683565855026245 238
1607612759390 0.3683333694934845 239
1607612759603 0.369301974773407 240
1607612759827 0.3684704005718231 241
1607612760045 0.3689101040363312 242
1607612760267 0.36862653493881226 243
1607612760477 0.3686695098876953 244
1607612760689 0.367961049079895 245
1607612760915 0.36728543043136597 246
1607612761147 0.36705753207206726 247
1607612761358 0.3667726516723633 248
1607612761572 0.3665359914302826 249
1607612761783 0.36674150824546814 250
1607612761991 0.36715757846832275 251
1607612762210 0.3673607110977173 252
1607612762429 0.3678937554359436 253
1607612762656 0.36821138858795166 254
1607612762873 0.3694234788417816 255
1607612763101 0.3693540692329407 256
1607612763327 0.3694254159927368 257
1607612763537 0.36943939328193665 258
1607612763753 0.3687225580215454 259
1607612763974 0.36852216720581055 260
1607612764193 0.3669608235359192 261
1607612764408 0.3666345179080963 262
1607612764621 0.3653254210948944 263
1607612764839 0.36525464057922363 264
1607612765060 0.3643819987773895 265
1607612765280 0.36469924449920654 266
1607612765495 0.3643782138824463 267
1607612765728 0.3646707832813263 268
1607612765943 0.3648407757282257 269
1607612766161 0.36546000838279724 270
1607612766373 0.36587077379226685 271
1607612766584 0.3662485182285309 272
1607612766821 0.3666910231113434 273
1607612767057 0.3669359087944031 274
1607612767285 0.36694350838661194 275
1607612767505 0.3667822778224945 276
1607612767725 0.3664875030517578 277
1607612767969 0.3662385046482086 278
1607612768207 0.36533865332603455 279
1607612768450 0.36524173617362976 280
1607612768681 0.3649097681045532 281
1607612768921 0.3648398816585541 282
1607612769149 0.36477187275886536 283
1607612769365 0.36434343457221985 284
1607612769571 0.3645952343940735 285
1607612769785 0.3647177517414093 286
1607612770003 0.36493247747421265 287
1607612770215 0.3650548756122589 288
1607612770417 0.3654451072216034 289
1607612770618 0.3659992814064026 290
1607612770825 0.36590176820755005 291
1607612771036 0.36595889925956726 292
1607612771243 0.36612364649772644 293
1607612771451 0.3657068610191345 294
1607612771651 0.3658428192138672 295
1607612771857 0.3651874363422394 296
1607612772077 0.3652617931365967 297
1607612772288 0.36534973978996277 298
1607612772498 0.364877849817276 299
1607612772707 0.36489078402519226 300
1607612772908 0.36477506160736084 301
1607612773115 0.36502593755722046 302
1607612773328 0.36497390270233154 303
1607612773535 0.3650936186313629 304
1607612773740 0.3651375472545624 305
1607612773951 0.3648771047592163 306
1607612774164 0.3643277585506439 307
1607612774375 0.3639806807041168 308
1607612774577 0.36386722326278687 309
1607612774785 0.3639456331729889 310
1607612774986 0.36342471837997437 311
1607612775197 0.36406633257865906 312
1607612775399 0.36426910758018494 313
1607612775604 0.3649275600910187 314
1607612775812 0.365186870098114 315
1607612776020 0.36561739444732666 316
1607612776273 0.36531534790992737 317
1607612776481 0.3654179573059082 318
1607612776687 0.36468735337257385 319
1607612776898 0.3648064434528351 320
1607612777137 0.3644029498100281 321
1607612777356 0.36459824442863464 322
1607612777568 0.36449769139289856 323
1607612777805 0.3639264404773712 324
1607612778076 0.3642742335796356 325
1607612778323 0.3640587031841278 326
1607612778565 0.3643978238105774 327
1607612778812 0.36463046073913574 328
1607612779047 0.36405643820762634 329
1607612779268 0.3637425899505615 330
1607612779492 0.36370858550071716 331
1607612779719 0.36379021406173706 332
1607612779934 0.3638290464878082 333
1607612780146 0.363385945558548 334
1607612780383 0.3633386790752411 335
1607612780612 0.3632035255432129 336
1607612780843 0.363625168800354 337
1607612781098 0.36345750093460083 338
1607612781326 0.3633383512496948 339
1607612781527 0.3637033700942993 340
1607612781758 0.3632894456386566 341
1607612781995 0.3638783395290375 342
1607612782211 0.3633694648742676 343
1607612782432 0.3635551333427429 344
1607612782650 0.3632751405239105 345
1607612782868 0.3626801371574402 346
1607612783078 0.3627329170703888 347
1607612783285 0.3625151216983795 348
1607612783500 0.36274176836013794 349
1607612783729 0.3629162907600403 350
1607612783949 0.36337798833847046 351
1607612784158 0.3634391725063324 352
1607612784371 0.36381208896636963 353
1607612784581 0.36341142654418945 354
1607612784823 0.363305002450943 355
1607612785095 0.36315056681632996 356
1607612785348 0.36275359988212585 357
1607612785630 0.3625929653644562 358
1607612785847 0.36202162504196167 359
1607612786128 0.3622988760471344 360
1607612786358 0.36196714639663696 361
1607612786604 0.36199474334716797 362
1607612786823 0.36168384552001953 363
1607612787044 0.3616899847984314 364
1607612787279 0.3619142472743988 365
1607612787480 0.36209842562675476 366
1607612787686 0.36219191551208496 367
1607612787893 0.3624662160873413 368
1607612788102 0.3623380661010742 369
1607612788318 0.362693727016449 370
1607612788541 0.3622817099094391 371
1607612788758 0.36205190420150757 372
1607612788970 0.36183223128318787 373
1607612789191 0.36119383573532104 374
1607612789396 0.36141952872276306 375
1607612789607 0.3612101376056671 376
1607612789822 0.3613843619823456 377
1607612790042 0.36133089661598206 378
1607612790259 0.36163267493247986 379
1607612790480 0.3621193766593933 380
1607612790706 0.3623387813568115 381
1607612790958 0.36304768919944763 382
1607612791211 0.3627997040748596 383
1607612791448 0.3633495569229126 384
1607612791693 0.362723171710968 385
1607612791914 0.3623846769332886 386
1607612792149 0.3620187044143677 387
1607612792382 0.3616064786911011 388
1607612792623 0.361847460269928 389
1607612792852 0.36121559143066406 390
1607612793083 0.3614092767238617 391
1607612793309 0.36160188913345337 392
1607612793557 0.3613525629043579 393
1607612793789 0.3617890775203705 394
1607612794055 0.3616880178451538 395
1607612794325 0.3614690601825714 396
1607612794556 0.3616856634616852 397
1607612794775 0.36136308312416077 398
1607612795004 0.3613903224468231 399
1607612795240 0.36116424202919006 400
1607612795475 0.36147433519363403 401
1607612795743 0.36161839962005615 402
1607612795993 0.3626087009906769 403
1607612796216 0.3621895909309387 404
1607612796447 0.3631746172904968 405
1607612796681 0.3624436557292938 406
1607612796910 0.362325519323349 407
1607612797135 0.36112043261528015 408
1607612797362 0.3607495427131653 409
1607612797589 0.36023765802383423 410
1607612797817 0.3602536916732788 411
1607612798044 0.3599483370780945 412
1607612798257 0.3602880537509918 413
1607612798505 0.3608068823814392 414
1607612798741 0.36109820008277893 415
1607612798975 0.3618393838405609 416
1607612799208 0.3621440529823303 417
1607612799444 0.3621891140937805 418
1607612799679 0.36169108748435974 419
1607612799918 0.36065149307250977 420
1607612800151 0.3605704605579376 421
1607612800390 0.3595401644706726 422
1607612800635 0.35932043194770813 423
1607612800864 0.3590470254421234 424
1607612801088 0.3592336177825928 425
1607612801308 0.3593599200248718 426
1607612801527 0.360139399766922 427
1607612801735 0.36050915718078613 428
1607612801944 0.36162978410720825 429
1607612802161 0.3625740706920624 430
1607612802393 0.3625597357749939 431
1607612802637 0.36281877756118774 432
1607612802859 0.36207106709480286 433
1607612803083 0.3620104491710663 434
1607612803312 0.3613786995410919 435
1607612803539 0.3611131012439728 436
1607612803761 0.36001914739608765 437
1607612803973 0.3601856231689453 438
1607612804190 0.35982778668403625 439
1607612804391 0.3603401482105255 440
1607612804622 0.3602810204029083 441
1607612804840 0.36094510555267334 442
1607612805052 0.361045777797699 443
1607612805260 0.36155110597610474 444
1607612805468 0.3612643778324127 445
1607612805696 0.36171263456344604 446
1607612805911 0.3609027564525604 447
1607612806116 0.3602079153060913 448
1607612806324 0.35950079560279846 449
1607612806532 0.3593325614929199 450
1607612806761 0.3590088188648224 451
1607612806981 0.3586559295654297 452
1607612807195 0.35833707451820374 453
1607612807414 0.3583965301513672 454
1607612807623 0.3583316504955292 455
1607612807831 0.35862043499946594 456
1607612808034 0.35861799120903015 457
1607612808245 0.3589809238910675 458
1607612808480 0.35925623774528503 459
1607612808717 0.359213262796402 460
1607612808955 0.3601009249687195 461
1607612809191 0.35995280742645264 462
1607612809424 0.36061036586761475 463
1607612809660 0.36071494221687317 464
1607612809887 0.3604829013347626 465
1607612810103 0.36013078689575195 466
1607612810309 0.3602123558521271 467
1607612810517 0.35975345969200134 468
1607612810726 0.3602089583873749 469
1607612810931 0.3594959080219269 470
1607612811138 0.3600683808326721 471
1607612811345 0.35946640372276306 472
1607612811558 0.35994336009025574 473
1607612811772 0.3601563572883606 474
1607612811990 0.3600847125053406 475
1607612812190 0.36009302735328674 476
1607612812397 0.36000221967697144 477
1607612812601 0.3602709472179413 478
1607612812819 0.36018887162208557 479
1607612813035 0.35994666814804077 480
1607612813243 0.3599469065666199 481
1607612813447 0.3602277636528015 482
1607612813654 0.3604448735713959 483
1607612813877 0.36041805148124695 484
1607612814079 0.3606480062007904 485
1607612814287 0.3604772388935089 486
1607612814492 0.36046457290649414 487
1607612814707 0.3598092794418335 488
1607612814931 0.359282523393631 489
1607612815141 0.359070360660553 490
1607612815359 0.35885027050971985 491
1607612815577 0.35878854990005493 492
1607612815787 0.3585222065448761 493
1607612816018 0.35852953791618347 494
1607612816280 0.3589096665382385 495
1607612816505 0.35881131887435913 496
1607612816715 0.3591173589229584 497
1607612816921 0.35876011848449707 498
1607612817138 0.35919302701950073 499
1607612817341 0.3588044047355652 500
1607612817549 0.3589666485786438 501
1607612817762 0.35865917801856995 502
1607612817966 0.3586452603340149 503
1607612818176 0.35820329189300537 504
1607612818382 0.3584621548652649 505
1607612818592 0.358211487531662 506
1607612818796 0.35851338505744934 507
1607612819008 0.35825178027153015 508
1607612819216 0.35857054591178894 509
1607612819420 0.358702152967453 510
1607612819624 0.35907232761383057 511
1607612819827 0.3591184914112091 512
1607612820037 0.3594520390033722 513
1607612820252 0.3594263195991516 514
1607612820470 0.35914281010627747 515
1607612820690 0.3588521182537079 516
1607612820903 0.35886114835739136 517
1607612821126 0.3587685823440552 518
1607612821353 0.3586606979370117 519
1607612821583 0.3587728440761566 520
1607612821799 0.3585563004016876 521
1607612822040 0.35917162895202637 522
1607612822257 0.35875844955444336 523
1607612822482 0.3588150143623352 524
1607612822706 0.35868164896965027 525
1607612822954 0.3581530451774597 526
1607612823179 0.35812175273895264 527
1607612823425 0.35778552293777466 528
1607612823642 0.35755303502082825 529
1607612823848 0.35769960284233093 530
1607612824060 0.3576068580150604 531
1607612824267 0.35796958208084106 532
1607612824473 0.35821256041526794 533
1607612824689 0.35866236686706543 534
1607612824906 0.358837753534317 535
1607612825122 0.3594488501548767 536
1607612825333 0.35899582505226135 537
1607612825546 0.3593679368495941 538
1607612825760 0.3584916889667511 539
1607612825971 0.35843414068222046 540
1607612826173 0.35780709981918335 541
1607612826378 0.357660174369812 542
1607612826588 0.3572704493999481 543
1607612826796 0.35750189423561096 544
1607612827007 0.3574329614639282 545
1607612827217 0.35765746235847473 546
1607612827421 0.3580892086029053 547
1607612827622 0.35828128457069397 548
1607612827832 0.3589344620704651 549
1607612828044 0.3590066134929657 550
1607612828253 0.3594697415828705 551
1607612828466 0.35939446091651917 552
1607612828672 0.35907697677612305 553
1607612828880 0.35846173763275146 554
1607612829102 0.3580813407897949 555
1607612829334 0.35777032375335693 556
1607612829549 0.3571775555610657 557
1607612829760 0.3568740487098694 558
1607612829974 0.3567531406879425 559
1607612830184 0.3570186495780945 560
1607612830396 0.3570932149887085 561
1607612830608 0.35790929198265076 562
1607612830815 0.35843387246131897 563
1607612831029 0.35909733176231384 564
1607612831233 0.3605138063430786 565
1607612831441 0.3604152202606201 566
1607612831655 0.36105042695999146 567
1607612832035 0.36037829518318176 568
1607612832242 0.359435111284256 569
1607612832449 0.3582765460014343 570
1607612832656 0.3577743470668793 571
1607612832872 0.3569895923137665 572
1607612833084 0.356810986995697 573
1607612833286 0.3561457395553589 574
1607612833492 0.3563581109046936 575
1607612833699 0.3560144007205963 576
1607612833918 0.35627198219299316 577
1607612834130 0.3564523160457611 578
1607612834344 0.3566085398197174 579
1607612834557 0.3568371832370758 580
1607612834769 0.3570951223373413 581
1607612834975 0.35777437686920166 582
1607612835189 0.35780975222587585 583
1607612835405 0.3579380512237549 584
1607612835614 0.3575853705406189 585
1607612835826 0.3577343821525574 586
1607612836033 0.35726284980773926 587
1607612836243 0.35719409584999084 588
1607612836456 0.3568008840084076 589
1607612836660 0.3567538857460022 590
1607612836867 0.3570285439491272 591
1607612837083 0.3567470610141754 592
1607612837295 0.357238233089447 593
1607612837512 0.3572077751159668 594
1607612837716 0.35771968960762024 595
1607612837924 0.35742294788360596 596
1607612838155 0.35830873250961304 597
1607612838361 0.3575904965400696 598
1607612838571 0.3582025468349457 599
1607612838788 0.3574238717556 600
1607612839008 0.3578363358974457 601
1607612839218 0.3574555218219757 602
1607612839430 0.3570740520954132 603
1607612839646 0.35704895853996277 604
1607612839884 0.3572362959384918 605
1607612840098 0.35735079646110535 606
1607612840313 0.3575010299682617 607
1607612840552 0.3572500944137573 608
1607612840790 0.3569927215576172 609
1607612841007 0.35708191990852356 610
1607612841219 0.3568797707557678 611
1607612841430 0.3568945825099945 612
1607612841642 0.3562230169773102 613
1607612841853 0.35625898838043213 614
1607612842066 0.3560981750488281 615
1607612842275 0.3563961684703827 616
1607612842492 0.3565419614315033 617
1607612842707 0.3568425476551056 618
1607612842920 0.35721370577812195 619
1607612843133 0.35734879970550537 620
1607612843338 0.3585543632507324 621
1607612843545 0.35876035690307617 622
1607612843752 0.3588707745075226 623
1607612843961 0.3587222993373871 624
1607612844164 0.3578088581562042 625
1607612844369 0.3579734265804291 626
1607612844577 0.35763227939605713 627
1607612844791 0.357404500246048 628
1607612845005 0.3567790389060974 629
1607612845212 0.35635659098625183 630
1607612845417 0.3565996289253235 631
1607612845621 0.355867862701416 632
1607612845828 0.35568714141845703 633
1607612846037 0.35537493228912354 634
1607612846252 0.35558387637138367 635
1607612846462 0.35565048456192017 636
1607612846678 0.35562095046043396 637
1607612846925 0.35600966215133667 638
1607612847177 0.3566763997077942 639
1607612847443 0.35736528038978577 640
1607612847655 0.35758736729621887 641
1607612847861 0.35789158940315247 642
1607612848078 0.3581137955188751 643
1607612848305 0.35808634757995605 644
1607612848541 0.3584156632423401 645
1607612848781 0.35790103673934937 646
1607612849015 0.35778623819351196 647
1607612849235 0.3579097390174866 648
1607612849457 0.35723891854286194 649
1607612849693 0.3569403290748596 650
1607612849932 0.3564094305038452 651
1607612850172 0.3567673861980438 652
1607612850422 0.35662463307380676 653
1607612850667 0.3567727506160736 654
1607612850926 0.35640397667884827 655
1607612851175 0.35684049129486084 656
1607612851424 0.3566098213195801 657
1607612851655 0.35721176862716675 658
1607612851883 0.3568132817745209 659
1607612852096 0.35681840777397156 660
1607612852318 0.3562171459197998 661
1607612852554 0.35665345191955566 662
1607612852794 0.35616666078567505 663
1607612853064 0.3564588129520416 664
1607612853325 0.3560592532157898 665
1607612853551 0.3560817837715149 666
1607612853779 0.3559989035129547 667
1607612854011 0.3556382358074188 668
1607612854233 0.3558892011642456 669
1607612854456 0.35551273822784424 670
1607612854680 0.35532131791114807 671
1607612854893 0.35516220331192017 672
1607612855103 0.3552092909812927 673
1607612855315 0.3555460274219513 674
1607612855526 0.3554075360298157 675
1607612855748 0.355428546667099 676
1607612855973 0.35557761788368225 677
1607612856207 0.3559516668319702 678
1607612856413 0.35592368245124817 679
1607612856631 0.3560054898262024 680
1607612856841 0.35601091384887695 681
1607612857059 0.3561978340148926 682
1607612857285 0.35600021481513977 683
1607612857496 0.3559631407260895 684
1607612857705 0.35580572485923767 685
1607612857923 0.35571473836898804 686
1607612858134 0.3556027412414551 687
1607612858350 0.3554825186729431 688
1607612858585 0.3555932641029358 689
1607612858797 0.3559369742870331 690
1607612859016 0.3556974530220032 691
1607612859224 0.3560543656349182 692
1607612859434 0.35611528158187866 693
1607612859647 0.3561267852783203 694
1607612859878 0.3556663691997528 695
1607612860111 0.35525283217430115 696
1607612860345 0.3551255464553833 697
1607612860587 0.3547796308994293 698
1607612860792 0.35452476143836975 699
1607612861001 0.3545339107513428 700
1607612861215 0.3549129366874695 701
1607612861445 0.35515454411506653 702
1607612861668 0.35605883598327637 703
1607612861914 0.3567485809326172 704
1607612862170 0.35721004009246826 705
1607612862406 0.3580356240272522 706
1607612862653 0.3579714298248291 707
1607612862912 0.35911229252815247 708
1607612863129 0.35761258006095886 709
1607612863344 0.35751867294311523 710
1607612863553 0.35597220063209534 711
1607612863777 0.3563588559627533 712
1607612864006 0.35487616062164307 713
1607612864229 0.3545551598072052 714
1607612864456 0.35392528772354126 715
1607612864676 0.35353973507881165 716
1607612864890 0.3535696864128113 717
1607612865112 0.35359156131744385 718
1607612865324 0.3538728952407837 719
1607612865532 0.35465380549430847 720
1607612865743 0.35469508171081543 721
1607612865960 0.35589146614074707 722
1607612866163 0.3556663393974304 723
1607612866375 0.3562683165073395 724
1607612866586 0.3558623492717743 725
1607612866801 0.3554944396018982 726
1607612867032 0.35499754548072815 727
1607612867255 0.3544362485408783 728
1607612867480 0.35439300537109375 729
1607612867690 0.35449355840682983 730
1607612867896 0.3545403778553009 731
1607612868111 0.35524317622184753 732
1607612868329 0.3557059168815613 733
1607612868547 0.35621199011802673 734
1607612868757 0.35685229301452637 735
1607612868972 0.35764509439468384 736
1607612869201 0.35798004269599915 737
1607612869419 0.35740572214126587 738
1607612869643 0.35653766989707947 739
1607612869851 0.35608696937561035 740
1607612870067 0.35554784536361694 741
1607612870278 0.3549627661705017 742
1607612870514 0.35433101654052734 743
1607612870727 0.3542868494987488 744
1607612870948 0.35430970788002014 745
1607612871171 0.35436004400253296 746
1607612871399 0.3547067940235138 747
1607612871612 0.3550942540168762 748
1607612871826 0.35541027784347534 749
1607612872048 0.35637804865837097 750
1607612872263 0.3562133312225342 751
1607612872478 0.3571154773235321 752
1607612872707 0.35700368881225586 753
1607612872923 0.35678428411483765 754
1607612873151 0.3561210334300995 755
1607612873367 0.355826199054718 756
1607612873590 0.3554956912994385 757
1607612873802 0.35509294271469116 758
1607612874018 0.3548983335494995 759
1607612874225 0.354411244392395 760
1607612874464 0.3546563684940338 761
1607612874688 0.354848176240921 762
1607612874914 0.35504189133644104 763
1607612875138 0.3551453649997711 764
1607612875352 0.35517165064811707 765
1607612875577 0.3550887405872345 766
1607612875803 0.3553597629070282 767
1607612876014 0.3553219735622406 768
1607612876219 0.3554443418979645 769
1607612876435 0.3550596237182617 770
1607612876661 0.35539448261260986 771
1607612876890 0.35536113381385803 772
1607612877111 0.35580000281333923 773
1607612877332 0.3554769456386566 774
1607612877556 0.3556492328643799 775
1607612877799 0.35528627038002014 776
1607612878021 0.35534438490867615 777
1607612878247 0.35489678382873535 778
1607612878465 0.35498106479644775 779
1607612878669 0.35473260283470154 780
1607612878919 0.3545243442058563 781
1607612879168 0.35468965768814087 782
1607612879384 0.35450831055641174 783
1607612879606 0.355207234621048 784
1607612879832 0.35485953092575073 785
1607612880069 0.3550579249858856 786
1607612880289 0.35501569509506226 787
1607612880526 0.35562172532081604 788
1607612880747 0.35518673062324524 789
1607612880993 0.3551817834377289 790
1607612881212 0.3548739552497864 791
1607612881426 0.3548388183116913 792
1607612881649 0.3547191917896271 793
1607612881866 0.3546799123287201 794
1607612882081 0.3545527160167694 795
1607612882289 0.3548582196235657 796
1607612882508 0.3544556200504303 797
1607612882720 0.35512056946754456 798
1607612882942 0.3550504446029663 799
1607612883153 0.3554172217845917 800
1607612883362 0.3549089729785919 801
1607612883569 0.35512617230415344 802
1607612883776 0.35487502813339233 803
1607612883992 0.3551478981971741 804
1607612884198 0.3544389605522156 805
1607612884408 0.3543465733528137 806
1607612884615 0.35411834716796875 807
1607612884826 0.35427743196487427 808
1607612885036 0.354145348072052 809
1607612885249 0.353753000497818 810
1607612885479 0.3543732464313507 811
1607612885704 0.3543730080127716 812
1607612885927 0.3552086651325226 813
1607612886150 0.3552829623222351 814
1607612886382 0.3552166223526001 815
1607612886610 0.35578107833862305 816
1607612886835 0.3556649386882782 817
1607612887044 0.3553677797317505 818
1607612887252 0.35488662123680115 819
1607612887460 0.35430970788002014 820
1607612887667 0.3541702926158905 821
1607612887869 0.35341864824295044 822
1607612888078 0.35319390892982483 823
1607612888294 0.35290712118148804 824
1607612888508 0.3528548777103424 825
1607612888725 0.35295549035072327 826
1607612888946 0.35321423411369324 827
1607612889173 0.35392701625823975 828
1607612889398 0.3544922173023224 829
1607612889612 0.3550076186656952 830
1607612889819 0.35606759786605835 831
1607612890028 0.3564557433128357 832
1607612890259 0.3565637767314911 833
1607612890489 0.3559230864048004 834
1607612890719 0.35563409328460693 835
1607612890937 0.3553920388221741 836
1607612891142 0.35532334446907043 837
1607612891356 0.354992538690567 838
1607612891580 0.3549477458000183 839
1607612891801 0.3550506830215454 840
1607612892033 0.3552989959716797 841
1607612892256 0.3555293679237366 842
1607612892469 0.3556687831878662 843
1607612892698 0.35655292868614197 844
1607612892917 0.35641515254974365 845
1607612893123 0.35672637820243835 846
1607612893340 0.35551026463508606 847
1607612893551 0.3555671274662018 848
1607612893771 0.3547244668006897 849
1607612894005 0.3545188009738922 850
1607612894237 0.3535032272338867 851
1607612894460 0.3533777892589569 852
1607612894679 0.35297051072120667 853
1607612894913 0.353066623210907 854
1607612895129 0.35317832231521606 855
1607612895341 0.35315051674842834 856
1607612895546 0.3533802032470703 857
1607612895753 0.3534209132194519 858
1607612895975 0.3537195026874542 859
1607612896191 0.35391175746917725 860
1607612896395 0.3537653386592865 861
1607612896602 0.353733628988266 862
1607612896816 0.3535647690296173 863
1607612897050 0.35358157753944397 864
1607612897292 0.3532012403011322 865
1607612897531 0.35341981053352356 866
1607612897748 0.353386789560318 867
1607612897984 0.35381582379341125 868
1607612898229 0.35375410318374634 869
1607612898468 0.35382330417633057 870
1607612898690 0.3544072210788727 871
1607612898902 0.3544546961784363 872
1607612899114 0.3544154465198517 873
1607612899332 0.3543564975261688 874
1607612899547 0.35418403148651123 875
1607612899759 0.3546101748943329 876
1607612899975 0.3545076251029968 877
1607612900203 0.35491642355918884 878
1607612900425 0.35459083318710327 879
1607612900629 0.35477298498153687 880
1607612900854 0.3540889620780945 881
1607612901078 0.3543389141559601 882
1607612901302 0.35373830795288086 883
1607612901521 0.35366904735565186 884
1607612901728 0.3532845377922058 885
1607612901933 0.35360926389694214 886
1607612902146 0.3534781038761139 887
1607612902351 0.3538513481616974 888
1607612902559 0.3536730110645294 889
1607612902771 0.3542117774486542 890
1607612902977 0.3538615107536316 891
1607612903188 0.3542785048484802 892
1607612903400 0.35373687744140625 893
1607612903620 0.3541756272315979 894
1607612903837 0.3538593649864197 895
1607612904090 0.3542739748954773 896
1607612904301 0.35397467017173767 897
1607612904538 0.35386180877685547 898
1607612904774 0.3539370596408844 899
1607612905004 0.35387688875198364 900
1607612905227 0.35345521569252014 901
1607612905446 0.3530900180339813 902
1607612905667 0.35284850001335144 903
1607612905889 0.35284870862960815 904
1607612906118 0.3529357314109802 905
1607612906334 0.3529045879840851 906
1607612906553 0.3530943691730499 907
1607612906783 0.3535575270652771 908
1607612907003 0.3536281883716583 909
1607612907232 0.35421308875083923 910
1607612907453 0.3544699549674988 911
1607612907671 0.3543788194656372 912
1607612907876 0.35457926988601685 913
1607612908092 0.3540513515472412 914
1607612908300 0.3542053699493408 915
1607612908506 0.3538312017917633 916
1607612908711 0.3534858226776123 917
1607612908936 0.3530939817428589 918
1607612909156 0.353179395198822 919
1607612909363 0.35302311182022095 920
1607612909570 0.3532571494579315 921
1607612909772 0.3533145785331726 922
1607612909987 0.35364750027656555 923
1607612910194 0.3541324734687805 924
1607612910402 0.3553973436355591 925
1607612910621 0.3549622595310211 926
1607612910853 0.35524070262908936 927
1607612911070 0.3550591766834259 928
1607612911286 0.3548746407032013 929
1607612911507 0.35463547706604004 930
1607612911741 0.3538879156112671 931
1607612911984 0.35425689816474915 932
1607612912225 0.353878915309906 933
1607612912462 0.3546103835105896 934
1607612912703 0.35429972410202026 935
1607612912934 0.3548399806022644 936
1607612913172 0.35488268733024597 937
1607612913393 0.3551120460033417 938
1607612913603 0.3549588918685913 939
1607612913827 0.3545032739639282 940
1607612914043 0.3542945981025696 941
1607612914249 0.354402631521225 942
1607612914459 0.353848934173584 943
1607612914663 0.35346952080726624 944
1607612914877 0.35316458344459534 945
1607612915089 0.35309964418411255 946
1607612915299 0.3530714809894562 947
1607612915523 0.3529261648654938 948
1607612915779 0.3528743386268616 949
1607612916017 0.35259369015693665 950
1607612916239 0.3525316119194031 951
1607612916461 0.3524321913719177 952
1607612916686 0.3525226414203644 953
1607612916919 0.3522765338420868 954
1607612917152 0.35244226455688477 955
1607612917376 0.3523687720298767 956
1607612917591 0.3526066243648529 957
1607612917801 0.3529040515422821 958
1607612918038 0.3527311086654663 959
1607612918282 0.3531460464000702 960
1607612918508 0.35310813784599304 961
1607612918724 0.35353654623031616 962
1607612918937 0.35339125990867615 963
1607612919174 0.3532058894634247 964
1607612919411 0.3532434403896332 965
1607612919623 0.352878600358963 966
1607612919855 0.3528665006160736 967
1607612920081 0.3525020182132721 968
1607612920298 0.35208916664123535 969
1607612920521 0.35205259919166565 970
1607612920727 0.35145336389541626 971
1607612920932 0.35160428285598755 972
1607612921138 0.35133713483810425 973
1607612921355 0.3516392409801483 974
1607612921566 0.351943701505661 975
1607612921779 0.352235347032547 976
1607612921992 0.35276734828948975 977
1607612922206 0.35342884063720703 978
1607612922411 0.35415634512901306 979
1607612922614 0.35471397638320923 980
1607612922825 0.35516536235809326 981
1607612923033 0.3553352952003479 982
1607612923237 0.35530200600624084 983
1607612923437 0.3549748957157135 984
1607612923643 0.3541187345981598 985
1607612923850 0.3535241186618805 986
1607612924058 0.3529660403728485 987
1607612924264 0.3530482053756714 988
1607612924473 0.3524336516857147 989
1607612924676 0.3524051904678345 990
1607612924882 0.35216718912124634 991
1607612925089 0.3525411784648895 992
1607612925292 0.353085458278656 993
1607612925510 0.35292813181877136 994
1607612925725 0.3538719117641449 995
1607612925931 0.35373592376708984 996
1607612926140 0.3541538417339325 997
1607612926348 0.35422301292419434 998
1607612926552 0.35428741574287415 999
