1607666473730 0.4739919602870941 0
1607666473873 0.46464046835899353 1
1607666474011 0.45681387186050415 2
1607666474142 0.4524569511413574 3
1607666474267 0.4463596045970917 4
1607666474400 0.44238606095314026 5
1607666474536 0.44022461771965027 6
1607666474662 0.43900173902511597 7
1607666474795 0.4383850693702698 8
1607666474924 0.4379260838031769 9
1607666475060 0.43713685870170593 10
1607666475191 0.4355013072490692 11
1607666475323 0.4348444640636444 12
1607666475448 0.43440863490104675 13
1607666475585 0.43395182490348816 14
1607666475714 0.43358978629112244 15
1607666475843 0.4316026568412781 16
1607666475975 0.43071433901786804 17
1607666476107 0.4303078055381775 18
1607666476237 0.4307624399662018 19
1607666476365 0.4304148554801941 20
1607666476497 0.42927807569503784 21
1607666476628 0.4281727373600006 22
1607666476761 0.4267035722732544 23
1607666476892 0.4254170358181 24
1607666477022 0.4249938428401947 25
1607666477157 0.4241807758808136 26
1607666477301 0.4236838221549988 27
1607666477434 0.4230287969112396 28
1607666477578 0.4223361611366272 29
1607666477719 0.4216431677341461 30
1607666477846 0.42016708850860596 31
1607666477978 0.41921550035476685 32
1607666478107 0.41856661438941956 33
1607666478238 0.4186863303184509 34
1607666478378 0.4178609549999237 35
1607666478542 0.4165574312210083 36
1607666478685 0.41561415791511536 37
1607666478816 0.4142096936702728 38
1607666478949 0.4132537543773651 39
1607666479080 0.4131774306297302 40
1607666479214 0.4127752482891083 41
1607666479356 0.4117096960544586 42
1607666479492 0.41114944219589233 43
1607666479627 0.4093659520149231 44
1607666479765 0.40851128101348877 45
1607666479901 0.40812137722969055 46
1607666480039 0.4078410863876343 47
1607666480176 0.4071043133735657 48
1607666480312 0.4062322676181793 49
1607666480450 0.4052300453186035 50
1607666480581 0.40446579456329346 51
1607666480741 0.40398547053337097 52
1607666480891 0.4040104150772095 53
1607666481050 0.40454497933387756 54
1607666481202 0.4050878882408142 55
1607666481341 0.40413159132003784 56
1607666481478 0.40136972069740295 57
1607666481622 0.39951714873313904 58
1607666481766 0.3986201584339142 59
1607666481911 0.39887261390686035 60
1607666482057 0.399379700422287 61
1607666482198 0.3998824656009674 62
1607666482346 0.3997287452220917 63
1607666482482 0.39835357666015625 64
1607666482625 0.3969118893146515 65
1607666482761 0.39542752504348755 66
1607666482896 0.39510127902030945 67
1607666483030 0.3946167826652527 68
1607666483174 0.39465874433517456 69
1607666483319 0.39481663703918457 70
1607666483462 0.3949551582336426 71
1607666483614 0.3936288356781006 72
1607666483890 0.3915785849094391 73
1607666484028 0.38997846841812134 74
1607666484168 0.38980594277381897 75
1607666484304 0.39107728004455566 76
1607666484443 0.3924224078655243 77
1607666484574 0.3936890661716461 78
1607666484704 0.39228516817092896 79
1607666484830 0.3911988139152527 80
1607666484973 0.3899775743484497 81
1607666485100 0.3897990882396698 82
1607666485232 0.3889058828353882 83
1607666485368 0.388967365026474 84
1607666485500 0.38854148983955383 85
1607666485642 0.38898617029190063 86
1607666485788 0.3880237340927124 87
1607666485920 0.38894134759902954 88
1607666486063 0.3897455632686615 89
1607666486197 0.38780853152275085 90
1607666486422 0.3859076499938965 91
1607666486571 0.38409343361854553 92
1607666486710 0.3835206925868988 93
1607666486843 0.3834615647792816 94
1607666486981 0.38383644819259644 95
1607666487113 0.3846064805984497 96
1607666487248 0.38501936197280884 97
1607666487383 0.3846064805984497 98
1607666487541 0.3836657404899597 99
1607666487693 0.38303619623184204 100
1607666487838 0.3821752071380615 101
1607666487985 0.38150572776794434 102
1607666488134 0.38075196743011475 103
1607666488283 0.3807774484157562 104
1607666488433 0.38027632236480713 105
1607666488586 0.38064688444137573 106
1607666488766 0.38081488013267517 107
1607666488921 0.3811456561088562 108
1607666489080 0.38003382086753845 109
1607666489230 0.38022804260253906 110
1607666489370 0.3793453276157379 111
1607666489537 0.3793753683567047 112
1607666489695 0.37892234325408936 113
1607666489847 0.37841707468032837 114
1607666489992 0.37857747077941895 115
1607666490123 0.3782801628112793 116
1607666490256 0.37916287779808044 117
1607666490385 0.3785451054573059 118
1607666490519 0.37839844822883606 119
1607666490649 0.3766824007034302 120
1607666490780 0.37671422958374023 121
1607666490909 0.37554994225502014 122
1607666491046 0.3758257329463959 123
1607666491176 0.3757058382034302 124
1607666491309 0.37657299637794495 125
1607666491446 0.377492755651474 126
1607666491594 0.37747177481651306 127
1607666491729 0.37746328115463257 128
1607666491870 0.3771457374095917 129
1607666492002 0.3758338689804077 130
1607666492135 0.3760722279548645 131
1607666492273 0.3754275143146515 132
1607666492411 0.3756069242954254 133
1607666492541 0.3748171627521515 134
1607666492674 0.3751119375228882 135
1607666492807 0.3748488128185272 136
1607666492942 0.37512442469596863 137
1607666493068 0.3756803274154663 138
1607666493198 0.3754781484603882 139
1607666493327 0.3756779730319977 140
1607666493463 0.3758004307746887 141
1607666493592 0.3752041757106781 142
1607666493722 0.3749014437198639 143
1607666493857 0.37313929200172424 144
1607666493994 0.372785747051239 145
1607666494125 0.3721458911895752 146
1607666494255 0.3716764450073242 147
1607666494386 0.37219634652137756 148
1607666494514 0.3725878894329071 149
1607666494650 0.3730255365371704 150
1607666494781 0.37356680631637573 151
1607666494914 0.37357276678085327 152
1607666495047 0.37391403317451477 153
1607666495187 0.37357276678085327 154
1607666495318 0.3729139566421509 155
1607666495446 0.37260037660598755 156
1607666495579 0.3721540570259094 157
1607666495706 0.3719290792942047 158
1607666495845 0.3714319169521332 159
1607666495976 0.3718891143798828 160
1607666496104 0.37094345688819885 161
1607666496233 0.37141963839530945 162
1607666496367 0.3716657757759094 163
1607666496506 0.3717520236968994 164
1607666496647 0.3727584183216095 165
1607666496790 0.37316441535949707 166
1607666496927 0.3733665943145752 167
1607666497063 0.37268444895744324 168
1607666497196 0.37149521708488464 169
1607666497326 0.3704298734664917 170
1607666497460 0.3696744740009308 171
1607666497591 0.3689585030078888 172
1607666497725 0.3685545027256012 173
1607666497873 0.36832302808761597 174
1607666498012 0.3683944642543793 175
1607666498151 0.36879467964172363 176
1607666498289 0.36955657601356506 177
1607666498422 0.3697144389152527 178
1607666498571 0.37032678723335266 179
1607666498710 0.3706470727920532 180
1607666498846 0.370135098695755 181
1607666498978 0.3697875142097473 182
1607666499110 0.36704933643341064 183
1607666499258 0.36659035086631775 184
1607666499400 0.3665420711040497 185
1607666499535 0.36676087975502014 186
1607666499676 0.36746618151664734 187
1607666499836 0.3681669533252716 188
1607666499981 0.369819700717926 189
1607666500116 0.3708004057407379 190
1607666500259 0.37157300114631653 191
1607666500406 0.37188658118247986 192
1607666500557 0.37065067887306213 193
1607666500718 0.36940285563468933 194
1607666500896 0.3679986000061035 195
1607666501079 0.3677692711353302 196
1607666501248 0.367118775844574 197
1607666501417 0.3674430251121521 198
1607666501614 0.36720287799835205 199
1607666501805 0.3674388825893402 200
1607666501961 0.3679313063621521 201
1607666502118 0.3680135905742645 202
1607666502265 0.3686743974685669 203
1607666502427 0.36816081404685974 204
1607666502582 0.3691543638706207 205
1607666502717 0.36847439408302307 206
1607666502854 0.3683588206768036 207
1607666503003 0.36761337518692017 208
1607666503141 0.3671104609966278 209
1607666503276 0.36650824546813965 210
1607666503412 0.3660895824432373 211
1607666503545 0.3661588430404663 212
1607666503686 0.36572954058647156 213
1607666503824 0.36543259024620056 214
1607666503960 0.3653864562511444 215
1607666504096 0.36540111899375916 216
1607666504245 0.36565810441970825 217
1607666504390 0.36572936177253723 218
1607666504523 0.3657675087451935 219
1607666504656 0.36590224504470825 220
1607666504789 0.3661968410015106 221
1607666504929 0.3672788143157959 222
1607666505067 0.3666220009326935 223
1607666505207 0.36676087975502014 224
1607666505342 0.36628326773643494 225
1607666505476 0.3660472631454468 226
1607666505606 0.365704208612442 227
1607666505735 0.3662053346633911 228
1607666505870 0.3659040331840515 229
1607666506004 0.3666265308856964 230
1607666506144 0.3665608763694763 231
1607666506289 0.36681151390075684 232
1607666506430 0.36779242753982544 233
1607666506570 0.3673838973045349 234
1607666506708 0.3667777180671692 235
1607666506841 0.3657696843147278 236
1607666506970 0.36613354086875916 237
1607666507104 0.36540329456329346 238
1607666507246 0.36469799280166626 239
1607666507395 0.3641635775566101 240
1607666507531 0.36405816674232483 241
1607666507666 0.3637445867061615 242
1607666507807 0.36352357268333435 243
1607666507945 0.3638308346271515 244
1607666508089 0.3642815053462982 245
1607666508231 0.3644706606864929 246
1607666508373 0.36496129631996155 247
1607666508514 0.36533185839653015 248
1607666508658 0.36532315611839294 249
1607666508796 0.36567291617393494 250
1607666508934 0.36470431089401245 251
1607666509064 0.3642308712005615 252
1607666509197 0.3634626269340515 253
1607666509331 0.3634076714515686 254
1607666509470 0.3631828725337982 255
1607666509618 0.36313602328300476 256
1607666509758 0.363683819770813 257
1607666509902 0.3634602725505829 258
1607666510042 0.36365848779678345 259
1607666510182 0.3639867305755615 260
1607666510339 0.36438024044036865 261
1607666510483 0.36481624841690063 262
1607666510625 0.3646853268146515 263
1607666510766 0.36493000388145447 264
1607666510906 0.3647737503051758 265
1607666511078 0.364483505487442 266
1607666511228 0.36368778347969055 267
1607666511363 0.36368346214294434 268
1607666511522 0.363439679145813 269
1607666511693 0.36314451694488525 270
1607666511861 0.36340802907943726 271
1607666512005 0.3636709749698639 272
1607666512146 0.36402469873428345 273
1607666512294 0.3642835021018982 274
1607666512442 0.36487719416618347 275
1607666512585 0.36401185393333435 276
1607666512733 0.3637995421886444 277
1607666512877 0.36282044649124146 278
1607666513031 0.3628501296043396 279
1607666513180 0.36208170652389526 280
1607666513336 0.3618207573890686 281
1607666513489 0.36177030205726624 282
1607666513650 0.36234918236732483 283
1607666513790 0.3625994622707367 284
1607666513937 0.36360371112823486 285
1607666514079 0.36426252126693726 286
1607666514233 0.36453813314437866 287
1607666514398 0.36501845717430115 288
1607666514554 0.3641422390937805 289
1607666514708 0.36422473192214966 290
1607666514851 0.363176167011261 291
1607666515001 0.36262279748916626 292
1607666515171 0.3621470034122467 293
1607666515324 0.3619449734687805 294
1607666515465 0.36233019828796387 295
1607666515604 0.3627029061317444 296
1607666515737 0.3629257082939148 297
1607666515872 0.3634291887283325 298
1607666516021 0.36303314566612244 299
1607666516169 0.3633911907672882 300
1607666516296 0.3630584478378296 301
1607666516430 0.3625636696815491 302
1607666516566 0.36194300651550293 303
1607666516715 0.3611639142036438 304
1607666516855 0.36169686913490295 305
1607666516996 0.3616100549697876 306
1607666517130 0.3614652156829834 307
1607666517261 0.36110714077949524 308
1607666517395 0.361256867647171 309
1607666517528 0.3611346185207367 310
1607666517677 0.36137479543685913 311
1607666517836 0.3611640930175781 312
1607666517989 0.3612988293170929 313
1607666518122 0.36128202080726624 314
1607666518258 0.36113879084587097 315
1607666518392 0.3612610399723053 316
1607666518525 0.36143139004707336 317
1607666518661 0.3609599173069 318
1607666518797 0.3606314957141876 319
1607666518930 0.3606063723564148 320
1607666519069 0.3604884743690491 321
1607666519210 0.3610232174396515 322
1607666519345 0.36079373955726624 323
1607666519484 0.3615409731864929 324
1607666519622 0.36189886927604675 325
1607666519756 0.3619178533554077 326
1607666519892 0.3620060980319977 327
1607666520020 0.36111363768577576 328
1607666520150 0.36070528626441956 329
1607666520291 0.35991808772087097 330
1607666520439 0.3594549298286438 331
1607666520581 0.3588718771934509 332
1607666520716 0.35873499512672424 333
1607666520862 0.35916250944137573 334
1607666520994 0.35959380865097046 335
1607666521125 0.3607307970523834 336
1607666521255 0.362252414226532 337
1607666521390 0.363439679145813 338
1607666521531 0.3636774718761444 339
1607666521670 0.36379340291023254 340
1607666521804 0.3629786968231201 341
1607666521939 0.3631134331226349 342
1607666522073 0.3618628978729248 343
1607666522202 0.36091580986976624 344
1607666522334 0.36021700501441956 345
1607666522468 0.35964229702949524 346
1607666522596 0.35972872376441956 347
1607666522756 0.3594612777233124 348
1607666522904 0.35972240567207336 349
1607666523039 0.36000651121139526 350
1607666523173 0.3606065511703491 351
1607666523325 0.3607284426689148 352
1607666523460 0.36121490597724915 353
1607666523593 0.36131781339645386 354
1607666523727 0.3615180253982544 355
1607666523859 0.36128416657447815 356
1607666524020 0.361031711101532 357
1607666524163 0.36042535305023193 358
1607666524301 0.36051812767982483 359
1607666524444 0.36012008786201477 360
1607666524577 0.360158234834671 361
1607666524731 0.3596990704536438 362
1607666524872 0.3599291145801544 363
1607666525002 0.3596882224082947 364
1607666525154 0.35849103331565857 365
1607666525307 0.3580108880996704 366
1607666525441 0.35805320739746094 367
1607666525579 0.3580678403377533 368
1607666525717 0.3583584725856781 369
1607666525872 0.35873717069625854 370
1607666526023 0.35962584614753723 371
1607666526173 0.35979166626930237 372
1607666526326 0.3601457476615906 373
1607666526489 0.35980433225631714 374
1607666526647 0.3605584502220154 375
1607666526789 0.3603452444076538 376
1607666526932 0.36047616600990295 377
1607666527078 0.35975387692451477 378
1607666527231 0.3598931133747101 379
1607666527380 0.3596276342868805 380
1607666527519 0.3589709997177124 381
1607666527652 0.35874149203300476 382
1607666527785 0.35849320888519287 383
1607666527929 0.3585205078125 384
1607666528083 0.3585626482963562 385
1607666528236 0.35867005586624146 386
1607666528375 0.3590279519557953 387
1607666528523 0.35989493131637573 388
1607666528660 0.3609248399734497 389
1607666528797 0.3610968291759491 390
1607666528927 0.3611581325531006 391
1607666529055 0.3605833947658539 392
1607666529208 0.3602065145969391 393
1607666529352 0.3599730432033539 394
1607666529501 0.3591350317001343 395
1607666529640 0.3586868941783905 396
1607666529774 0.35826170444488525 397
1607666529904 0.35792064666748047 398
1607666530045 0.35797128081321716 399
1607666530174 0.35788068175315857 400
1607666530304 0.3582322299480438 401
1607666530442 0.35826191306114197 402
1607666530577 0.35882994532585144 403
1607666530708 0.3593543767929077 404
1607666530844 0.36000651121139526 405
1607666530976 0.36040055751800537 406
1607666531115 0.35967394709587097 407
1607666531241 0.35966163873672485 408
1607666531370 0.35874783992767334 409
1607666531497 0.3584763705730438 410
1607666531635 0.3572640120983124 411
1607666531769 0.35720503330230713 412
1607666531905 0.3566010296344757 413
1607666532044 0.35661348700523376 414
1607666532183 0.35691893100738525 415
1607666532319 0.3570956289768219 416
1607666532450 0.3579251766204834 417
1607666532581 0.35838812589645386 418
1607666532711 0.3593985140323639 419
1607666532854 0.36015623807907104 420
1607666532986 0.3602951467037201 421
1607666533122 0.3604342043399811 422
1607666533254 0.35990142822265625 423
1607666533392 0.35961318016052246 424
1607666533524 0.3584405779838562 425
1607666533659 0.35797977447509766 426
1607666533798 0.3570471704006195 427
1607666533931 0.3566852807998657 428
1607666534083 0.3561020791530609 429
1607666534219 0.35601797699928284 430
1607666534359 0.3558727502822876 431
1607666534493 0.35622847080230713 432
1607666534626 0.3565737009048462 433
1607666534764 0.3574010729789734 434
1607666534898 0.35806187987327576 435
1607666535030 0.3595797121524811 436
1607666535162 0.3596784472465515 437
1607666535299 0.359863817691803 438
1607666535457 0.35880714654922485 439
1607666535594 0.35860714316368103 440
1607666535726 0.3576345443725586 441
1607666535857 0.3567400872707367 442
1607666535989 0.3562496304512024 443
1607666536128 0.3556222915649414 444
1607666536281 0.35585394501686096 445
1607666536418 0.35541394352912903 446
1607666536555 0.3558834195137024 447
1607666536692 0.35606861114501953 448
1607666536831 0.3564959466457367 449
1607666536970 0.3574032485485077 450
1607666537124 0.3577945828437805 451
1607666537271 0.3587418496608734 452
1607666537402 0.35885146260261536 453
1607666537533 0.3592258095741272 454
1607666537666 0.3591274321079254 455
1607666537821 0.35871002078056335 456
1607666537966 0.35928747057914734 457
1607666538130 0.3586006164550781 458
1607666538284 0.35862213373184204 459
1607666538437 0.35790202021598816 460
1607666538592 0.35790419578552246 461
1607666538753 0.3578978478908539 462
1607666538907 0.35740524530410767 463
1607666539046 0.3575611114501953 464
1607666539201 0.3574495315551758 465
1607666539356 0.3575461208820343 466
1607666539510 0.3574032485485077 467
1607666539658 0.3570220172405243 468
1607666539797 0.3569970726966858 469
1607666539935 0.35622432827949524 470
1607666540075 0.35576769709587097 471
1607666540208 0.35535717010498047 472
1607666540343 0.3553466796875 473
1607666540489 0.3555552065372467 474
1607666540635 0.35564759373664856 475
1607666540765 0.3562098443508148 476
1607666540899 0.35646429657936096 477
1607666541029 0.3571276366710663 478
1607666541165 0.357560932636261 479
1607666541297 0.35783708095550537 480
1607666541427 0.3575397729873657 481
1607666541556 0.3572896718978882 482
1607666541699 0.35663482546806335 483
1607666541830 0.35652977228164673 484
1607666541964 0.3564096987247467 485
1607666542106 0.3565824031829834 486
1607666542243 0.3564538061618805 487
1607666542382 0.3571697771549225 488
1607666542528 0.35704952478408813 489
1607666542672 0.3579906225204468 490
1607666542809 0.35804107785224915 491
1607666542952 0.3581314980983734 492
1607666543083 0.3574875295162201 493
1607666543225 0.35673394799232483 494
1607666543360 0.35643917322158813 495
1607666543493 0.35578250885009766 496
1607666543624 0.3552708923816681 497
1607666543760 0.35495316982269287 498
1607666543892 0.35505425930023193 499
1607666544029 0.3550204336643219 500
1607666544168 0.3553237020969391 501
1607666544312 0.35569408535957336 502
1607666544445 0.3560541570186615 503
1607666544579 0.35619720816612244 504
1607666544711 0.35577836632728577 505
1607666544845 0.3557235598564148 506
1607666544980 0.3554731011390686 507
1607666545116 0.3553531765937805 508
1607666545257 0.35476166009902954 509
1607666545391 0.3548249304294586 510
1607666545523 0.3546605408191681 511
1607666545657 0.35498282313346863 512
1607666545798 0.3552625775337219 513
1607666545928 0.3554859161376953 514
1607666546062 0.35624566674232483 515
1607666546194 0.35668349266052246 516
1607666546330 0.35734665393829346 517
1607666546459 0.3577190041542053 518
1607666546593 0.3583950102329254 519
1607666546749 0.3586640954017639 520
1607666546892 0.3578222692012787 521
1607666547027 0.3569759130477905 522
1607666547159 0.3564058840274811 523
1607666547286 0.35566025972366333 524
1607666547437 0.3556564748287201 525
1607666547580 0.35512152314186096 526
1607666547715 0.3550710678100586 527
1607666547850 0.3552965819835663 528
1607666548165 0.35515081882476807 529
1607666548302 0.35606932640075684 530
1607666548435 0.35589590668678284 531
1607666548565 0.35626718401908875 532
1607666548696 0.35570022463798523 533
1607666548831 0.35559752583503723 534
1607666548987 0.3550983667373657 535
1607666549127 0.35489439964294434 536
1607666549263 0.35476797819137573 537
1607666549396 0.35477015376091003 538
1607666549551 0.3546227514743805 539
1607666549691 0.35467973351478577 540
1607666549820 0.3544670641422272 541
1607666549956 0.35448822379112244 542
1607666550093 0.3543493151664734 543
1607666550252 0.3542229235172272 544
1607666550399 0.3544335961341858 545
1607666550554 0.35430464148521423 546
1607666550713 0.35349899530410767 547
1607666550873 0.35389232635498047 548
1607666551031 0.3547620177268982 549
1607666551195 0.3560393154621124 550
1607666551337 0.35774901509284973 551
1607666551562 0.35906630754470825 552
1607666551715 0.360475093126297 553
1607666551868 0.3603607714176178 554
1607666552024 0.3606642484664917 555
1607666552180 0.3585588335990906 556
1607666552323 0.35707953572273254 557
1607666552453 0.35533419251441956 558
1607666552586 0.3547070324420929 559
1607666552718 0.35411983728408813 560
1607666552854 0.35387352108955383 561
1607666552987 0.3537156283855438 562
1607666553125 0.35398727655410767 563
1607666553261 0.3539746105670929 564
1607666553396 0.3548882305622101 565
1607666553537 0.3551996648311615 566
1607666553670 0.35571542382240295 567
1607666553801 0.3556016683578491 568
1607666553930 0.35621219873428345 569
1607666554067 0.35600152611732483 570
1607666554199 0.35596174001693726 571
1607666554338 0.3552732467651367 572
1607666554469 0.3554018437862396 573
1607666554599 0.35496997833251953 574
1607666554735 0.3551137447357178 575
1607666554865 0.35455945134162903 576
1607666555002 0.355381041765213 577
1607666555139 0.3549341857433319 578
1607666555275 0.3547956347465515 579
1607666555409 0.3543429970741272 580
1607666555541 0.35431766510009766 581
1607666555674 0.3546799123287201 582
1607666555802 0.3542102575302124 583
1607666555932 0.354317843914032 584
1607666556063 0.35412833094596863 585
1607666556199 0.3542231023311615 586
1607666556326 0.3540210723876953 587
1607666556460 0.3536335229873657 588
1607666556590 0.3535286486148834 589
1607666556722 0.3531852066516876 590
1607666556859 0.35313495993614197 591
1607666556998 0.35277053713798523 592
1607666557130 0.3529728949069977 593
1607666557261 0.35305899381637573 594
1607666557392 0.35384657979011536 595
1607666557523 0.3540440499782562 596
1607666557663 0.3549831807613373 597
1607666557797 0.35564181208610535 598
1607666557946 0.35609880089759827 599
1607666558075 0.3560374975204468 600
1607666558204 0.3561219573020935 601
1607666558335 0.355574369430542 602
1607666558470 0.3553725481033325 603
1607666558602 0.3548755645751953 604
1607666558730 0.3549135625362396 605
1607666558879 0.3548482656478882 606
1607666559020 0.3546251058578491 607
1607666559155 0.3548314571380615 608
1607666559285 0.35519132018089294 609
1607666559415 0.355328232049942 610
1607666559567 0.35543131828308105 611
1607666559702 0.3558756411075592 612
1607666559831 0.3554879128932953 613
1607666559961 0.3549641966819763 614
1607666560101 0.3540861904621124 615
1607666560254 0.3540632128715515 616
1607666560404 0.3538040816783905 617
1607666560546 0.35325703024864197 618
1607666560683 0.35285064578056335 619
1607666560825 0.35289081931114197 620
1607666560977 0.3529181182384491 621
1607666561115 0.353202223777771 622
1607666561251 0.35381293296813965 623
1607666561397 0.3543345034122467 624
1607666561531 0.35521286725997925 625
1607666561683 0.3551005423069 626
1607666561823 0.35586750507354736 627
1607666561958 0.3554374575614929 628
1607666562089 0.35531991720199585 629
1607666562246 0.3545263707637787 630
1607666562393 0.3542294204235077 631
1607666562524 0.35409289598464966 632
1607666562663 0.35394513607025146 633
1607666562802 0.354179322719574 634
1607666562977 0.35472819209098816 635
1607666563125 0.35487595200538635 636
1607666563279 0.35461661219596863 637
1607666563431 0.35449907183647156 638
1607666563592 0.3540274202823639 639
1607666563747 0.35408222675323486 640
1607666563900 0.35364654660224915 641
1607666564055 0.35364004969596863 642
1607666564214 0.35368651151657104 643
1607666564372 0.35388436913490295 644
1607666564525 0.3540990352630615 645
1607666564679 0.3548506200313568 646
1607666564815 0.3547093868255615 647
1607666564952 0.3550925850868225 648
1607666565088 0.35442110896110535 649
1607666565220 0.35443177819252014 650
1607666565368 0.35433050990104675 651
1607666565512 0.3540843725204468 652
1607666565651 0.35351166129112244 653
1607666565787 0.3534846901893616 654
1607666565924 0.3531201183795929 655
1607666566056 0.35337311029434204 656
1607666566191 0.35334327816963196 657
1607666566331 0.35349518060684204 658
1607666566462 0.35367387533187866 659
1607666566600 0.3537539839744568 660
1607666566737 0.353777140378952 661
1607666566880 0.3537939488887787 662
1607666567008 0.3537561595439911 663
1607666567143 0.3536760210990906 664
1607666567287 0.35348036885261536 665
1607666567421 0.35306134819984436 666
1607666567563 0.3531436324119568 667
1607666567695 0.3535686135292053 668
1607666567841 0.35377928614616394 669
1607666567984 0.3540295958518982 670
1607666568116 0.35438549518585205 671
1607666568259 0.3551580607891083 672
1607666568399 0.3557913899421692 673
1607666568542 0.35607367753982544 674
1607666568681 0.35523563623428345 675
1607666568809 0.354703426361084 676
1607666568939 0.3538801968097687 677
1607666569071 0.3532170355319977 678
1607666569211 0.35258787870407104 679
1607666569364 0.3519435524940491 680
1607666569504 0.35188278555870056 681
1607666569638 0.3515731692314148 682
1607666569771 0.35209110379219055 683
1607666569899 0.3522300124168396 684
1607666570030 0.3525077700614929 685
1607666570162 0.3531353175640106 686
1607666570302 0.3531307876110077 687
1607666570449 0.35365939140319824 688
1607666570581 0.3534928262233734 689
1607666570716 0.3535941243171692 690
1607666570848 0.35327619314193726 691
1607666571000 0.3532108962535858 692
1607666571139 0.3529731035232544 693
1607666571269 0.3531036674976349 694
1607666571402 0.3531099855899811 695
1607666571541 0.35323622822761536 696
1607666571765 0.3530510365962982 697
1607666571905 0.35311198234558105 698
1607666572047 0.35308900475502014 699
1607666572191 0.3529626131057739 700
1607666572330 0.353149950504303 701
1607666572475 0.35291847586631775 702
1607666572632 0.353044718503952 703
1607666572773 0.3528994917869568 704
1607666572911 0.3528636693954468 705
1607666573050 0.35272061824798584 706
1607666573190 0.3526826500892639 707
1607666573351 0.35246798396110535 708
1607666573491 0.35196489095687866 709
1607666573627 0.352051317691803 710
1607666573755 0.35205331444740295 711
1607666573884 0.3519670367240906 712
1607666574041 0.35196489095687866 713
1607666574184 0.3520408272743225 714
1607666574319 0.35221534967422485 715
1607666574450 0.35267651081085205 716
1607666574590 0.3525311052799225 717
1607666574744 0.35329118371009827 718
1607666574897 0.3532993197441101 719
1607666575053 0.3536006212234497 720
1607666575209 0.3536825478076935 721
1607666575369 0.35430988669395447 722
1607666575521 0.3547350764274597 723
1607666575681 0.35463377833366394 724
1607666575840 0.3550131916999817 725
1607666575999 0.3547746539115906 726
1607666576152 0.35523420572280884 727
1607666576322 0.3538610339164734 728
1607666576471 0.3526510000228882 729
1607666576627 0.3520006835460663 730
1607666576782 0.3519437313079834 731
1607666576964 0.352331280708313 732
1607666577104 0.3524762988090515 733
1607666577252 0.352697491645813 734
1607666577391 0.35295844078063965 735
1607666577526 0.3533163368701935 736
1607666577671 0.353672057390213 737
1607666577806 0.3537498116493225 738
1607666577947 0.35345739126205444 739
1607666578085 0.35303205251693726 740
1607666578227 0.352750301361084 741
1607666578373 0.3520173132419586 742
1607666578506 0.3519567549228668 743
1607666578645 0.35139647126197815 744
1607666578783 0.3516872823238373 745
1607666578922 0.35148924589157104 746
1607666579061 0.3518344759941101 747
1607666579194 0.35239654779434204 748
1607666579331 0.3528383672237396 749
1607666579474 0.3532806932926178 750
1607666579615 0.3536299169063568 751
1607666579773 0.3536469042301178 752
1607666579922 0.3534362316131592 753
1607666580081 0.3533521294593811 754
1607666580236 0.3525332808494568 755
1607666580392 0.3518344759941101 756
1607666580546 0.3512304723262787 757
1607666580774 0.35094618797302246 758
1607666580926 0.35059264302253723 759
1607666581063 0.3508094549179077 760
1607666581194 0.35106825828552246 761
1607666581332 0.3516283333301544 762
1607666581469 0.35234591364860535 763
1607666581599 0.35354384779930115 764
1607666581732 0.3548571467399597 765
1607666581868 0.3560696840286255 766
1607666582009 0.35596877336502075 767
1607666582146 0.35578957200050354 768
1607666582279 0.3548046946525574 769
1607666582414 0.35345304012298584 770
1607666582549 0.35274195671081543 771
1607666582687 0.3517796993255615 772
1607666582827 0.35144513845443726 773
1607666582962 0.3510114550590515 774
1607666583091 0.3509714901447296 775
1607666583219 0.3508893847465515 776
1607666583357 0.3511357009410858 777
1607666583495 0.3511715233325958 778
1607666583631 0.35169145464897156 779
1607666583771 0.3519545793533325 780
1607666583904 0.35202184319496155 781
1607666584041 0.3524303734302521 782
1607666584185 0.3525249660015106 783
1607666584321 0.352958619594574 784
1607666584461 0.35343658924102783 785
1607666584618 0.3535583019256592 786
1607666584775 0.35416486859321594 787
1607666584907 0.3540151119232178 788
1607666585045 0.3542386293411255 789
1607666585219 0.35382142663002014 790
1607666585369 0.353116512298584 791
1607666585527 0.35213759541511536 792
1607666585687 0.3515252470970154 793
1607666585849 0.3512599468231201 794
1607666586004 0.3507799804210663 795
1607666586158 0.35079699754714966 796
1607666586294 0.3506094515323639 797
1607666586429 0.35096970200538635 798
1607666586565 0.3508852422237396 799
1607666586698 0.3513612151145935 800
1607666586833 0.35186198353767395 801
1607666586969 0.35207465291023254 802
1607666587108 0.35255661606788635 803
1607666587247 0.3525441288948059 804
1607666587383 0.3526640236377716 805
1607666587518 0.3524934947490692 806
1607666587665 0.3526323735713959 807
1607666587799 0.3524555265903473 808
1607666587939 0.3523862361907959 809
1607666588079 0.3521355986595154 810
1607666588214 0.35191044211387634 811
1607666588343 0.3514831066131592 812
1607666588491 0.3512789309024811 813
1607666588629 0.35101380944252014 814
1607666588769 0.3505168557167053 815
1607666588901 0.35056549310684204 816
1607666589037 0.3504011034965515 817
1607666589168 0.3510033190250397 818
1607666589304 0.351299911737442 819
1607666589437 0.35232946276664734 820
1607666589565 0.35272061824798584 821
1607666589707 0.3540324866771698 822
1607666589844 0.3537626564502716 823
1607666589984 0.3543229103088379 824
1607666590151 0.3536764085292816 825
1607666590299 0.3536091148853302 826
1607666590459 0.3523271083831787 827
1607666590630 0.3524641990661621 828
1607666590773 0.3517608940601349 829
1607666590931 0.35203269124031067 830
1607666591077 0.3515462279319763 831
1607666591219 0.3519252836704254 832
1607666591358 0.3515125811100006 833
1607666591492 0.35153791308403015 834
1607666591627 0.351683109998703 835
1607666591760 0.35161784291267395 836
1607666591896 0.3516010344028473 837
1607666592029 0.3514704406261444 838
1607666592157 0.3517315983772278 839
1607666592295 0.3515925109386444 840
1607666592439 0.3520263731479645 841
1607666592575 0.35189563035964966 842
1607666592719 0.35194841027259827 843
1607666592861 0.3517187535762787 844
1607666592990 0.35225170850753784 845
1607666593123 0.35205549001693726 846
1607666593257 0.35258209705352783 847
1607666593391 0.3520028591156006 848
1607666593540 0.35207900404930115 849
1607666593680 0.3515652120113373 850
1607666593824 0.35142433643341064 851
1607666593969 0.35088324546813965 852
1607666594103 0.3505465090274811 853
1607666594251 0.35015714168548584 854
1607666594385 0.3500877022743225 855
1607666594519 0.350134015083313 856
1607666594667 0.35019710659980774 857
1607666594813 0.350620299577713 858
1607666594972 0.3505297005176544 859
1607666595115 0.35102230310440063 860
1607666595272 0.3508980870246887 861
1607666595411 0.351230651140213 862
1607666595549 0.35114437341690063 863
1607666595690 0.35117366909980774 864
1607666595836 0.3511192500591278 865
1607666595988 0.35087475180625916 866
1607666596145 0.3511340916156769 867
1607666596302 0.35091906785964966 868
1607666596457 0.35138872265815735 869
1607666596611 0.35162216424942017 870
1607666596764 0.35228732228279114 871
1607666596924 0.3525905907154083 872
1607666597064 0.3534470796585083 873
1607666597201 0.35388943552970886 874
1607666597333 0.3538869023323059 875
1607666597475 0.3535400331020355 876
1607666597611 0.352817565202713 877
1607666597758 0.3523632884025574 878
1607666597895 0.35117366909980774 879
1607666598029 0.3505087196826935 880
1607666598160 0.34961408376693726 881
1607666598295 0.3493867516517639 882
1607666598422 0.34888580441474915 883
1607666598553 0.3486921191215515 884
1607666598693 0.34896376729011536 885
1607666598831 0.3492688536643982 886
1607666598972 0.3498922288417816 887
1607666599107 0.3504853844642639 888
1607666599241 0.35185402631759644 889
1607666599374 0.353078693151474 890
1607666599508 0.3547399342060089 891
1607666599644 0.35534974932670593 892
1607666599775 0.35549333691596985 893
1607666599917 0.35465511679649353 894
1607666600065 0.35391438007354736 895
1607666600196 0.35223469138145447 896
1607666600328 0.3513756990432739 897
1607666600465 0.3503676652908325 898
1607666600603 0.3495529592037201 899
1607666600740 0.3491131365299225 900
1607666600896 0.3490626811981201 901
1607666601043 0.349190890789032 902
1607666601197 0.3494122624397278 903
1607666601350 0.34969183802604675 904
1607666601524 0.350428968667984 905
1607666601678 0.3507865071296692 906
1607666601831 0.35162651538848877 907
1607666601978 0.35207483172416687 908
1607666602126 0.35229799151420593 909
1607666602260 0.351438969373703 910
1607666602391 0.3500728905200958 911
1607666602529 0.3500077724456787 912
1607666602670 0.35044559836387634 913
1607666602807 0.35077184438705444 914
1607666602939 0.35147061944007874 915
1607666603074 0.35143300890922546 916
1607666603212 0.35223668813705444 917
1607666603343 0.35233595967292786 918
1607666603478 0.3519693911075592 919
1607666603609 0.35139504075050354 920
1607666603751 0.3506539463996887 921
1607666603891 0.3501383364200592 922
1607666604024 0.34991300106048584 923
1607666604168 0.3500121235847473 924
1607666604300 0.3498140871524811 925
1607666604437 0.3500247895717621 926
1607666604573 0.3499383330345154 927
1607666604706 0.3503025472164154 928
1607666604842 0.35024577379226685 929
1607666604980 0.3503130376338959 930
1607666605117 0.3502162992954254 931
1607666605248 0.35012152791023254 932
1607666605384 0.3499636650085449 933
1607666605522 0.3500036299228668 934
1607666605661 0.3501931428909302 935
1607666605796 0.3503866493701935 936
1607666605944 0.35094889998435974 937
1607666606097 0.3510033190250397 938
1607666606255 0.35168150067329407 939
1607666606410 0.3515147566795349 940
1607666606563 0.3515845537185669 941
1607666606720 0.3510391414165497 942
1607666606883 0.35069626569747925 943
1607666607039 0.3501361906528473 944
1607666607184 0.349820613861084 945
1607666607319 0.34969836473464966 946
1607666607457 0.3498269319534302 947
1607666607601 0.3496015965938568 948
1607666607743 0.35033637285232544 949
1607666607880 0.35058051347732544 950
1607666608016 0.35118037462234497 951
1607666608153 0.3517382740974426 952
1607666608294 0.35183918476104736 953
1607666608428 0.35209816694259644 954
1607666608558 0.35187914967536926 955
1607666608686 0.3512140214443207 956
1607666608826 0.350917249917984 957
1607666608965 0.3502774238586426 958
1607666609098 0.3502247929573059 959
1607666609231 0.3503025472164154 960
1607666609367 0.3505595326423645 961
1607666609498 0.3509508967399597 962
1607666609640 0.3517487645149231 963
1607666609776 0.35246437788009644 964
1607666609909 0.3530179262161255 965
1607666610046 0.3527589738368988 966
1607666610178 0.3525991141796112 967
1607666610313 0.3518032133579254 968
1607666610447 0.35143518447875977 969
1607666610586 0.3503296673297882 970
1607666610716 0.3497280180454254 971
1607666610845 0.34907734394073486 972
1607666611000 0.3492165803909302 973
1607666611143 0.3493173122406006 974
1607666611301 0.349818617105484 975
1607666611464 0.3501298427581787 976
1607666611620 0.3510141670703888 977
1607666611775 0.3512054979801178 978
1607666611934 0.35205185413360596 979
1607666612078 0.3517360985279083 980
1607666612214 0.3514138460159302 981
1607666612351 0.3507573902606964 982
1607666612480 0.35015732049942017 983
1607666612639 0.3497869670391083 984
1607666612987 0.3491491377353668 985
1607666613136 0.3489512801170349 986
1607666613280 0.34865450859069824 987
1607666613411 0.3488881587982178 988
1607666613550 0.3485429286956787 989
1607666613684 0.3494187593460083 990
1607666613818 0.34951117634773254 991
1607666613973 0.3507302403450012 992
1607666614114 0.3505381941795349 993
1607666614245 0.35129448771476746 994
1607666614382 0.3514011800289154 995
1607666614515 0.3521701395511627 996
1607666614651 0.35187897086143494 997
1607666614783 0.3518352210521698 998
1607666614911 0.3511277437210083 999
