1607666473730 0.47393736243247986 0
1607666473873 0.46462905406951904 1
1607666474011 0.45680320262908936 2
1607666474142 0.4524630606174469 3
1607666474267 0.44634774327278137 4
1607666474400 0.4423663914203644 5
1607666474536 0.4402385354042053 6
1607666474662 0.4390125274658203 7
1607666474795 0.4383944272994995 8
1607666474924 0.43796128034591675 9
1607666475060 0.4371412396430969 10
1607666475191 0.43550384044647217 11
1607666475323 0.43483254313468933 12
1607666475448 0.4343578517436981 13
1607666475585 0.43394342064857483 14
1607666475714 0.4335566759109497 15
1607666475843 0.43159958720207214 16
1607666475975 0.4306708574295044 17
1607666476107 0.4303033649921417 18
1607666476237 0.4307119846343994 19
1607666476365 0.43039563298225403 20
1607666476497 0.42925432324409485 21
1607666476628 0.4281397759914398 22
1607666476761 0.4266974627971649 23
1607666476892 0.4253946542739868 24
1607666477022 0.42498141527175903 25
1607666477157 0.4241757392883301 26
1607666477301 0.42366084456443787 27
1607666477434 0.4229952394962311 28
1607666477578 0.4223410487174988 29
1607666477719 0.4216175675392151 30
1607666477846 0.42014557123184204 31
1607666477978 0.41919058561325073 32
1607666478107 0.4185744822025299 33
1607666478238 0.41865459084510803 34
1607666478378 0.4178665578365326 35
1607666478542 0.4165503978729248 36
1607666478685 0.41554078459739685 37
1607666478816 0.41418030858039856 38
1607666478949 0.413236528635025 39
1607666479080 0.4131804406642914 40
1607666479214 0.4127930998802185 41
1607666479356 0.4117378890514374 42
1607666479492 0.41112467646598816 43
1607666479627 0.40936312079429626 44
1607666479765 0.408506840467453 45
1607666479901 0.4080900549888611 46
1607666480039 0.4078351557254791 47
1607666480176 0.4070945978164673 48
1607666480312 0.40624570846557617 49
1607666480450 0.4052436351776123 50
1607666480581 0.40442803502082825 51
1607666480741 0.40397465229034424 52
1607666480891 0.40400615334510803 53
1607666481050 0.4045213460922241 54
1607666481202 0.40509673953056335 55
1607666481341 0.40414583683013916 56
1607666481478 0.40135982632637024 57
1607666481622 0.39952555298805237 58
1607666481766 0.39862385392189026 59
1607666481911 0.3988829553127289 60
1607666482057 0.39936351776123047 61
1607666482198 0.39986035227775574 62
1607666482346 0.3997092545032501 63
1607666482482 0.39836668968200684 64
1607666482625 0.39694520831108093 65
1607666482761 0.39541128277778625 66
1607666482896 0.3950868844985962 67
1607666483030 0.394605427980423 68
1607666483174 0.39466536045074463 69
1607666483319 0.39479830861091614 70
1607666483462 0.39492520689964294 71
1607666483614 0.39362138509750366 72
1607666483890 0.39154893159866333 73
1607666484028 0.38996583223342896 74
1607666484168 0.38980725407600403 75
1607666484304 0.391042560338974 76
1607666484443 0.3924362063407898 77
1607666484574 0.39368346333503723 78
1607666484704 0.3922940194606781 79
1607666484830 0.3911919891834259 80
1607666484973 0.38995683193206787 81
1607666485100 0.3897881805896759 82
1607666485232 0.3889120817184448 83
1607666485368 0.38895004987716675 84
1607666485500 0.38853535056114197 85
1607666485642 0.38898220658302307 86
1607666485788 0.38803040981292725 87
1607666485920 0.3889431953430176 88
1607666486063 0.38971638679504395 89
1607666486197 0.38781413435935974 90
1607666486422 0.3859013617038727 91
1607666486571 0.3840915560722351 92
1607666486710 0.3835454285144806 93
1607666486843 0.3834277391433716 94
1607666486981 0.3838096261024475 95
1607666487113 0.38459232449531555 96
1607666487248 0.38502970337867737 97
1607666487383 0.3846016824245453 98
1607666487541 0.38366401195526123 99
1607666487693 0.38300567865371704 100
1607666487838 0.3821657598018646 101
1607666487985 0.38148072361946106 102
1607666488134 0.38074803352355957 103
1607666488283 0.38075584173202515 104
1607666488433 0.38029319047927856 105
1607666488586 0.38065850734710693 106
1607666488766 0.3808114528656006 107
1607666488921 0.381093829870224 108
1607666489080 0.3800448477268219 109
1607666489230 0.3801863193511963 110
1607666489370 0.3793196678161621 111
1607666489537 0.37934669852256775 112
1607666489695 0.3789093792438507 113
1607666489847 0.3784096837043762 114
1607666489992 0.37855440378189087 115
1607666490123 0.3782530725002289 116
1607666490256 0.3791521489620209 117
1607666490385 0.378537654876709 118
1607666490519 0.37842604517936707 119
1607666490649 0.37667524814605713 120
1607666490780 0.3766991198062897 121
1607666490909 0.3755849301815033 122
1607666491046 0.37577927112579346 123
1607666491176 0.37576693296432495 124
1607666491309 0.37655630707740784 125
1607666491446 0.377511590719223 126
1607666491594 0.3774544894695282 127
1607666491729 0.37743571400642395 128
1607666491870 0.37715715169906616 129
1607666492002 0.3758261799812317 130
1607666492135 0.3760460615158081 131
1607666492273 0.3754531443119049 132
1607666492411 0.37561652064323425 133
1607666492541 0.37479838728904724 134
1607666492674 0.3751000761985779 135
1607666492807 0.37483519315719604 136
1607666492942 0.37512803077697754 137
1607666493068 0.37569206953048706 138
1607666493198 0.375484824180603 139
1607666493327 0.3756651282310486 140
1607666493463 0.37574437260627747 141
1607666493592 0.3751969039440155 142
1607666493722 0.3748849928379059 143
1607666493857 0.37309256196022034 144
1607666493994 0.37276145815849304 145
1607666494125 0.3721345365047455 146
1607666494255 0.37170350551605225 147
1607666494386 0.37218907475471497 148
1607666494514 0.37260740995407104 149
1607666494650 0.372998982667923 150
1607666494781 0.37353965640068054 151
1607666494914 0.37357914447784424 152
1607666495047 0.37391048669815063 153
1607666495187 0.37355679273605347 154
1607666495318 0.3728981912136078 155
1607666495446 0.37262189388275146 156
1607666495579 0.37218335270881653 157
1607666495706 0.3719101846218109 158
1607666495845 0.3714138865470886 159
1607666495976 0.37187477946281433 160
1607666496104 0.37094008922576904 161
1607666496233 0.3714178800582886 162
1607666496367 0.37163233757019043 163
1607666496506 0.37174075841903687 164
1607666496647 0.37275949120521545 165
1607666496790 0.3731754422187805 166
1607666496927 0.37337279319763184 167
1607666497063 0.3726646304130554 168
1607666497196 0.3714936077594757 169
1607666497326 0.3704284727573395 170
1607666497460 0.3696709871292114 171
1607666497591 0.3689233958721161 172
1607666497725 0.3685512840747833 173
1607666497873 0.3683297038078308 174
1607666498012 0.3683779835700989 175
1607666498151 0.36881768703460693 176
1607666498289 0.3695405125617981 177
1607666498422 0.36970120668411255 178
1607666498571 0.3703230321407318 179
1607666498710 0.37068143486976624 180
1607666498846 0.3701295852661133 181
1607666498978 0.3697844445705414 182
1607666499110 0.36707279086112976 183
1607666499258 0.36656174063682556 184
1607666499400 0.36650699377059937 185
1607666499535 0.36676087975502014 186
1607666499676 0.36745622754096985 187
1607666499836 0.36817342042922974 188
1607666499981 0.3698076605796814 189
1607666500116 0.3707645535469055 190
1607666500259 0.3715706169605255 191
1607666500406 0.37191954255104065 192
1607666500557 0.3706516921520233 193
1607666500718 0.3694017231464386 194
1607666500896 0.3679698705673218 195
1607666501079 0.36774903535842896 196
1607666501248 0.3671364188194275 197
1607666501417 0.36741915345191956 198
1607666501614 0.3671897351741791 199
1607666501805 0.3674505054950714 200
1607666501961 0.3679380714893341 201
1607666502118 0.36804449558258057 202
1607666502265 0.3686516284942627 203
1607666502427 0.3681574761867523 204
1607666502582 0.3691566586494446 205
1607666502717 0.36844345927238464 206
1607666502854 0.3683592677116394 207
1607666503003 0.3676309287548065 208
1607666503141 0.3670891523361206 209
1607666503276 0.36654752492904663 210
1607666503412 0.3661002814769745 211
1607666503545 0.36614492535591125 212
1607666503686 0.36573073267936707 213
1607666503824 0.3654414117336273 214
1607666503960 0.3653818368911743 215
1607666504096 0.3653962016105652 216
1607666504245 0.36565545201301575 217
1607666504390 0.36570367217063904 218
1607666504523 0.3657646179199219 219
1607666504656 0.36592933535575867 220
1607666504789 0.36621132493019104 221
1607666504929 0.3672766089439392 222
1607666505067 0.3666333556175232 223
1607666505207 0.36675915122032166 224
1607666505342 0.36624598503112793 225
1607666505476 0.3660212457180023 226
1607666505606 0.36572757363319397 227
1607666505735 0.366164892911911 228
1607666505870 0.36592328548431396 229
1607666506004 0.36666035652160645 230
1607666506144 0.36656466126441956 231
1607666506289 0.3667749762535095 232
1607666506430 0.36777636408805847 233
1607666506570 0.36739805340766907 234
1607666506708 0.3667648434638977 235
1607666506841 0.36579960584640503 236
1607666506970 0.36611852049827576 237
1607666507104 0.36538079380989075 238
1607666507246 0.3646984100341797 239
1607666507395 0.3641579747200012 240
1607666507531 0.36405807733535767 241
1607666507666 0.36371472477912903 242
1607666507807 0.36353006958961487 243
1607666507945 0.36384129524230957 244
1607666508089 0.3642442524433136 245
1607666508231 0.3645143508911133 246
1607666508373 0.3649505376815796 247
1607666508514 0.3653448820114136 248
1607666508658 0.36527150869369507 249
1607666508796 0.3656541407108307 250
1607666508934 0.36472684144973755 251
1607666509064 0.36422839760780334 252
1607666509197 0.3634699285030365 253
1607666509331 0.3634198009967804 254
1607666509470 0.3631594181060791 255
1607666509618 0.3630831837654114 256
1607666509758 0.3636782467365265 257
1607666509902 0.36345174908638 258
1607666510042 0.3636758625507355 259
1607666510182 0.36398300528526306 260
1607666510339 0.3643873929977417 261
1607666510483 0.3648111820220947 262
1607666510625 0.36467039585113525 263
1607666510766 0.3649081885814667 264
1607666510906 0.36475837230682373 265
1607666511078 0.36447787284851074 266
1607666511228 0.36368757486343384 267
1607666511363 0.36369165778160095 268
1607666511522 0.3634284436702728 269
1607666511693 0.36317387223243713 270
1607666511861 0.3634115159511566 271
1607666512005 0.36368587613105774 272
1607666512146 0.36397290229797363 273
1607666512294 0.36425623297691345 274
1607666512442 0.3648749589920044 275
1607666512585 0.36396676301956177 276
1607666512733 0.3637958765029907 277
1607666512877 0.3628252148628235 278
1607666513031 0.3628227710723877 279
1607666513180 0.36211177706718445 280
1607666513336 0.361829936504364 281
1607666513489 0.36175960302352905 282
1607666513650 0.3623240888118744 283
1607666513790 0.36260443925857544 284
1607666513937 0.3635859191417694 285
1607666514079 0.3642590641975403 286
1607666514233 0.3645350933074951 287
1607666514398 0.36499711871147156 288
1607666514554 0.36417248845100403 289
1607666514708 0.3641965985298157 290
1607666514851 0.3631662428379059 291
1607666515001 0.362598180770874 292
1607666515171 0.3621126115322113 293
1607666515324 0.36190226674079895 294
1607666515465 0.36232125759124756 295
1607666515604 0.36270472407341003 296
1607666515737 0.3629470765590668 297
1607666515872 0.3633992075920105 298
1607666516021 0.36303478479385376 299
1607666516169 0.3634016811847687 300
1607666516296 0.363033264875412 301
1607666516430 0.36251816153526306 302
1607666516566 0.36195042729377747 303
1607666516715 0.3611517548561096 304
1607666516855 0.3616970181465149 305
1607666516996 0.3615693151950836 306
1607666517130 0.3614563047885895 307
1607666517261 0.36110344529151917 308
1607666517395 0.3612733781337738 309
1607666517528 0.3611355721950531 310
1607666517677 0.3613479733467102 311
1607666517836 0.361156702041626 312
1607666517989 0.3613233268260956 313
1607666518122 0.36126959323883057 314
1607666518258 0.3611225187778473 315
1607666518392 0.36130303144454956 316
1607666518525 0.3614206910133362 317
1607666518661 0.3609127998352051 318
1607666518797 0.3606579005718231 319
1607666518930 0.3605722486972809 320
1607666519069 0.36047661304473877 321
1607666519210 0.3610103130340576 322
1607666519345 0.36078473925590515 323
1607666519484 0.3615657389163971 324
1607666519622 0.36185941100120544 325
1607666519756 0.3619309663772583 326
1607666519892 0.36201584339141846 327
1607666520020 0.3611272871494293 328
1607666520150 0.360711932182312 329
1607666520291 0.35993218421936035 330
1607666520439 0.35945945978164673 331
1607666520581 0.3588450253009796 332
1607666520716 0.35867738723754883 333
1607666520862 0.35913577675819397 334
1607666520994 0.35959872603416443 335
1607666521125 0.3607250154018402 336
1607666521255 0.36225971579551697 337
1607666521390 0.36347952485084534 338
1607666521531 0.36368700861930847 339
1607666521670 0.3637964129447937 340
1607666521804 0.36297592520713806 341
1607666521939 0.3631215989589691 342
1607666522073 0.36184510588645935 343
1607666522202 0.36092546582221985 344
1607666522334 0.3602578639984131 345
1607666522468 0.35959288477897644 346
1607666522596 0.3597099184989929 347
1607666522756 0.3594454824924469 348
1607666522904 0.3597111701965332 349
1607666523039 0.3600078821182251 350
1607666523173 0.36059486865997314 351
1607666523325 0.36073729395866394 352
1607666523460 0.3612457811832428 353
1607666523593 0.3612988591194153 354
1607666523727 0.3615627884864807 355
1607666523859 0.3612998127937317 356
1607666524020 0.36102917790412903 357
1607666524163 0.3603989779949188 358
1607666524301 0.36050406098365784 359
1607666524444 0.36010777950286865 360
1607666524577 0.36014291644096375 361
1607666524731 0.3596983551979065 362
1607666524872 0.35993650555610657 363
1607666525002 0.3596862852573395 364
1607666525154 0.35845354199409485 365
1607666525307 0.35798582434654236 366
1607666525441 0.3580431342124939 367
1607666525579 0.3580681383609772 368
1607666525717 0.35833069682121277 369
1607666525872 0.3587017357349396 370
1607666526023 0.3595954477787018 371
1607666526173 0.3597692847251892 372
1607666526326 0.3601297438144684 373
1607666526489 0.35978561639785767 374
1607666526647 0.3605213165283203 375
1607666526789 0.3603416681289673 376
1607666526932 0.3604373037815094 377
1607666527078 0.35974329710006714 378
1607666527231 0.3598981499671936 379
1607666527380 0.35961928963661194 380
1607666527519 0.3590031564235687 381
1607666527652 0.3587607741355896 382
1607666527785 0.35850533843040466 383
1607666527929 0.3584887683391571 384
1607666528083 0.35856151580810547 385
1607666528236 0.358690083026886 386
1607666528375 0.3590431809425354 387
1607666528523 0.3598853349685669 388
1607666528660 0.36095279455184937 389
1607666528797 0.3610645532608032 390
1607666528927 0.36114463210105896 391
1607666529055 0.36053770780563354 392
1607666529208 0.3602108359336853 393
1607666529352 0.3599628806114197 394
1607666529501 0.3591379225254059 395
1607666529640 0.3587084412574768 396
1607666529774 0.35828131437301636 397
1607666529904 0.35794270038604736 398
1607666530045 0.35797423124313354 399
1607666530174 0.35783690214157104 400
1607666530304 0.35821691155433655 401
1607666530442 0.35828420519828796 402
1607666530577 0.35883474349975586 403
1607666530708 0.35935014486312866 404
1607666530844 0.3599805533885956 405
1607666530976 0.36038708686828613 406
1607666531115 0.35966357588768005 407
1607666531241 0.35961732268333435 408
1607666531370 0.358761191368103 409
1607666531497 0.3584831953048706 410
1607666531635 0.35724136233329773 411
1607666531769 0.3572034537792206 412
1607666531905 0.35661548376083374 413
1607666532044 0.35661306977272034 414
1607666532183 0.3568771779537201 415
1607666532319 0.35710951685905457 416
1607666532450 0.3579360842704773 417
1607666532581 0.3583572506904602 418
1607666532711 0.3593572676181793 419
1607666532854 0.3601435124874115 420
1607666532986 0.36029016971588135 421
1607666533122 0.36041292548179626 422
1607666533254 0.3599300682544708 423
1607666533392 0.35961654782295227 424
1607666533524 0.3584429621696472 425
1607666533659 0.35797688364982605 426
1607666533798 0.3570273220539093 427
1607666533931 0.35667210817337036 428
1607666534083 0.35606324672698975 429
1607666534219 0.3560529947280884 430
1607666534359 0.3558395206928253 431
1607666534493 0.3562277555465698 432
1607666534626 0.35657715797424316 433
1607666534764 0.3574244976043701 434
1607666534898 0.358068585395813 435
1607666535030 0.3595902919769287 436
1607666535162 0.3596401512622833 437
1607666535299 0.3598218560218811 438
1607666535457 0.35881245136260986 439
1607666535594 0.3585355281829834 440
1607666535726 0.35763803124427795 441
1607666535857 0.3567262589931488 442
1607666535989 0.3562578558921814 443
1607666536128 0.3556087017059326 444
1607666536281 0.3558216392993927 445
1607666536418 0.35539138317108154 446
1607666536555 0.3558802306652069 447
1607666536692 0.35603854060173035 448
1607666536831 0.3564893305301666 449
1607666536970 0.35741886496543884 450
1607666537124 0.3577810525894165 451
1607666537271 0.3587208390235901 452
1607666537402 0.3588176965713501 453
1607666537533 0.3592132329940796 454
1607666537666 0.35909730195999146 455
1607666537821 0.3586854636669159 456
1607666537966 0.35925960540771484 457
1607666538130 0.358597069978714 458
1607666538284 0.3586598336696625 459
1607666538437 0.35788699984550476 460
1607666538592 0.3578774034976959 461
1607666538753 0.3578873574733734 462
1607666538907 0.35740935802459717 463
1607666539046 0.3575615882873535 464
1607666539201 0.35745373368263245 465
1607666539356 0.3575398623943329 466
1607666539510 0.3573940396308899 467
1607666539658 0.3569799065589905 468
1607666539797 0.35696685314178467 469
1607666539935 0.3562408685684204 470
1607666540075 0.3557804226875305 471
1607666540208 0.3553433418273926 472
1607666540343 0.3553069829940796 473
1607666540489 0.35554584860801697 474
1607666540635 0.3556450307369232 475
1607666540765 0.35619476437568665 476
1607666540899 0.35643628239631653 477
1607666541029 0.3570961654186249 478
1607666541165 0.3575844466686249 479
1607666541297 0.3578336536884308 480
1607666541427 0.35751432180404663 481
1607666541556 0.35730069875717163 482
1607666541699 0.35665056109428406 483
1607666541830 0.35651227831840515 484
1607666541964 0.356435090303421 485
1607666542106 0.356549471616745 486
1607666542243 0.3564627766609192 487
1607666542382 0.35715287923812866 488
1607666542528 0.35702577233314514 489
1607666542672 0.3579649329185486 490
1607666542809 0.35804781317710876 491
1607666542952 0.35812047123908997 492
1607666543083 0.3574839234352112 493
1607666543225 0.3567124605178833 494
1607666543360 0.3564516305923462 495
1607666543493 0.35579913854599 496
1607666543624 0.35528865456581116 497
1607666543760 0.3549649119377136 498
1607666543892 0.3550451695919037 499
1607666544029 0.35501745343208313 500
1607666544168 0.35531583428382874 501
1607666544312 0.3556666076183319 502
1607666544445 0.35605302453041077 503
1607666544579 0.3562285602092743 504
1607666544711 0.3557735085487366 505
1607666544845 0.3557349145412445 506
1607666544980 0.35546329617500305 507
1607666545116 0.3553561866283417 508
1607666545257 0.3547903895378113 509
1607666545391 0.3548174500465393 510
1607666545523 0.3546571135520935 511
1607666545657 0.35497555136680603 512
1607666545798 0.35524576902389526 513
1607666545928 0.35544848442077637 514
1607666546062 0.3562043011188507 515
1607666546194 0.3566896915435791 516
1607666546330 0.3573487102985382 517
1607666546459 0.3577081859111786 518
1607666546593 0.35842275619506836 519
1607666546749 0.3586437404155731 520
1607666546892 0.3577909469604492 521
1607666547027 0.35694870352745056 522
1607666547159 0.3564065396785736 523
1607666547286 0.355677992105484 524
1607666547437 0.3556581437587738 525
1607666547580 0.3551229238510132 526
1607666547715 0.3550747036933899 527
1607666547850 0.35526716709136963 528
1607666548165 0.35517317056655884 529
1607666548302 0.3560483753681183 530
1607666548435 0.3558536469936371 531
1607666548565 0.35627123713493347 532
1607666548696 0.35569730401039124 533
1607666548831 0.3556109666824341 534
1607666548987 0.3550925850868225 535
1607666549127 0.3549017012119293 536
1607666549263 0.3547431230545044 537
1607666549396 0.35474836826324463 538
1607666549551 0.35461699962615967 539
1607666549691 0.354715496301651 540
1607666549820 0.35446077585220337 541
1607666549956 0.3544856011867523 542
1607666550093 0.3543636202812195 543
1607666550252 0.3542051911354065 544
1607666550399 0.3544181287288666 545
1607666550554 0.3543034791946411 546
1607666550713 0.35353514552116394 547
1607666550873 0.3538915514945984 548
1607666551031 0.3547509014606476 549
1607666551195 0.3560250401496887 550
1607666551337 0.35772809386253357 551
1607666551562 0.3590804636478424 552
1607666551715 0.36046263575553894 553
1607666551868 0.36033111810684204 554
1607666552024 0.3606545925140381 555
1607666552180 0.3585890829563141 556
1607666552323 0.3570857346057892 557
1607666552453 0.3553191125392914 558
1607666552586 0.354699969291687 559
1607666552718 0.3541092276573181 560
1607666552854 0.35384508967399597 561
1607666552987 0.35371899604797363 562
1607666553125 0.35399168729782104 563
1607666553261 0.35399356484413147 564
1607666553396 0.3548739552497864 565
1607666553537 0.3552023470401764 566
1607666553670 0.3557332456111908 567
1607666553801 0.3556014597415924 568
1607666553930 0.3562242090702057 569
1607666554067 0.3559996485710144 570
1607666554199 0.35597550868988037 571
1607666554338 0.35526853799819946 572
1607666554469 0.35538503527641296 573
1607666554599 0.3549872636795044 574
1607666554735 0.35511475801467896 575
1607666554865 0.35456758737564087 576
1607666555002 0.3553931713104248 577
1607666555139 0.3549235761165619 578
1607666555275 0.3548131287097931 579
1607666555409 0.35433632135391235 580
1607666555541 0.3543054163455963 581
1607666555674 0.354695200920105 582
1607666555802 0.3542104661464691 583
1607666555932 0.35433101654052734 584
1607666556063 0.3541205823421478 585
1607666556199 0.3542290925979614 586
1607666556326 0.3540109097957611 587
1607666556460 0.35361817479133606 588
1607666556590 0.35350608825683594 589
1607666556722 0.35317617654800415 590
1607666556859 0.353094220161438 591
1607666556998 0.35271602869033813 592
1607666557130 0.35300159454345703 593
1607666557261 0.3530467748641968 594
1607666557392 0.35383275151252747 595
1607666557523 0.3540300726890564 596
1607666557663 0.35499346256256104 597
1607666557797 0.3556135296821594 598
1607666557946 0.35614013671875 599
1607666558075 0.3560114800930023 600
1607666558204 0.35609644651412964 601
1607666558335 0.35555708408355713 602
1607666558470 0.35535338521003723 603
1607666558602 0.35488227009773254 604
1607666558730 0.35494500398635864 605
1607666558879 0.3548831045627594 606
1607666559020 0.35465943813323975 607
1607666559155 0.35484007000923157 608
1607666559285 0.3551991879940033 609
1607666559415 0.3553006947040558 610
1607666559567 0.35541486740112305 611
1607666559702 0.3558483123779297 612
1607666559831 0.3554458022117615 613
1607666559961 0.3549460768699646 614
1607666560101 0.3541310429573059 615
1607666560254 0.3540140688419342 616
1607666560404 0.3537810742855072 617
1607666560546 0.3532584309577942 618
1607666560683 0.3528441786766052 619
1607666560825 0.35291069746017456 620
1607666560977 0.3529098927974701 621
1607666561115 0.3531763255596161 622
1607666561251 0.3537939488887787 623
1607666561397 0.3543391823768616 624
1607666561531 0.3552100658416748 625
1607666561683 0.35514315962791443 626
1607666561823 0.3558485805988312 627
1607666561958 0.3554266691207886 628
1607666562089 0.35533469915390015 629
1607666562246 0.3545365035533905 630
1607666562393 0.35422202944755554 631
1607666562524 0.35409101843833923 632
1607666562663 0.3539174497127533 633
1607666562802 0.35414740443229675 634
1607666562977 0.35470494627952576 635
1607666563125 0.3548696041107178 636
1607666563279 0.35462746024131775 637
1607666563431 0.3544822037220001 638
1607666563592 0.3540198802947998 639
1607666563747 0.35406264662742615 640
1607666563900 0.3536531925201416 641
1607666564055 0.35363784432411194 642
1607666564214 0.35368332266807556 643
1607666564372 0.35390934348106384 644
1607666564525 0.3541100025177002 645
1607666564679 0.3548583388328552 646
1607666564815 0.35471785068511963 647
1607666564952 0.35507822036743164 648
1607666565088 0.3544195592403412 649
1607666565220 0.3544527292251587 650
1607666565368 0.35431888699531555 651
1607666565512 0.3540848195552826 652
1607666565651 0.3535056412220001 653
1607666565787 0.35342979431152344 654
1607666565924 0.353119432926178 655
1607666566056 0.3533778488636017 656
1607666566191 0.35333019495010376 657
1607666566331 0.3534737229347229 658
1607666566462 0.35366177558898926 659
1607666566600 0.35374218225479126 660
1607666566737 0.3537846803665161 661
1607666566880 0.3538183271884918 662
1607666567008 0.353722482919693 663
1607666567143 0.35366305708885193 664
1607666567287 0.35350295901298523 665
1607666567421 0.3530709743499756 666
1607666567563 0.35315290093421936 667
1607666567695 0.3535425662994385 668
1607666567841 0.35378190875053406 669
1607666567984 0.35406601428985596 670
1607666568116 0.35438457131385803 671
1607666568259 0.35514751076698303 672
1607666568399 0.355790376663208 673
1607666568542 0.3561078608036041 674
1607666568681 0.35524800419807434 675
1607666568809 0.3546977937221527 676
1607666568939 0.35387858748435974 677
1607666569071 0.35323360562324524 678
1607666569211 0.35257768630981445 679
1607666569364 0.35197827219963074 680
1607666569504 0.35187822580337524 681
1607666569638 0.35159674286842346 682
1607666569771 0.35208454728126526 683
1607666569899 0.3522045314311981 684
1607666570030 0.3525010943412781 685
1607666570162 0.35312020778656006 686
1607666570302 0.35311251878738403 687
1607666570449 0.35366132855415344 688
1607666570581 0.3534699082374573 689
1607666570716 0.35360613465309143 690
1607666570848 0.3532468378543854 691
1607666571000 0.35318806767463684 692
1607666571139 0.35295602679252625 693
1607666571269 0.35314688086509705 694
1607666571402 0.353067547082901 695
1607666571541 0.35324907302856445 696
1607666571765 0.353048175573349 697
1607666571905 0.353106290102005 698
1607666572047 0.3531002998352051 699
1607666572191 0.3530002534389496 700
1607666572330 0.3531385064125061 701
1607666572475 0.35291168093681335 702
1607666572632 0.35304829478263855 703
1607666572773 0.35286566615104675 704
1607666572911 0.3528481125831604 705
1607666573050 0.3526797592639923 706
1607666573190 0.35268110036849976 707
1607666573351 0.3524825870990753 708
1607666573491 0.35198086500167847 709
1607666573627 0.35202646255493164 710
1607666573755 0.3520655333995819 711
1607666573884 0.35195958614349365 712
1607666574041 0.35195136070251465 713
1607666574184 0.35204052925109863 714
1607666574319 0.3522164225578308 715
1607666574450 0.3526827096939087 716
1607666574590 0.35251978039741516 717
1607666574744 0.3533046245574951 718
1607666574897 0.3532571494579315 719
1607666575053 0.3536194860935211 720
1607666575209 0.35368573665618896 721
1607666575369 0.3542720675468445 722
1607666575521 0.35473132133483887 723
1607666575681 0.35462668538093567 724
1607666575840 0.3550247848033905 725
1607666575999 0.3547672629356384 726
1607666576152 0.3552340269088745 727
1607666576322 0.35389161109924316 728
1607666576471 0.3526099920272827 729
1607666576627 0.3520292043685913 730
1607666576782 0.35197439789772034 731
1607666576964 0.3523382246494293 732
1607666577104 0.35245683789253235 733
1607666577252 0.3527284860610962 734
1607666577391 0.3529715836048126 735
1607666577526 0.3533046841621399 736
1607666577671 0.3536752462387085 737
1607666577806 0.35374924540519714 738
1607666577947 0.35346686840057373 739
1607666578085 0.3530556559562683 740
1607666578227 0.3527337610721588 741
1607666578373 0.35198768973350525 742
1607666578506 0.35197892785072327 743
1607666578645 0.3513778746128082 744
1607666578783 0.3517184853553772 745
1607666578922 0.35148629546165466 746
1607666579061 0.35181018710136414 747
1607666579194 0.35238954424858093 748
1607666579331 0.3528110086917877 749
1607666579474 0.35327234864234924 750
1607666579615 0.3536555767059326 751
1607666579773 0.3536282181739807 752
1607666579922 0.35339677333831787 753
1607666580081 0.35335662961006165 754
1607666580236 0.3525052070617676 755
1607666580392 0.3518372178077698 756
1607666580546 0.35125839710235596 757
1607666580774 0.3509671688079834 758
1607666580926 0.3506307005882263 759
1607666581063 0.35074979066848755 760
1607666581194 0.35105279088020325 761
1607666581332 0.35164812207221985 762
1607666581469 0.3523310720920563 763
1607666581599 0.3535204529762268 764
1607666581732 0.3548668920993805 765
1607666581868 0.35604166984558105 766
1607666582009 0.3560126721858978 767
1607666582146 0.35578665137290955 768
1607666582279 0.3547956347465515 769
1607666582414 0.35343804955482483 770
1607666582549 0.352730929851532 771
1607666582687 0.35176295042037964 772
1607666582827 0.3514593541622162 773
1607666582962 0.35098421573638916 774
1607666583091 0.3509485423564911 775
1607666583219 0.35087311267852783 776
1607666583357 0.35112011432647705 777
1607666583495 0.35115137696266174 778
1607666583631 0.3516416847705841 779
1607666583771 0.35195088386535645 780
1607666583904 0.3520506024360657 781
1607666584041 0.3524177670478821 782
1607666584185 0.3524954915046692 783
1607666584321 0.35295766592025757 784
1607666584461 0.3534468710422516 785
1607666584618 0.35351240634918213 786
1607666584775 0.35414689779281616 787
1607666584907 0.3540327847003937 788
1607666585045 0.3542207181453705 789
1607666585219 0.35383886098861694 790
1607666585369 0.3530977964401245 791
1607666585527 0.35214993357658386 792
1607666585687 0.35153278708457947 793
1607666585849 0.3512168526649475 794
1607666586004 0.3507302403450012 795
1607666586158 0.3507959842681885 796
1607666586294 0.3506384491920471 797
1607666586429 0.3509974181652069 798
1607666586565 0.3509169816970825 799
1607666586698 0.35135048627853394 800
1607666586833 0.35184723138809204 801
1607666586969 0.3520616590976715 802
1607666587108 0.35252100229263306 803
1607666587247 0.352552205324173 804
1607666587383 0.35264527797698975 805
1607666587518 0.3524933457374573 806
1607666587665 0.35262158513069153 807
1607666587799 0.3524341285228729 808
1607666587939 0.3523813784122467 809
1607666588079 0.35213300585746765 810
1607666588214 0.35192909836769104 811
1607666588343 0.35145267844200134 812
1607666588491 0.35126546025276184 813
1607666588629 0.3510051369667053 814
1607666588769 0.3505050539970398 815
1607666588901 0.35054171085357666 816
1607666589037 0.35042938590049744 817
1607666589168 0.350984662771225 818
1607666589304 0.3512875735759735 819
1607666589437 0.3523288667201996 820
1607666589565 0.35270628333091736 821
1607666589707 0.3540201485157013 822
1607666589844 0.3537384867668152 823
1607666589984 0.3543463349342346 824
1607666590151 0.35370561480522156 825
1607666590299 0.35361650586128235 826
1607666590459 0.3523590862751007 827
1607666590630 0.352479487657547 828
1607666590773 0.35175594687461853 829
1607666590931 0.35206907987594604 830
1607666591077 0.35154762864112854 831
1607666591219 0.35193678736686707 832
1607666591358 0.35146254301071167 833
1607666591492 0.35149338841438293 834
1607666591627 0.3516504466533661 835
1607666591760 0.3516126573085785 836
1607666591896 0.3516283333301544 837
1607666592029 0.3514425456523895 838
1607666592157 0.35174471139907837 839
1607666592295 0.3515506088733673 840
1607666592439 0.35204756259918213 841
1607666592575 0.35188478231430054 842
1607666592719 0.35197004675865173 843
1607666592861 0.35174912214279175 844
1607666592990 0.3522587716579437 845
1607666593123 0.3520572781562805 846
1607666593257 0.35254669189453125 847
1607666593391 0.3519902229309082 848
1607666593540 0.35208648443222046 849
1607666593680 0.3515743315219879 850
1607666593824 0.35143840312957764 851
1607666593969 0.35090845823287964 852
1607666594103 0.3505347669124603 853
1607666594251 0.35019075870513916 854
1607666594385 0.35008150339126587 855
1607666594519 0.35010501742362976 856
1607666594667 0.35016927123069763 857
1607666594813 0.35060614347457886 858
1607666594972 0.35053107142448425 859
1607666595115 0.3510071337223053 860
1607666595272 0.350904256105423 861
1607666595411 0.3511923849582672 862
1607666595549 0.35111844539642334 863
1607666595690 0.35114410519599915 864
1607666595836 0.3510960042476654 865
1607666595988 0.350864976644516 866
1607666596145 0.35116130113601685 867
1607666596302 0.350933700799942 868
1607666596457 0.3514154553413391 869
1607666596611 0.3515685498714447 870
1607666596764 0.3522518575191498 871
1607666596924 0.35260385274887085 872
1607666597064 0.35342955589294434 873
1607666597201 0.3538827896118164 874
1607666597333 0.35392364859580994 875
1607666597475 0.35351014137268066 876
1607666597611 0.35280898213386536 877
1607666597758 0.35238730907440186 878
1607666597895 0.35114872455596924 879
1607666598029 0.350495845079422 880
1607666598160 0.3496485650539398 881
1607666598295 0.34934282302856445 882
1607666598422 0.3488686680793762 883
1607666598553 0.3487169146537781 884
1607666598693 0.34892159700393677 885
1607666598831 0.3492352366447449 886
1607666598972 0.34990569949150085 887
1607666599107 0.3504754900932312 888
1607666599241 0.3518003225326538 889
1607666599374 0.35306623578071594 890
1607666599508 0.35473865270614624 891
1607666599644 0.3553541302680969 892
1607666599775 0.35555070638656616 893
1607666599917 0.35466325283050537 894
1607666600065 0.3539043068885803 895
1607666600196 0.3522180914878845 896
1607666600328 0.35136765241622925 897
1607666600465 0.35037675499916077 898
1607666600603 0.3495345115661621 899
1607666600740 0.3491153120994568 900
1607666600896 0.34903979301452637 901
1607666601043 0.3491561710834503 902
1607666601197 0.34937652945518494 903
1607666601350 0.34968677163124084 904
1607666601524 0.35042259097099304 905
1607666601678 0.3507639169692993 906
1607666601831 0.35160958766937256 907
1607666601978 0.3520648181438446 908
1607666602126 0.3523077964782715 909
1607666602260 0.35143157839775085 910
1607666602391 0.35009223222732544 911
1607666602529 0.3500382602214813 912
1607666602670 0.35046011209487915 913
1607666602807 0.3507694602012634 914
1607666602939 0.3514585494995117 915
1607666603074 0.351453572511673 916
1607666603212 0.35225939750671387 917
1607666603343 0.3523331582546234 918
1607666603478 0.3519721031188965 919
1607666603609 0.35140302777290344 920
1607666603751 0.35061779618263245 921
1607666603891 0.3501158058643341 922
1607666604024 0.3499252498149872 923
1607666604168 0.34999459981918335 924
1607666604300 0.3497999906539917 925
1607666604437 0.3500467836856842 926
1607666604573 0.3499673306941986 927
1607666604706 0.3502831757068634 928
1607666604842 0.35024794936180115 929
1607666604980 0.35034236311912537 930
1607666605117 0.35020071268081665 931
1607666605248 0.3501395583152771 932
1607666605384 0.349922776222229 933
1607666605522 0.35002270340919495 934
1607666605661 0.35020503401756287 935
1607666605796 0.3503798842430115 936
1607666605944 0.35099270939826965 937
1607666606097 0.35099610686302185 938
1607666606255 0.3516800105571747 939
1607666606410 0.3514859974384308 940
1607666606563 0.3515489399433136 941
1607666606720 0.3510079085826874 942
1607666606883 0.3507029116153717 943
1607666607039 0.35013046860694885 944
1607666607184 0.349859356880188 945
1607666607319 0.3496716618537903 946
1607666607457 0.3498050570487976 947
1607666607601 0.3495881259441376 948
1607666607743 0.350312739610672 949
1607666607880 0.35057389736175537 950
1607666608016 0.35119718313217163 951
1607666608153 0.351736843585968 952
1607666608294 0.3518535792827606 953
1607666608428 0.3520815968513489 954
1607666608558 0.35184234380722046 955
1607666608686 0.3512099087238312 956
1607666608826 0.3509281575679779 957
1607666608965 0.35028746724128723 958
1607666609098 0.3502386808395386 959
1607666609231 0.35026994347572327 960
1607666609367 0.3505326211452484 961
1607666609498 0.35096755623817444 962
1607666609640 0.35171326994895935 963
1607666609776 0.3524562120437622 964
1607666609909 0.35299140214920044 965
1607666610046 0.35272669792175293 966
1607666610178 0.35259339213371277 967
1607666610313 0.3517996072769165 968
1607666610447 0.35144728422164917 969
1607666610586 0.35029318928718567 970
1607666610716 0.3496990203857422 971
1607666610845 0.349077045917511 972
1607666611000 0.3491979241371155 973
1607666611143 0.34930816292762756 974
1607666611301 0.34984344244003296 975
1607666611464 0.3501056432723999 976
1607666611620 0.35101839900016785 977
1607666611775 0.35119014978408813 978
1607666611934 0.3520289361476898 979
1607666612078 0.35171401500701904 980
1607666612214 0.3514150381088257 981
1607666612351 0.3507485091686249 982
1607666612480 0.3501313030719757 983
1607666612639 0.3497805595397949 984
1607666612987 0.3491516411304474 985
1607666613136 0.34892895817756653 986
1607666613280 0.3486430048942566 987
1607666613411 0.34886181354522705 988
1607666613550 0.3485735058784485 989
1607666613684 0.34940052032470703 990
1607666613818 0.34949102997779846 991
1607666613973 0.35072678327560425 992
1607666614114 0.35051316022872925 993
1607666614245 0.3512760400772095 994
1607666614382 0.3514218330383301 995
1607666614515 0.3521747589111328 996
1607666614651 0.35186079144477844 997
1607666614783 0.35181960463523865 998
1607666614911 0.35110992193222046 999
