1607610298622 0.47393980622291565 0
1607610298772 0.46467986702919006 1
1607610298919 0.45690733194351196 2
1607610299040 0.45266497135162354 3
1607610299168 0.44612956047058105 4
1607610299305 0.44244322180747986 5
1607610299443 0.4402921497821808 6
1607610299581 0.43903130292892456 7
1607610299710 0.43843546509742737 8
1607610299840 0.438215047121048 9
1607610299971 0.4372372329235077 10
1607610300098 0.4354698657989502 11
1607610300231 0.43467655777931213 12
1607610300371 0.43432608246803284 13
1607610300495 0.4337084889411926 14
1607610300638 0.43341735005378723 15
1607610300772 0.4322553277015686 16
1607610300916 0.43134891986846924 17
1607610301057 0.43183115124702454 18
1607610301197 0.43122541904449463 19
1607610301338 0.4299701750278473 20
1607610301482 0.42901453375816345 21
1607610301616 0.4277520179748535 22
1607610301751 0.42685747146606445 23
1607610301881 0.4260341227054596 24
1607610302014 0.4250577688217163 25
1607610302141 0.4238949120044708 26
1607610302268 0.4232140779495239 27
1607610302395 0.4231264591217041 28
1607610302530 0.42306485772132874 29
1607610302657 0.4226588308811188 30
1607610302785 0.4214942753314972 31
1607610302924 0.4198668599128723 32
1607610303046 0.41886916756629944 33
1607610303177 0.41780462861061096 34
1607610303313 0.4168110191822052 35
1607610303446 0.4161044657230377 36
1607610303572 0.41582489013671875 37
1607610303690 0.415447860956192 38
1607610303824 0.41490161418914795 39
1607610303955 0.4133388102054596 40
1607610304088 0.41226327419281006 41
1607610304216 0.41152238845825195 42
1607610304341 0.41158875823020935 43
1607610304474 0.411141037940979 44
1607610304590 0.4109272360801697 45
1607610304711 0.4099107086658478 46
1607610304840 0.4091655910015106 47
1607610304964 0.4089304804801941 48
1607610305086 0.40914005041122437 49
1607610305208 0.40868207812309265 50
1607610305330 0.4058471620082855 51
1607610305460 0.4037851393222809 52
1607610305584 0.4029238522052765 53
1607610305705 0.4023163616657257 54
1607610305824 0.40189123153686523 55
1607610305946 0.40182414650917053 56
1607610306068 0.4011608958244324 57
1607610306203 0.4014213979244232 58
1607610306327 0.4009793698787689 59
1607610306449 0.4009873569011688 60
1607610306572 0.4013622999191284 61
1607610306698 0.4001011848449707 62
1607610306816 0.3994312882423401 63
1607610306934 0.3977113962173462 64
1607610307057 0.3972199559211731 65
1607610307174 0.39579159021377563 66
1607610307289 0.3954631984233856 67
1607610307414 0.3955038785934448 68
1607610307534 0.3955153524875641 69
1607610307650 0.39531734585762024 70
1607610307770 0.39536386728286743 71
1607610307898 0.39394038915634155 72
1607610308020 0.393420547246933 73
1607610308138 0.39323002099990845 74
1607610308257 0.39272451400756836 75
1607610308370 0.39336180686950684 76
1607610308489 0.3924214541912079 77
1607610308606 0.39246582984924316 78
1607610308722 0.3913431763648987 79
1607610308839 0.3914732038974762 80
1607610308960 0.3912624716758728 81
1607610309077 0.39041608572006226 82
1607610309196 0.38982778787612915 83
1607610309315 0.38840702176094055 84
1607610309435 0.3870497941970825 85
1607610309559 0.3861532509326935 86
1607610309703 0.38609930872917175 87
1607610309830 0.3856329023838043 88
1607610309947 0.3860115110874176 89
1607610310069 0.3859400451183319 90
1607610310211 0.3853153586387634 91
1607610310335 0.3852570652961731 92
1607610310457 0.384250670671463 93
1607610310576 0.3835274577140808 94
1607610310699 0.3828525245189667 95
1607610310833 0.3828653395175934 96
1607610310961 0.3828599154949188 97
1607610311082 0.38350608944892883 98
1607610311201 0.3834328055381775 99
1607610311330 0.3829260766506195 100
1607610311450 0.3825542628765106 101
1607610311569 0.3823630213737488 102
1607610311695 0.3817196190357208 103
1607610311834 0.38160499930381775 104
1607610311955 0.3821122646331787 105
1607610312080 0.3830411434173584 106
1607610312204 0.3822351396083832 107
1607610312333 0.3818465769290924 108
1607610312484 0.3801710903644562 109
1607610312637 0.3794667422771454 110
1607610312775 0.378851056098938 111
1607610312916 0.379477858543396 112
1607610313086 0.3794897496700287 113
1607610313232 0.38027724623680115 114
1607610313369 0.38018420338630676 115
1607610313515 0.37946245074272156 116
1607610313653 0.3793626129627228 117
1607610313807 0.3787457048892975 118
1607610313936 0.37779465317726135 119
1607610314062 0.3773578107357025 120
1607610314181 0.37699928879737854 121
1607610314308 0.37697067856788635 122
1607610314429 0.37658002972602844 123
1607610314550 0.3765915334224701 124
1607610314670 0.3762168884277344 125
1607610314791 0.3769271671772003 126
1607610314911 0.3764437437057495 127
1607610315027 0.377072274684906 128
1607610315150 0.37694433331489563 129
1607610315274 0.3772074580192566 130
1607610315422 0.37716537714004517 131
1607610315559 0.37664031982421875 132
1607610315679 0.37593692541122437 133
1607610315803 0.37641552090644836 134
1607610315930 0.37650689482688904 135
1607610316061 0.37600934505462646 136
1607610316202 0.3758613169193268 137
1607610316340 0.37576964497566223 138
1607610316460 0.3756346106529236 139
1607610316590 0.37484320998191833 140
1607610316854 0.3738890290260315 141
1607610316987 0.37327149510383606 142
1607610317116 0.3730773627758026 143
1607610317241 0.3730798363685608 144
1607610317366 0.37297436594963074 145
1607610317493 0.37337008118629456 146
1607610317619 0.37303951382637024 147
1607610317756 0.37310975790023804 148
1607610317905 0.37270382046699524 149
1607610318038 0.37224507331848145 150
1607610318176 0.3721308708190918 151
1607610318302 0.37214478850364685 152
1607610318421 0.37266039848327637 153
1607610318541 0.37311047315597534 154
1607610318667 0.37351545691490173 155
1607610318803 0.37394216656684875 156
1607610318942 0.37479153275489807 157
1607610319065 0.37426021695137024 158
1607610319201 0.3734704256057739 159
1607610319338 0.3726847171783447 160
1607610319471 0.37151873111724854 161
1607610319601 0.3720618486404419 162
1607610319731 0.37161096930503845 163
1607610319865 0.37162119150161743 164
1607610320000 0.37165477871894836 165
1607610320120 0.37141624093055725 166
1607610320239 0.3714960813522339 167
1607610320357 0.3720719516277313 168
1607610320491 0.3721396327018738 169
1607610320612 0.3725365400314331 170
1607610320731 0.3719594180583954 171
1607610320846 0.37149617075920105 172
1607610320966 0.3708166182041168 173
1607610321088 0.37033811211586 174
1607610321208 0.36942198872566223 175
1607610321324 0.36938583850860596 176
1607610321448 0.36939188838005066 177
1607610321575 0.36898237466812134 178
1607610321701 0.36934009194374084 179
1607610321825 0.3694618344306946 180
1607610321988 0.3697308301925659 181
1607610322136 0.36988112330436707 182
1607610322278 0.3699079155921936 183
1607610322424 0.3691197633743286 184
1607610322552 0.3689805865287781 185
1607610322710 0.36857911944389343 186
1607610322842 0.36842992901802063 187
1607610322963 0.36833468079566956 188
1607610323087 0.36818212270736694 189
1607610323216 0.36840173602104187 190
1607610323371 0.3680335283279419 191
1607610323513 0.36922192573547363 192
1607610323636 0.3692554533481598 193
1607610323768 0.3693999946117401 194
1607610323920 0.3692999482154846 195
1607610324047 0.36953508853912354 196
1607610324175 0.3699158728122711 197
1607610324291 0.37118515372276306 198
1607610324407 0.3700404763221741 199
1607610324557 0.369558185338974 200
1607610324697 0.368126779794693 201
1607610324824 0.3677329421043396 202
1607610324981 0.3673897981643677 203
1607610325110 0.36747515201568604 204
1607610325264 0.3679223358631134 205
1607610325401 0.3686429262161255 206
1607610325547 0.36908280849456787 207
1607610325703 0.3694624602794647 208
1607610325844 0.3691381514072418 209
1607610325996 0.36847159266471863 210
1607610326126 0.3676399886608124 211
1607610326253 0.3670784533023834 212
1607610326382 0.3664568066596985 213
1607610326515 0.36586686968803406 214
1607610326647 0.36600640416145325 215
1607610326770 0.3658609092235565 216
1607610326888 0.3663654327392578 217
1607610327021 0.36625170707702637 218
1607610327148 0.36636483669281006 219
1607610327273 0.36736008524894714 220
1607610327393 0.3675685226917267 221
1607610327516 0.367948442697525 222
1607610327639 0.3679775297641754 223
1607610327765 0.3677210509777069 224
1607610327889 0.3669702112674713 225
1607610328014 0.36655303835868835 226
1607610328148 0.365959107875824 227
1607610328279 0.3658405840396881 228
1607610328404 0.3655204176902771 229
1607610328535 0.36564046144485474 230
1607610328665 0.3661031126976013 231
1607610328794 0.3667883276939392 232
1607610328915 0.36696529388427734 233
1607610329043 0.3675990700721741 234
1607610329173 0.3673144280910492 235
1607610329312 0.3675314784049988 236
1607610329448 0.36639657616615295 237
1607610329579 0.3667094111442566 238
1607610329709 0.3660286068916321 239
1607610329837 0.3659769594669342 240
1607610329967 0.3658883571624756 241
1607610330105 0.3657233715057373 242
1607610330249 0.36571043729782104 243
1607610330367 0.36568447947502136 244
1607610330498 0.3658396005630493 245
1607610330619 0.3654420077800751 246
1607610330736 0.36537161469459534 247
1607610330852 0.3645831048488617 248
1607610330968 0.3643640875816345 249
1607610331094 0.3636096119880676 250
1607610331212 0.36368754506111145 251
1607610331331 0.36358708143234253 252
1607610331468 0.36351442337036133 253
1607610331604 0.3641536831855774 254
1607610331725 0.36394602060317993 255
1607610331845 0.36485931277275085 256
1607610331983 0.36459675431251526 257
1607610332108 0.36574068665504456 258
1607610332225 0.3654693067073822 259
1607610332347 0.3663485646247864 260
1607610332465 0.3656836748123169 261
1607610332603 0.36584436893463135 262
1607610332731 0.36619552969932556 263
1607610332847 0.3661521375179291 264
1607610332966 0.36549878120422363 265
1607610333103 0.3646773099899292 266
1607610333227 0.3640095293521881 267
1607610333344 0.3643214702606201 268
1607610333460 0.3641783595085144 269
1607610333575 0.36399996280670166 270
1607610333708 0.3644830882549286 271
1607610333838 0.3637165427207947 272
1607610333957 0.36433717608451843 273
1607610334073 0.3637823760509491 274
1607610334186 0.36345162987709045 275
1607610334320 0.3628838360309601 276
1607610334443 0.3628058433532715 277
1607610334559 0.3626459836959839 278
1607610334676 0.3623020648956299 279
1607610334791 0.3626655042171478 280
1607610334930 0.3625270426273346 281
1607610335058 0.36299532651901245 282
1607610335175 0.3633608818054199 283
1607610335291 0.36353349685668945 284
1607610335407 0.36415621638298035 285
1607610335541 0.36404725909233093 286
1607610335662 0.36415693163871765 287
1607610335776 0.363709032535553 288
1607610335893 0.3634736239910126 289
1607610336013 0.36305493116378784 290
1607610336160 0.3627378046512604 291
1607610336290 0.36235347390174866 292
1607610336406 0.3619825541973114 293
1607610336527 0.36178475618362427 294
1607610336642 0.3614228367805481 295
1607610336760 0.36132219433784485 296
1607610336893 0.3611937463283539 297
1607610337012 0.36153167486190796 298
1607610337145 0.36170899868011475 299
1607610337271 0.3624836802482605 300
1607610337417 0.3630416691303253 301
1607610337547 0.36343762278556824 302
1607610337672 0.3647747039794922 303
1607610337802 0.3650760054588318 304
1607610337951 0.36547762155532837 305
1607610338076 0.3641906976699829 306
1607610338195 0.3632553219795227 307
1607610338322 0.3623957335948944 308
1607610338441 0.36140725016593933 309
1607610338560 0.3607710599899292 310
1607610338684 0.360730916261673 311
1607610338806 0.36070528626441956 312
1607610338925 0.3610658645629883 313
1607610339040 0.36202120780944824 314
1607610339158 0.36274486780166626 315
1607610339274 0.3631584048271179 316
1607610339395 0.3636839687824249 317
1607610339511 0.3632027804851532 318
1607610339634 0.36313319206237793 319
1607610339749 0.3628005087375641 320
1607610339867 0.36222416162490845 321
1607610339986 0.3626188039779663 322
1607610340108 0.3615798354148865 323
1607610340224 0.36213287711143494 324
1607610340339 0.3611263632774353 325
1607610340468 0.36169999837875366 326
1607610340601 0.3610788881778717 327
1607610340720 0.36152195930480957 328
1607610340837 0.36153683066368103 329
1607610340985 0.3629448115825653 330
1607610341112 0.36247649788856506 331
1607610341267 0.3634408414363861 332
1607610341418 0.3628503084182739 333
1607610341548 0.3634181022644043 334
1607610341690 0.3624453544616699 335
1607610341844 0.3623848855495453 336
1607610341999 0.3615778088569641 337
1607610342135 0.36178058385849 338
1607610342281 0.36151447892189026 339
1607610342402 0.3614859879016876 340
1607610342551 0.36151790618896484 341
1607610342680 0.36137107014656067 342
1607610342806 0.36172008514404297 343
1607610342949 0.3617512583732605 344
1607610343102 0.3619420826435089 345
1607610343228 0.3611634075641632 346
1607610343360 0.36154159903526306 347
1607610343494 0.3613428473472595 348
1607610343650 0.36106327176094055 349
1607610343777 0.3604145050048828 350
1607610343903 0.35975155234336853 351
1607610344026 0.3595452904701233 352
1607610344163 0.3591885566711426 353
1607610344320 0.35914355516433716 354
1607610344460 0.3592369556427002 355
1607610344586 0.35958483815193176 356
1607610344719 0.3601683974266052 357
1607610344851 0.36054861545562744 358
1607610345000 0.36087852716445923 359
1607610345137 0.36121195554733276 360
1607610345268 0.360892653465271 361
1607610345405 0.36063727736473083 362
1607610345529 0.36046403646469116 363
1607610345682 0.3604413866996765 364
1607610345815 0.3599005937576294 365
1607610345954 0.3593456447124481 366
1607610346078 0.3591073453426361 367
1607610346201 0.35888954997062683 368
1607610346353 0.3587634265422821 369
1607610346491 0.35875359177589417 370
1607610346625 0.3588941693305969 371
1607610346757 0.3589980900287628 372
1607610346908 0.3595518171787262 373
1607610347045 0.35928499698638916 374
1607610347185 0.35983705520629883 375
1607610347318 0.359934538602829 376
1607610347468 0.36060163378715515 377
1607610347639 0.3602665662765503 378
1607610347777 0.3603697717189789 379
1607610347937 0.36031249165534973 380
1607610348098 0.3607797920703888 381
1607610348249 0.3610962927341461 382
1607610348373 0.3610224425792694 383
1607610348489 0.3610176146030426 384
1607610348606 0.3606361448764801 385
1607610348727 0.3611643612384796 386
1607610348855 0.36111053824424744 387
1607610348985 0.3606575131416321 388
1607610349125 0.36020997166633606 389
1607610349250 0.3598528504371643 390
1607610349375 0.3595190942287445 391
1607610349506 0.3591737747192383 392
1607610349630 0.35874712467193604 393
1607610349754 0.3586355447769165 394
1607610349882 0.3584345877170563 395
1607610350007 0.3584705591201782 396
1607610350142 0.358413428068161 397
1607610350284 0.3588874042034149 398
1607610350405 0.3591555953025818 399
1607610350520 0.3593396544456482 400
1607610350637 0.35947951674461365 401
1607610350759 0.3594881594181061 402
1607610350878 0.35976219177246094 403
1607610350998 0.3601573407649994 404
1607610351118 0.359277606010437 405
1607610351235 0.35948774218559265 406
1607610351356 0.3581693768501282 407
1607610351473 0.358310729265213 408
1607610351596 0.3580663502216339 409
1607610351714 0.35853496193885803 410
1607610351849 0.3586765229701996 411
1607610351966 0.35882726311683655 412
1607610352088 0.359845370054245 413
1607610352204 0.3604999780654907 414
1607610352318 0.36119210720062256 415
1607610352447 0.36017459630966187 416
1607610352569 0.3597962260246277 417
1607610352695 0.35877153277397156 418
1607610352812 0.35859307646751404 419
1607610352935 0.3575654625892639 420
1607610353069 0.35742998123168945 421
1607610353197 0.35735201835632324 422
1607610353339 0.35724127292633057 423
1607610353473 0.3574317991733551 424
1607610353616 0.35774508118629456 425
1607610353745 0.35769376158714294 426
1607610353894 0.35831716656684875 427
1607610354026 0.35863766074180603 428
1607610354160 0.3589293658733368 429
1607610354284 0.3595618009567261 430
1607610354417 0.3591783940792084 431
1607610354556 0.3605351746082306 432
1607610354694 0.35942700505256653 433
1607610354825 0.3595905303955078 434
1607610354954 0.3586907386779785 435
1607610355089 0.35857197642326355 436
1607610355233 0.35807207226753235 437
1607610355367 0.3579173684120178 438
1607610355494 0.3579138517379761 439
1607610355623 0.3582419157028198 440
1607610355751 0.35835209488868713 441
1607610355895 0.35854706168174744 442
1607610356042 0.358987033367157 443
1607610356163 0.359762042760849 444
1607610356295 0.3595469295978546 445
1607610356449 0.3593690097332001 446
1607610356584 0.3590731620788574 447
1607610356708 0.35858115553855896 448
1607610356832 0.3579150140285492 449
1607610356974 0.3574383556842804 450
1607610357105 0.3571869730949402 451
1607610357240 0.3568143844604492 452
1607610357366 0.3567698299884796 453
1607610357489 0.35632386803627014 454
1607610357623 0.35655608773231506 455
1607610357749 0.3563004434108734 456
1607610357865 0.3568413555622101 457
1607610357987 0.356426477432251 458
1607610358109 0.3567377030849457 459
1607610358231 0.35676953196525574 460
1607610358382 0.35801300406455994 461
1607610358534 0.35794299840927124 462
1607610358693 0.3588663637638092 463
1607610358845 0.35793808102607727 464
1607610358975 0.3590356707572937 465
1607610359101 0.35850319266319275 466
1607610359256 0.3585837185382843 467
1607610359400 0.35768476128578186 468
1607610359536 0.35723361372947693 469
1607610359663 0.3569227159023285 470
1607610359791 0.35649675130844116 471
1607610359929 0.3563065826892853 472
1607610360075 0.3562045991420746 473
1607610360217 0.3563714027404785 474
1607610360363 0.35620197653770447 475
1607610360508 0.35674548149108887 476
1607610360636 0.35700881481170654 477
1607610360764 0.357488214969635 478
1607610360906 0.3591785430908203 479
1607610361031 0.35970214009284973 480
1607610361160 0.36011552810668945 481
1607610361293 0.35964882373809814 482
1607610361419 0.3596380949020386 483
1607610361545 0.35863715410232544 484
1607610361672 0.35793936252593994 485
1607610361793 0.35689741373062134 486
1607610361914 0.3565886914730072 487
1607610362041 0.35596662759780884 488
1607610362171 0.3557547628879547 489
1607610362299 0.355976939201355 490
1607610362420 0.3560227155685425 491
1607610362545 0.35669898986816406 492
1607610362666 0.3566949963569641 493
1607610362784 0.3580876886844635 494
1607610362899 0.35804739594459534 495
1607610363017 0.3587666451931 496
1607610363139 0.3588990271091461 497
1607610363256 0.35897091031074524 498
1607610363380 0.358419269323349 499
1607610363502 0.35740214586257935 500
1607610363630 0.3568902909755707 501
1607610363757 0.35639652609825134 502
1607610363873 0.35629016160964966 503
1607610363986 0.3562185764312744 504
1607610364114 0.3560716509819031 505
1607610364266 0.35624584555625916 506
1607610364395 0.3565109670162201 507
1607610364521 0.35713306069374084 508
1607610364652 0.35723382234573364 509
1607610364781 0.3576469123363495 510
1607610364921 0.35733762383461 511
1607610365056 0.3575068414211273 512
1607610365186 0.35735300183296204 513
1607610365314 0.35683348774909973 514
1607610365442 0.3565334379673004 515
1607610365588 0.3560146391391754 516
1607610365716 0.3555446267127991 517
1607610365840 0.35515886545181274 518
1607610365971 0.35503676533699036 519
1607610366095 0.3551102876663208 520
1607610366236 0.35492315888404846 521
1607610366362 0.355446994304657 522
1607610366479 0.35533320903778076 523
1607610366602 0.3561710715293884 524
1607610366726 0.35664650797843933 525
1607610366862 0.357043981552124 526
1607610366991 0.35678330063819885 527
1607610367115 0.35682281851768494 528
1607610367241 0.35702112317085266 529
1607610367362 0.3572118580341339 530
1607610367504 0.3572450578212738 531
1607610367639 0.3572158217430115 532
1607610367764 0.35701480507850647 533
1607610367881 0.35735613107681274 534
1607610368014 0.35706663131713867 535
1607610368151 0.3570679724216461 536
1607610368279 0.3562353849411011 537
1607610368393 0.3560706079006195 538
1607610368510 0.355173796415329 539
1607610368626 0.3551950752735138 540
1607610368763 0.3547523021697998 541
1607610368909 0.35459277033805847 542
1607610369073 0.35462015867233276 543
1607610369228 0.35454270243644714 544
1607610369383 0.3547220230102539 545
1607610369538 0.35463207960128784 546
1607610369674 0.3549477458000183 547
1607610369821 0.35497260093688965 548
1607610369982 0.35502517223358154 549
1607610370115 0.3553706109523773 550
1607610370248 0.3557213246822357 551
1607610370378 0.35622307658195496 552
1607610370503 0.35665738582611084 553
1607610370629 0.35704758763313293 554
1607610370752 0.35667410492897034 555
1607610370873 0.35618236660957336 556
1607610370999 0.35603469610214233 557
1607610371133 0.35570964217185974 558
1607610371253 0.35573315620422363 559
1607610371375 0.3556394875049591 560
1607610371497 0.35543128848075867 561
1607610371618 0.3560834527015686 562
1607610371737 0.3560304641723633 563
1607610371855 0.3570120334625244 564
1607610371979 0.35706648230552673 565
1607610372093 0.356883704662323 566
1607610372216 0.35624930262565613 567
1607610372335 0.35599225759506226 568
1607610372457 0.35578012466430664 569
1607610372575 0.35518598556518555 570
1607610372695 0.3552205264568329 571
1607610372818 0.35517004132270813 572
1607610372937 0.3559793531894684 573
1607610373060 0.35571780800819397 574
1607610373181 0.35622668266296387 575
1607610373296 0.3566228449344635 576
1607610373417 0.3570075035095215 577
1607610373542 0.356628954410553 578
1607610373856 0.3560832738876343 579
1607610373981 0.35554125905036926 580
1607610374106 0.3556908965110779 581
1607610374229 0.35516300797462463 582
1607610374351 0.35493865609169006 583
1607610374484 0.35476797819137573 584
1607610374613 0.3544546067714691 585
1607610374743 0.35467419028282166 586
1607610374872 0.3553568720817566 587
1607610374998 0.35495004057884216 588
1607610375151 0.3556070625782013 589
1607610375277 0.3552747368812561 590
1607610375403 0.35596781969070435 591
1607610375525 0.3559322953224182 592
1607610375654 0.35569092631340027 593
1607610375792 0.3558208644390106 594
1607610375957 0.3555333912372589 595
1607610376097 0.35514459013938904 596
1607610376219 0.3554321229457855 597
1607610376335 0.35496583580970764 598
1607610376454 0.3555013835430145 599
1607610376588 0.3547718822956085 600
1607610376720 0.3553996980190277 601
1607610376838 0.35487163066864014 602
1607610376958 0.35475295782089233 603
1607610377072 0.3545815646648407 604
1607610377208 0.35493147373199463 605
1607610377334 0.3550442159175873 606
1607610377453 0.35442331433296204 607
1607610377566 0.3544183671474457 608
1607610377706 0.3543364703655243 609
1607610377829 0.3546113967895508 610
1607610377952 0.35395941138267517 611
1607610378070 0.35400986671447754 612
1607610378210 0.3536005914211273 613
1607610378338 0.35370829701423645 614
1607610378458 0.353826642036438 615
1607610378575 0.3536585867404938 616
1607610378693 0.35416752099990845 617
1607610378843 0.3541073501110077 618
1607610378968 0.3544730544090271 619
1607610379088 0.3552473485469818 620
1607610379205 0.355326771736145 621
1607610379328 0.35578522086143494 622
1607610379464 0.3553254306316376 623
1607610379585 0.3553941249847412 624
1607610379701 0.3554299771785736 625
1607610379818 0.355461061000824 626
1607610379957 0.3548363447189331 627
1607610380104 0.35474368929862976 628
1607610380235 0.3543923497200012 629
1607610380366 0.35438841581344604 630
1607610380491 0.35481399297714233 631
1607610380623 0.3547647297382355 632
1607610380774 0.3550508916378021 633
1607610380925 0.3552834987640381 634
1607610381065 0.3550821840763092 635
1607610381193 0.355034202337265 636
1607610381314 0.3545784652233124 637
1607610381445 0.3545569181442261 638
1607610381571 0.3541150391101837 639
1607610381696 0.3542529046535492 640
1607610381818 0.3539230525493622 641
1607610381941 0.35461339354515076 642
1607610382071 0.354705810546875 643
1607610382197 0.3549802899360657 644
1607610382316 0.3552178740501404 645
1607610382444 0.35527586936950684 646
1607610382575 0.3561294972896576 647
1607610382708 0.3553343713283539 648
1607610382834 0.3556486666202545 649
1607610382959 0.35446566343307495 650
1607610383084 0.354752779006958 651
1607610383212 0.3537726104259491 652
1607610383335 0.3534649610519409 653
1607610383463 0.35265418887138367 654
1607610383586 0.3526955246925354 655
1607610383709 0.352942556142807 656
1607610383832 0.3530045747756958 657
1607610383954 0.3531968891620636 658
1607610384070 0.35372892022132874 659
1607610384191 0.3544674217700958 660
1607610384318 0.35504961013793945 661
1607610384446 0.3549215495586395 662
1607610384568 0.35522058606147766 663
1607610384692 0.3552062213420868 664
1607610384822 0.3547810912132263 665
1607610384952 0.35380682349205017 666
1607610385100 0.35341569781303406 667
1607610385229 0.35302919149398804 668
1607610385351 0.3527887761592865 669
1607610385478 0.35246074199676514 670
1607610385616 0.35305097699165344 671
1607610385743 0.352871298789978 672
1607610385868 0.353374183177948 673
1607610385998 0.35376057028770447 674
1607610386124 0.35436755418777466 675
1607610386274 0.35547029972076416 676
1607610386398 0.35551342368125916 677
1607610386526 0.35591351985931396 678
1607610386661 0.3559771180152893 679
1607610386786 0.355599582195282 680
1607610386933 0.3548218607902527 681
1607610387072 0.3540998697280884 682
1607610387208 0.35344016551971436 683
1607610387327 0.35299593210220337 684
1607610387446 0.35240688920021057 685
1607610387597 0.3521912395954132 686
1607610387731 0.35186994075775146 687
1607610387863 0.3526557981967926 688
1607610387982 0.3526630103588104 689
1607610388105 0.353361040353775 690
1607610388243 0.3537076711654663 691
1607610388375 0.3542664349079132 692
1607610388501 0.35518237948417664 693
1607610388629 0.35540640354156494 694
1607610388769 0.3552968204021454 695
1607610388909 0.35455772280693054 696
1607610389041 0.3541657030582428 697
1607610389163 0.3534482717514038 698
1607610389285 0.35283079743385315 699
1607610389411 0.35238924622535706 700
1607610389564 0.35229969024658203 701
1607610389693 0.3524566888809204 702
1607610389817 0.3524508774280548 703
1607610389942 0.3529682159423828 704
1607610390062 0.3536697030067444 705
1607610390204 0.3540359437465668 706
1607610390328 0.35451385378837585 707
1607610390454 0.354187935590744 708
1607610390606 0.35450777411460876 709
1607610390735 0.3541505038738251 710
1607610390888 0.35410627722740173 711
1607610391025 0.35315290093421936 712
1607610391165 0.35278335213661194 713
1607610391313 0.35256582498550415 714
1607610391453 0.352412611246109 715
1607610391578 0.3520483076572418 716
1607610391704 0.35189908742904663 717
1607610391822 0.3520221412181854 718
1607610391951 0.3524799048900604 719
1607610392071 0.3525320589542389 720
1607610392191 0.3532217741012573 721
1607610392345 0.3541746139526367 722
1607610392476 0.3546854555606842 723
1607610392632 0.35540327429771423 724
1607610392766 0.3554612696170807 725
1607610392911 0.3551579713821411 726
1607610393062 0.35461926460266113 727
1607610393209 0.35407593846321106 728
1607610393363 0.35376590490341187 729
1607610393498 0.35332098603248596 730
1607610393641 0.35264503955841064 731
1607610393793 0.3524164855480194 732
1607610393931 0.3521798849105835 733
1607610394060 0.3520625829696655 734
1607610394184 0.3517937660217285 735
1607610394307 0.35154539346694946 736
1607610394439 0.35198190808296204 737
1607610394573 0.3517134487628937 738
1607610394706 0.3517996668815613 739
1607610394831 0.35178399085998535 740
1607610394955 0.35213449597358704 741
1607610395081 0.35236725211143494 742
1607610395209 0.353033185005188 743
1607610395326 0.3533334732055664 744
1607610395442 0.35428866744041443 745
1607610395570 0.353971004486084 746
1607610395694 0.3547610640525818 747
1607610395820 0.35369202494621277 748
1607610395945 0.35339853167533875 749
1607610396064 0.35210296511650085 750
1607610396195 0.3524080216884613 751
1607610396323 0.35202810168266296 752
1607610396446 0.35214027762413025 753
1607610396571 0.3527112603187561 754
1607610396694 0.3526118993759155 755
1607610396816 0.3535194993019104 756
1607610396938 0.35298457741737366 757
1607610397065 0.35359859466552734 758
1607610397191 0.35324791073799133 759
1607610397335 0.35321077704429626 760
1607610397483 0.35291656851768494 761
1607610397644 0.35276177525520325 762
1607610397793 0.35320037603378296 763
1607610397948 0.3532869815826416 764
1607610398081 0.35333165526390076 765
1607610398213 0.35368698835372925 766
1607610398362 0.35349971055984497 767
1607610398492 0.3538636863231659 768
1607610398614 0.35354670882225037 769
1607610398744 0.3536815941333771 770
1607610398871 0.3534051477909088 771
1607610398997 0.3534860610961914 772
1607610399130 0.35336893796920776 773
1607610399254 0.3533216416835785 774
1607610399376 0.35388219356536865 775
1607610399510 0.3534339964389801 776
1607610399633 0.3535463511943817 777
1607610399749 0.35283511877059937 778
1607610399870 0.3526886999607086 779
1607610399993 0.3527713119983673 780
1607610400113 0.3523995876312256 781
1607610400243 0.3522726893424988 782
1607610400366 0.351917564868927 783
1607610400493 0.35213160514831543 784
1607610400617 0.3519098460674286 785
1607610400741 0.3520161211490631 786
1607610400859 0.3518969714641571 787
1607610400984 0.35236987471580505 788
1607610401108 0.35216420888900757 789
1607610401233 0.35238978266716003 790
1607610401379 0.35210227966308594 791
1607610401508 0.3520277142524719 792
1607610401635 0.3520759046077728 793
1607610401759 0.35200992226600647 794
1607610401893 0.35196447372436523 795
1607610402031 0.3519443869590759 796
1607610402147 0.35217130184173584 797
1607610402267 0.3519580662250519 798
1607610402404 0.35173726081848145 799
1607610402553 0.35157468914985657 800
1607610402682 0.35144197940826416 801
1607610402837 0.35161280632019043 802
1607610403000 0.35218238830566406 803
1607610403160 0.3521084785461426 804
1607610403315 0.352968692779541 805
1607610403466 0.3529309630393982 806
1607610403592 0.35377705097198486 807
1607610403713 0.35403236746788025 808
1607610403838 0.35356372594833374 809
1607610403958 0.35401400923728943 810
1607610404083 0.35347235202789307 811
1607610404207 0.3538239300251007 812
1607610404333 0.3533054292201996 813
1607610404448 0.35251307487487793 814
1607610404567 0.3525080680847168 815
1607610404692 0.35189422965049744 816
1607610404819 0.35192710161209106 817
1607610404950 0.35221636295318604 818
1607610405077 0.3520438075065613 819
1607610405200 0.3529301583766937 820
1607610405326 0.352529376745224 821
1607610405448 0.3532353341579437 822
1607610405571 0.3528425991535187 823
1607610405702 0.3529966473579407 824
1607610405828 0.35261934995651245 825
1607610405943 0.3523010313510895 826
1607610406075 0.35203519463539124 827
1607610406201 0.35174739360809326 828
1607610406324 0.3512844741344452 829
1607610406450 0.3516154885292053 830
1607610406572 0.3512873351573944 831
1607610406695 0.3511740267276764 832
1607610406823 0.3512183725833893 833
1607610406945 0.35121989250183105 834
1607610407068 0.35185617208480835 835
1607610407197 0.3516233265399933 836
1607610407320 0.35199472308158875 837
1607610407456 0.3519080877304077 838
1607610407584 0.3522256910800934 839
1607610407737 0.35209575295448303 840
1607610407889 0.3520963191986084 841
1607610408014 0.3520143926143646 842
1607610408140 0.3520728349685669 843
1607610408274 0.35198238492012024 844
1607610408428 0.35188737511634827 845
1607610408548 0.351764053106308 846
1607610408671 0.3515092730522156 847
1607610408802 0.3510877192020416 848
1607610408925 0.35133466124534607 849
1607610409054 0.35066118836402893 850
1607610409181 0.3507315516471863 851
1607610409309 0.35061946511268616 852
1607610409431 0.3509502410888672 853
1607610409564 0.35108935832977295 854
1607610409690 0.35134175419807434 855
1607610409815 0.35193878412246704 856
1607610409949 0.35237574577331543 857
1607610410074 0.35304659605026245 858
1607610410206 0.35313132405281067 859
1607610410330 0.35334086418151855 860
1607610410456 0.3528200387954712 861
1607610410578 0.352540522813797 862
1607610410712 0.3521142601966858 863
1607610410836 0.3519238531589508 864
1607610410962 0.3516784906387329 865
1607610411087 0.35182756185531616 866
1607610411208 0.351671427488327 867
1607610411340 0.3520129919052124 868
1607610411461 0.35184839367866516 869
1607610411587 0.35183870792388916 870
1607610411706 0.35199174284935 871
1607610411830 0.35140907764434814 872
1607610411954 0.35150009393692017 873
1607610412080 0.35092151165008545 874
1607610412200 0.3510335683822632 875
1607610412348 0.3502855896949768 876
1607610412496 0.35037150979042053 877
1607610412624 0.35021695494651794 878
1607610412773 0.3504057824611664 879
1607610412898 0.35037949681282043 880
1607610413058 0.35072457790374756 881
1607610413213 0.3514060974121094 882
1607610413381 0.3516969680786133 883
1607610413506 0.352178692817688 884
1607610413628 0.35216960310935974 885
1607610413750 0.3523530960083008 886
1607610413869 0.3527694046497345 887
1607610413990 0.3525265157222748 888
1607610414113 0.3519267737865448 889
1607610414238 0.35146763920783997 890
1607610414362 0.3514041304588318 891
1607610414485 0.3510056436061859 892
1607610414605 0.3508184552192688 893
1607610414731 0.3503178656101227 894
1607610414855 0.3505758047103882 895
1607610414975 0.350557804107666 896
1607610415105 0.35088711977005005 897
1607610415232 0.3514578938484192 898
1607610415357 0.3519083261489868 899
1607610415479 0.352507084608078 900
1607610415599 0.3524809777736664 901
1607610415722 0.35274961590766907 902
1607610415846 0.3527086079120636 903
1607610415963 0.3529245853424072 904
1607610416081 0.3523801267147064 905
1607610416201 0.3523651957511902 906
1607610416320 0.35168594121932983 907
1607610416445 0.3516654074192047 908
1607610416564 0.3510323464870453 909
1607610416688 0.35093533992767334 910
1607610416809 0.35053181648254395 911
1607610416947 0.35070592164993286 912
1607610417094 0.3510356545448303 913
1607610417240 0.35099855065345764 914
1607610417400 0.35125136375427246 915
1607610417543 0.35164839029312134 916
1607610417696 0.3518688380718231 917
1607610417824 0.3525073528289795 918
1607610417988 0.35188671946525574 919
1607610418140 0.3522849380970001 920
1607610418269 0.3521837592124939 921
1607610418395 0.35202884674072266 922
1607610418522 0.3513597548007965 923
1607610418645 0.35085737705230713 924
1607610418765 0.35072189569473267 925
1607610418887 0.35107848048210144 926
1607610419015 0.35109424591064453 927
1607610419133 0.3514309227466583 928
1607610419253 0.3513219654560089 929
1607610419374 0.3517214357852936 930
1607610419499 0.3521442413330078 931
1607610419619 0.35192903876304626 932
1607610419746 0.35121631622314453 933
1607610419866 0.3507099449634552 934
1607610419989 0.3502480983734131 935
1607610420113 0.34981340169906616 936
1607610420240 0.34890252351760864 937
1607610420366 0.348645955324173 938
1607610420491 0.3485535979270935 939
1607610420615 0.3489352762699127 940
1607610420740 0.34947970509529114 941
1607610420875 0.34982848167419434 942
1607610420992 0.351070374250412 943
1607610421123 0.351771742105484 944
1607610421250 0.3535211384296417 945
1607610421372 0.3539130687713623 946
1607610421494 0.35365909337997437 947
1607610421626 0.35299360752105713 948
1607610421756 0.3519785702228546 949
1607610421881 0.3515404462814331 950
1607610422003 0.350439190864563 951
1607610422149 0.34976163506507874 952
1607610422292 0.34908154606819153 953
1607610422421 0.34939107298851013 954
1607610422552 0.3492472767829895 955
1607610422712 0.34943899512290955 956
1607610422863 0.3495650589466095 957
1607610423011 0.3500756323337555 958
1607610423162 0.3505544066429138 959
1607610423303 0.3511470556259155 960
1607610423433 0.35171398520469666 961
1607610423561 0.35176536440849304 962
1607610423687 0.3513806462287903 963
1607610423816 0.3510408103466034 964
1607610423940 0.3505348861217499 965
1607610424058 0.34991827607154846 966
1607610424176 0.3491929769515991 967
1607610424301 0.34880733489990234 968
1607610424424 0.3487853407859802 969
1607610424551 0.3488931953907013 970
1607610424694 0.34955450892448425 971
1607610424847 0.3499404191970825 972
1607610424979 0.35094502568244934 973
1607610425109 0.35181498527526855 974
1607610425231 0.35263997316360474 975
1607610425370 0.35318881273269653 976
1607610425505 0.35271868109703064 977
1607610425632 0.3530274033546448 978
1607610425762 0.3517221510410309 979
1607610425900 0.35150545835494995 980
1607610426024 0.35028043389320374 981
1607610426162 0.35015231370925903 982
1607610426300 0.34962719678878784 983
1607610426428 0.34929656982421875 984
1607610426561 0.3493192791938782 985
1607610426705 0.34885838627815247 986
1607610426847 0.34930646419525146 987
1607610427004 0.3495081067085266 988
1607610427145 0.35006555914878845 989
1607610427273 0.35018742084503174 990
1607610427401 0.3509715497493744 991
1607610427530 0.35096275806427 992
1607610427659 0.3515605628490448 993
1607610427782 0.35111790895462036 994
1607610427916 0.35095304250717163 995
1607610428061 0.3502565026283264 996
1607610428193 0.3500575125217438 997
1607610428327 0.3497089147567749 998
1607610428456 0.3498651683330536 999
